[1] "labor_shortage"       "djn level estimation"
                   1             2             3             4             5             6
AIC(n) -2.788424e+01 -2.847904e+01 -2.847794e+01 -2.858375e+01 -2.963162e+01 -3.163989e+01
HQ(n)  -2.668457e+01 -2.692654e+01 -2.657259e+01 -2.632556e+01 -2.702059e+01 -2.867602e+01
SC(n)  -2.478199e+01 -2.446438e+01 -2.355085e+01 -2.274423e+01 -2.287968e+01 -2.397552e+01
FPE(n)  8.618060e-13  5.425188e-13  6.815170e-13  8.879527e-13  5.650786e-13  2.026202e-13
                   1             2             3             4             5             6
AIC(n) -2.788424e+01 -2.847904e+01 -2.847794e+01 -2.858375e+01 -2.963162e+01 -3.163989e+01
HQ(n)  -2.668457e+01 -2.692654e+01 -2.657259e+01 -2.632556e+01 -2.702059e+01 -2.867602e+01
SC(n)  -2.478199e+01 -2.446438e+01 -2.355085e+01 -2.274423e+01 -2.287968e+01 -2.397552e+01
FPE(n)  8.618060e-13  5.425188e-13  6.815170e-13  8.879527e-13  5.650786e-13  2.026202e-13
$irf_lin_mean
, , 1

             [,1]          [,2]         [,3]         [,4]         [,5]         [,6]          [,7]          [,8]
[1,]  0.005857514  0.0007277931 -0.001370892 -0.001000144 0.0005049642 -0.000400367 -0.0008992656 -0.0008775828
[2,] -0.027758115  0.0086047239  0.062500847  0.069145351 0.0325915877  0.065017534  0.0375001989 -0.0090263315
[3,] -0.018394733 -0.0041819433  0.051148989  0.039689676 0.0221619894  0.029173710  0.0231221030 -0.0285921916
[4,]  0.004436941  0.0027751824 -0.003696039 -0.005708761 0.0002875255  0.007481658  0.0029473665 -0.0026395669
[5,]  0.028542302 -0.0023787317 -0.040802132 -0.002075947 0.0130839688 -0.001879484  0.0115639508 -0.0189393032
              [,9]        [,10]         [,11]        [,12]        [,13]
[1,] -0.0005331006  0.001498289  0.0009138901 -0.001001364 -0.001582263
[2,] -0.0153996918 -0.020947649 -0.0190484460 -0.005378175  0.035084893
[3,] -0.0303614632 -0.029699997 -0.0098928371  0.010980417  0.024436932
[4,] -0.0011414536  0.003469060  0.0014800137 -0.004724785 -0.002189424
[5,]  0.0032406773  0.028827399  0.0011120612 -0.021979891 -0.027496907

, , 2

            [,1]         [,2]          [,3]          [,4]          [,5]          [,6]          [,7]          [,8]
[1,]  0.00000000 0.0001035187  0.0002034714 -1.370542e-03 -0.0008471767 -0.0009638418 -0.0003450435 -0.0004774465
[2,]  0.17667846 0.1331535223  0.0839695958  6.793668e-02  0.0711669088  0.0259142491 -0.0391343539 -0.0419038200
[3,]  0.06863270 0.0402248562  0.0002387399 -1.070365e-02 -0.0034178021 -0.0385613507 -0.0394140695 -0.0485873647
[4,]  0.01031876 0.0012298942 -0.0022950926  2.831178e-05 -0.0032909869 -0.0040882963 -0.0063346178 -0.0039442249
[5,] -0.01414312 0.0096286609 -0.0018590582 -1.124675e-02 -0.0051099299 -0.0004836082 -0.0040710305 -0.0100097729
              [,9]         [,10]         [,11]         [,12]        [,13]
[1,] -0.0010314664 -0.0007577785 -0.0003772583  0.0005768877 -0.001677369
[2,] -0.0825810791 -0.0942726238 -0.0930961115 -0.0835798443 -0.082972238
[3,] -0.0578512763 -0.0658326133 -0.0475171075 -0.0086815499 -0.018987748
[4,] -0.0064543166 -0.0100982855 -0.0049330373 -0.0044824288 -0.009451624
[5,]  0.0001518741 -0.0076468562  0.0028264003  0.0023658629 -0.022755110

, , 3

             [,1]         [,2]          [,3]         [,4]         [,5]          [,6]         [,7]        [,8]          [,9]
[1,]  0.000000000 0.0006284701 -0.0001386549 2.298862e-03  0.001098751  0.0014455749 5.229844e-05 0.001415314  0.0008984875
[2,]  0.000000000 0.0551955674  0.0196937485 4.616844e-02  0.036156916  0.0757322251 1.562932e-01 0.082254026  0.0941602652
[3,]  0.140734195 0.0828122857  0.0447420695 3.491675e-03 -0.011424530  0.0304375513 6.137581e-02 0.077230755  0.0328960398
[4,] -0.002421033 0.0065518297  0.0030672948 4.262451e-03  0.009735719  0.0070591270 1.449448e-02 0.010940449  0.0101900276
[5,] -0.002155867 0.0006022532 -0.0041090501 8.548411e-05  0.011682722 -0.0006031947 3.003749e-02 0.038581592 -0.0004286133
             [,10]         [,11]         [,12]         [,13]
[1,] -0.0008956917 -6.306372e-05 -0.0004936258 -0.0001457336
[2,]  0.0782590242  8.607502e-02  0.0084108181 -0.0208814048
[3,]  0.0076662853 -6.237793e-02 -0.1146837696 -0.0742735483
[4,]  0.0062518549 -2.959050e-03 -0.0086869104 -0.0091015408
[5,] -0.0101363160 -3.013566e-02 -0.0085284706 -0.0130445973

, , 4

           [,1]         [,2]          [,3]          [,4]         [,5]          [,6]          [,7]         [,8]          [,9]
[1,] 0.00000000  0.001420748  0.0011327935 -0.0001772218 -0.001004994 -0.0005619125  0.0007776054 0.0006662710 -7.290554e-05
[2,] 0.00000000 -0.020738874 -0.0036223864 -0.0309215845  0.011848287  0.0026593353 -0.0079566515 0.0003176752 -2.565218e-02
[3,] 0.00000000  0.008917447 -0.0230832342 -0.0315991977 -0.007797143  0.0047253706  0.0265003911 0.0108807879 -6.708333e-03
[4,] 0.02612627  0.008254763 -0.0005923339  0.0004651771 -0.002108219 -0.0012122202  0.0012426340 0.0092020091  4.170076e-03
[5,] 0.05367416  0.016249265 -0.0037924684  0.0095654493 -0.009605569 -0.0093741352 -0.0052147589 0.0175052175  3.505338e-03
            [,10]        [,11]       [,12]        [,13]
[1,]  0.001074124  0.002008237 0.002123915 -0.001084906
[2,] -0.009688590  0.009416433 0.079185132  0.090803842
[3,] -0.031980280 -0.008160347 0.031442836  0.070793988
[4,]  0.001579178  0.006053606 0.004746615 -0.006644624
[5,] -0.003987541  0.023056773 0.013734937 -0.022712300

, , 5

           [,1]          [,2]         [,3]          [,4]         [,5]         [,6]          [,7]          [,8]          [,9]
[1,] 0.00000000 -0.0001320046 -0.001522383  0.0009330467 -0.000466363  0.001520409  0.0002160833  0.0007525765  0.0006686861
[2,] 0.00000000 -0.0587814843  0.014936836 -0.0041422435 -0.069658162 -0.093524320 -0.0123883288 -0.0389928395 -0.0118665684
[3,] 0.00000000 -0.0082367951  0.030372765 -0.0071134925 -0.072442307 -0.030984295 -0.0057922057  0.0101622068  0.0168544480
[4,] 0.00000000  0.0027720731  0.002674366 -0.0022944257 -0.002973724 -0.001851413  0.0096815562  0.0032473070 -0.0008094709
[5,] 0.09634597 -0.0179232370 -0.017262973  0.0136409459 -0.005533661  0.009464493  0.0050395358  0.0088442142  0.0103697438
             [,10]         [,11]         [,12]         [,13]
[1,]  0.0005383118  0.0006375682 -0.0005973165  0.0007951189
[2,] -0.0132388714  0.0134284998  0.0135437231  0.0104881867
[3,]  0.0084062861  0.0137191463 -0.0136064452  0.0254798558
[4,]  0.0056971875  0.0018608142  0.0027633708 -0.0036037319
[5,] -0.0027884611 -0.0080739681  0.0084291301 -0.0197403453


$irf_lin_low
, , 1

             [,1]          [,2]         [,3]          [,4]          [,5]          [,6]         [,7]         [,8]
[1,]  0.005857514 -0.0008007012 -0.002888774 -0.0027370781 -0.0005190228 -0.0022914060 -0.002209386 -0.002126254
[2,] -0.027758115 -0.0235366109  0.011319244  0.0088692482 -0.0171756738 -0.0007652537 -0.024700892 -0.061819090
[3,] -0.018394733 -0.0293663144  0.016979165 -0.0004548302 -0.0261011506 -0.0077702140 -0.009956348 -0.064798234
[4,]  0.004436941 -0.0061724627 -0.013294687 -0.0121973362 -0.0049933828  0.0003317602 -0.002719725 -0.008539150
[5,]  0.028542302 -0.0275257471 -0.082325818 -0.0190393869 -0.0031882369 -0.0157920563 -0.009166132 -0.049071996
             [,9]         [,10]         [,11]        [,12]        [,13]
[1,] -0.001555962 -0.0002646972 -0.0006362817 -0.001900701 -0.002826111
[2,] -0.083226274 -0.0690590784 -0.0721339058 -0.048702631 -0.010573575
[3,] -0.062197078 -0.0532680505 -0.0336350255 -0.026171215 -0.010289462
[4,] -0.007520431 -0.0049176511 -0.0028264202 -0.010493642 -0.011235395
[5,] -0.003387318 -0.0042520613 -0.0123832575 -0.050115574 -0.056366041

, , 2

            [,1]         [,2]         [,3]        [,4]         [,5]         [,6]         [,7]         [,8]        [,9]
[1,]  0.00000000 -0.001687519 -0.001590599 -0.00297360 -0.002799046 -0.002897861 -0.002406161 -0.002791678 -0.00328030
[2,]  0.17667846  0.075011450 -0.018837678 -0.04737603 -0.031587079 -0.061514600 -0.116732814 -0.145265131 -0.18838749
[3,]  0.06863270 -0.027077545 -0.076146379 -0.08715919 -0.068268318 -0.099461769 -0.096984700 -0.115494445 -0.11452657
[4,]  0.01031876 -0.006973883 -0.015052452 -0.01337680 -0.011997959 -0.012485928 -0.016346193 -0.017305042 -0.01690513
[5,] -0.01414312 -0.017210978 -0.026573928 -0.03391813 -0.022001091 -0.031690870 -0.033185241 -0.074406526 -0.02027572
            [,10]        [,11]        [,12]        [,13]
[1,] -0.002354653 -0.002195517 -0.002332195 -0.003933733
[2,] -0.161046642 -0.154328448 -0.182588990 -0.169816942
[3,] -0.135308181 -0.125398574 -0.071348552 -0.084871622
[4,] -0.020733371 -0.016728690 -0.017832031 -0.024256725
[5,] -0.033217395 -0.040854208 -0.042543937 -0.054195295

, , 3

             [,1]          [,2]          [,3]         [,4]          [,5]          [,6]         [,7]          [,8]
[1,]  0.000000000 -0.0001828567 -0.0008935094  0.001598627  0.0002436083  0.0005783568 -0.001544271 -0.0007053932
[2,]  0.000000000  0.0325948248 -0.0447349494 -0.012825672 -0.0134843414  0.0365893248  0.099435112  0.0054863298
[3,]  0.140734195  0.0500075880  0.0057041909 -0.034105468 -0.0274634649  0.0096464030  0.029719560  0.0413409082
[4,] -0.002421033  0.0024460515 -0.0046295567 -0.003315036  0.0060248578  0.0015057792  0.005477658  0.0004160242
[5,] -0.002155867 -0.0061829366 -0.0201807248 -0.012610918  0.0022194431 -0.0108836338  0.001523697 -0.0048063110
             [,9]        [,10]         [,11]        [,12]         [,13]
[1,] -0.001006210 -0.001634778 -0.0008208583 -0.001370941 -0.0009178192
[2,]  0.033525321  0.044947543  0.0580241978 -0.042204008 -0.0759660808
[3,]  0.002706279 -0.024633212 -0.1070983516 -0.152086881 -0.1238318638
[4,]  0.002804917  0.001557884 -0.0099526405 -0.014143327 -0.0127601805
[5,] -0.013112282 -0.023628092 -0.0539938429 -0.024460884 -0.0216928639

, , 4

           [,1]          [,2]          [,3]         [,4]         [,5]         [,6]          [,7]          [,8]         [,9]
[1,] 0.00000000 -0.0006318358 -0.0006447601 -0.001859202 -0.002872112 -0.002195284 -0.0006214884 -0.0006604434 -0.001805137
[2,] 0.00000000 -0.0630494004 -0.0686015857 -0.118407420 -0.059962064 -0.081557121 -0.0977619196 -0.0912828136 -0.128701396
[3,] 0.00000000 -0.0397856047 -0.0730290833 -0.086952600 -0.059066486 -0.044448658 -0.0168422950 -0.0321586443 -0.038075817
[4,] 0.02612627 -0.0016212219 -0.0119444770 -0.010321570 -0.008575606 -0.008700242 -0.0075439282 -0.0003869602 -0.004228002
[5,] 0.05367416 -0.0313088619 -0.0260845084 -0.010609126 -0.024650892 -0.029100502 -0.0301661001 -0.0145392281 -0.012533709
             [,10]         [,11]         [,12]        [,13]
[1,] -0.0009277432  4.045256e-06  0.0003744415 -0.002931787
[2,] -0.0690601741 -4.912782e-02  0.0120033740 -0.005228089
[3,] -0.0851171064 -6.353182e-02 -0.0095017186 -0.003926821
[4,] -0.0124940617 -1.682777e-03 -0.0038211949 -0.026265728
[5,] -0.0349149084 -2.116861e-02 -0.0213822375 -0.065742302

, , 5

           [,1]         [,2]         [,3]          [,4]         [,5]          [,6]          [,7]          [,8]          [,9]
[1,] 0.00000000 -0.001507280 -0.002400249 -5.849731e-05 -0.001291981  0.0007559335 -0.0006116775 -0.0003629929 -3.001068e-04
[2,] 0.00000000 -0.081845156 -0.024875820 -4.631309e-02 -0.112525189 -0.1416302147 -0.0687493026 -0.0789772029 -4.827025e-02
[3,] 0.00000000 -0.030439348  0.003267282 -4.163680e-02 -0.100549504 -0.0574364005 -0.0307506655 -0.0040001519  1.808633e-03
[4,] 0.00000000 -0.003697455 -0.005465135 -7.744860e-03 -0.006143027 -0.0065317307  0.0047826033 -0.0018730155 -5.930469e-03
[5,] 0.09634597 -0.051343818 -0.031223538  4.831184e-03 -0.011909908  0.0021746906 -0.0098631592 -0.0027523790 -6.872747e-05
             [,10]         [,11]         [,12]         [,13]
[1,] -0.0002614635 -0.0002895637 -0.0012675401 -0.0002399845
[2,] -0.0502541755 -0.0214526358 -0.0170354782 -0.0425132733
[3,] -0.0069939031 -0.0116487057 -0.0452714110 -0.0087697412
[4,]  0.0002917205 -0.0018046838 -0.0008147028 -0.0145097051
[5,] -0.0160539213 -0.0239232515 -0.0097718390 -0.0514705166


$irf_lin_up
, , 1

             [,1]        [,2]         [,3]         [,4]        [,5]        [,6]         [,7]         [,8]         [,9]
[1,]  0.005857514 0.002256287 0.0001469888 0.0007367901 0.001528951 0.001490672 0.0004108552 0.0003710884 0.0004897608
[2,] -0.027758115 0.040746059 0.1136824497 0.1294214544 0.082358849 0.130800321 0.0997012894 0.0437664273 0.0524268909
[3,] -0.018394733 0.021002428 0.0853188124 0.0798341815 0.070425129 0.066117634 0.0562005535 0.0076138506 0.0014741512
[4,]  0.004436941 0.011722827 0.0059026080 0.0007798150 0.005568434 0.014631556 0.0086144579 0.0032600162 0.0052375236
[5,]  0.028542302 0.022768284 0.0007215552 0.0148874921 0.029356175 0.012033088 0.0322940336 0.0111933894 0.0098686726
            [,10]       [,11]         [,12]         [,13]
[1,]  0.003261275 0.002464062 -0.0001020275 -0.0003384155
[2,]  0.027163780 0.034037014  0.0379462810  0.0807433609
[3,] -0.006131944 0.013849351  0.0481320499  0.0591633258
[4,]  0.011855770 0.005786448  0.0010440714  0.0068565473
[5,]  0.061906859 0.014607380  0.0061557921  0.0013722279

, , 2

            [,1]        [,2]        [,3]         [,4]        [,5]         [,6]        [,7]        [,8]         [,9]
[1,]  0.00000000 0.001894556 0.001997542 0.0002325156 0.001104693 0.0009701772 0.001716074 0.001836784  0.001217368
[2,]  0.17667846 0.191295595 0.186776869 0.1832493827 0.173920896 0.1133430987 0.038464106 0.061457491  0.023225328
[3,]  0.06863270 0.107527257 0.076623859 0.0657518901 0.061432714 0.0223390680 0.018156561 0.018319715 -0.001175986
[4,]  0.01031876 0.009433672 0.010462267 0.0134334259 0.005415985 0.0043093350 0.003676957 0.009416593  0.003996493
[5,] -0.01414312 0.036468300 0.022855811 0.0114246228 0.011781231 0.0307236537 0.025043180 0.054386981  0.020579470
             [,10]        [,11]       [,12]        [,13]
[1,]  0.0008390965  0.001441001 0.003485970 0.0005789944
[2,] -0.0274986059 -0.031863775 0.015429301 0.0038724650
[3,]  0.0036429541  0.030364359 0.053985452 0.0468961266
[4,]  0.0005367997  0.006862615 0.008867173 0.0053534778
[5,]  0.0179236822  0.046507009 0.047275663 0.0086850755

, , 3

             [,1]        [,2]         [,3]        [,4]        [,5]        [,6]        [,7]        [,8]        [,9]
[1,]  0.000000000 0.001439797 0.0006161995 0.002999098 0.001953894 0.002312793 0.001648867 0.003536022 0.002803185
[2,]  0.000000000 0.077796310 0.0841224464 0.105162545 0.085798174 0.114875125 0.213151201 0.159021723 0.154795210
[3,]  0.140734195 0.115616983 0.0837799480 0.041088819 0.004614404 0.051228700 0.093032060 0.113120603 0.063085801
[4,] -0.002421033 0.010657608 0.0107641463 0.011839938 0.013446580 0.012612475 0.023511306 0.021464873 0.017575139
[5,] -0.002155867 0.007387443 0.0119626247 0.012781886 0.021146000 0.009677244 0.058551275 0.081969494 0.012255056
             [,10]         [,11]         [,12]         [,13]
[1,] -0.0001566054  0.0006947309  0.0003836898  0.0006263521
[2,]  0.1115705055  0.1141258457  0.0590256446  0.0342032711
[3,]  0.0399657828 -0.0176574985 -0.0772806585 -0.0247152329
[4,]  0.0109458255  0.0040345411 -0.0032304934 -0.0054429012
[5,]  0.0033554597 -0.0062774691  0.0074039424 -0.0043963308

, , 4

           [,1]        [,2]        [,3]        [,4]         [,5]        [,6]        [,7]        [,8]        [,9]       [,10]
[1,] 0.00000000 0.003473332 0.002910347 0.001504758 0.0008621237 0.001071459 0.002176699 0.001992985 0.001659326 0.003075991
[2,] 0.00000000 0.021571653 0.061356813 0.056564251 0.0836586377 0.086875792 0.081848617 0.091918164 0.077397035 0.049682994
[3,] 0.00000000 0.057620499 0.026862615 0.023754205 0.0434721998 0.053899399 0.069843077 0.053920220 0.024659151 0.021156546
[4,] 0.02612627 0.018130748 0.010759809 0.011251924 0.0043591677 0.006275802 0.010029196 0.018790978 0.012568155 0.015652417
[5,] 0.05367416 0.063807392 0.018499572 0.029740025 0.0054397538 0.010352232 0.019736582 0.049549663 0.019544385 0.026939826
          [,11]       [,12]        [,13]
[1,] 0.00401243 0.003873389 0.0007619759
[2,] 0.06796069 0.146366889 0.1868357724
[3,] 0.04721113 0.072387390 0.1455147968
[4,] 0.01378999 0.013314425 0.0129764794
[5,] 0.06728216 0.048852111 0.0203177031

, , 5

           [,1]         [,2]         [,3]        [,4]          [,5]         [,6]        [,7]         [,8]        [,9]
[1,] 0.00000000  0.001243270 -0.000644518 0.001924591  0.0003592552  0.002284885 0.001043844 0.0018681458 0.001637479
[2,] 0.00000000 -0.035717813  0.054749493 0.038028598 -0.0267911345 -0.045418425 0.043972645 0.0009915239 0.024537111
[3,] 0.00000000  0.013965758  0.057478247 0.027409810 -0.0443351097 -0.004532190 0.019166254 0.0243245655 0.031900263
[4,] 0.00000000  0.009241601  0.010813867 0.003156009  0.0001955804  0.002828905 0.014580509 0.0083676295 0.004311527
[5,] 0.09634597  0.015497344 -0.003302408 0.022450708  0.0008425864  0.016754295 0.019942231 0.0204408073 0.020808215
           [,10]       [,11]        [,12]       [,13]
[1,] 0.001338087 0.001564700 7.290718e-05 0.001830222
[2,] 0.023776433 0.048309635 4.412292e-02 0.063489647
[3,] 0.023806475 0.039086998 1.805852e-02 0.059729453
[4,] 0.011102655 0.005526312 6.341444e-03 0.007302241
[5,] 0.010476999 0.007775315 2.663010e-02 0.011989826


$diagnostic_list
$diagnostic_list$`Shock: labor_shortage`
$diagnostic_list$`Shock: labor_shortage`[[1]]
                               R-sqrd. Adj. R-sqrd.   F-stat      p-value
h1:labor_shortage            0.3109849  0.054607218 1.212995 2.973713e-01
h1:inflation_expectations_1y 0.6307389  0.493339363 4.590547 3.268938e-05
h1:inflation_expectations_3y 0.4040262  0.182268498 1.821926 5.972457e-02
h1:inflation                 0.3720177  0.138349830 1.592079 1.127230e-01
h1:economic_activity         0.2751168  0.005392784 1.019994 4.558276e-01

$diagnostic_list$`Shock: labor_shortage`[[2]]
                               R-sqrd. Adj. R-sqrd.    F-stat    p-value
h2:labor_shortage            0.3771660  0.139895900 1.5896061 0.11459759
h2:inflation_expectations_1y 0.4116577  0.187527273 1.8366882 0.05818832
h2:inflation_expectations_3y 0.2696870 -0.008527466 0.9693493 0.50463081
h2:inflation                 0.1659570 -0.151773683 0.5223197 0.92010249
h2:economic_activity         0.3935409  0.162508873 1.7034041 0.08413239

$diagnostic_list$`Shock: labor_shortage`[[3]]
                               R-sqrd. Adj. R-sqrd.    F-stat   p-value
h3:labor_shortage            0.3628008   0.11413763 1.4590051 0.1631071
h3:inflation_expectations_1y 0.3746506   0.13061178 1.5352091 0.1337110
h3:inflation_expectations_3y 0.1191473  -0.22460007 0.3466130 0.9875217
h3:inflation                 0.1337746  -0.20426459 0.3957369 0.9760512
h3:economic_activity         0.2691518  -0.01605721 0.9437002 0.5302054

$diagnostic_list$`Shock: labor_shortage`[[4]]
                               R-sqrd. Adj. R-sqrd.    F-stat   p-value
h4:labor_shortage            0.2719939  -0.01920849 0.9340373 0.5400791
h4:inflation_expectations_1y 0.3138323   0.03936518 1.1434240 0.3518521
h4:inflation_expectations_3y 0.2369380  -0.06828686 0.7762736 0.7013083
h4:inflation                 0.1979329  -0.12289390 0.6169463 0.8511334
h4:economic_activity         0.2948772   0.01282814 1.0454819 0.4341873

$diagnostic_list$`Shock: labor_shortage`[[5]]
                               R-sqrd. Adj. R-sqrd.    F-stat   p-value
h5:labor_shortage            0.2088072 -0.115784700 0.6432915 0.8283200
h5:inflation_expectations_1y 0.3967176  0.149217097 1.6028962 0.1142068
h5:inflation_expectations_3y 0.2851859 -0.008071215 0.9724773 0.5027206
h5:inflation                 0.2285956 -0.087878038 0.7223211 0.7549150
h5:economic_activity         0.2640769 -0.037840239 0.8746668 0.6002246

$diagnostic_list$`Shock: labor_shortage`[[6]]
                               R-sqrd.  Adj. R-sqrd.    F-stat    p-value
h6:labor_shortage            0.2343441 -0.0880372770 0.7269158 0.75003456
h6:inflation_expectations_1y 0.4128679  0.1656544497 1.6700866 0.09689883
h6:inflation_expectations_3y 0.3306185  0.0487736620 1.1730515 0.33127138
h6:inflation                 0.2967042  0.0005796843 1.0019576 0.47521471
h6:economic_activity         0.2484078 -0.0680520759 0.7849583 0.69197944

$diagnostic_list$`Shock: labor_shortage`[[7]]
                               R-sqrd. Adj. R-sqrd.    F-stat    p-value
h7:labor_shortage            0.3162178   0.02052818 1.0694247 0.41530522
h7:inflation_expectations_1y 0.3571890   0.07921664 1.2849803 0.25722207
h7:inflation_expectations_3y 0.4817129   0.25758876 2.1493128 0.02746291
h7:inflation                 0.2434698  -0.08367842 0.7442186 0.73260655
h7:economic_activity         0.2091075  -0.13290010 0.6114118 0.85414620

$diagnostic_list$`Shock: labor_shortage`[[8]]
                               R-sqrd. Adj. R-sqrd.    F-stat    p-value
h8:labor_shortage            0.2975690  -0.01462258 0.9531615 0.52256138
h8:inflation_expectations_1y 0.4887552   0.26153529 2.1510227 0.02813204
h8:inflation_expectations_3y 0.3308629   0.03346865 1.1125397 0.38023826
h8:inflation                 0.2364322  -0.10293120 0.6966933 0.77823865
h8:economic_activity         0.2540774  -0.07744375 0.7663988 0.71014891

$diagnostic_list$`Shock: labor_shortage`[[9]]
                               R-sqrd. Adj. R-sqrd.   F-stat    p-value
h9:labor_shortage            0.3487468    0.0510310 1.171408 0.33592584
h9:inflation_expectations_1y 0.4648605    0.2202253 1.900219 0.05581207
h9:inflation_expectations_3y 0.3896063    0.1105692 1.396253 0.19991054
h9:inflation                 0.2104823   -0.1504400 0.583179 0.87515864
h9:economic_activity         0.3230262    0.0135525 1.043792 0.43921390

$diagnostic_list$`Shock: labor_shortage`[[10]]
                                R-sqrd. Adj. R-sqrd.    F-stat    p-value
h10:labor_shortage            0.3686523  0.071547438 1.2408155 0.28918671
h10:inflation_expectations_1y 0.5130867  0.283951095 2.2392271 0.02379957
h10:inflation_expectations_3y 0.2780598 -0.061676753 0.8184571 0.65717310
h10:inflation                 0.1937242 -0.185699733 0.5105745 0.92350907
h10:economic_activity         0.3147163 -0.007770079 0.9759057 0.50176864

$diagnostic_list$`Shock: labor_shortage`[[11]]
                                R-sqrd. Adj. R-sqrd.    F-stat    p-value
h11:labor_shortage            0.3452804   0.02784061 1.0877036 0.40358155
h11:inflation_expectations_1y 0.4817485   0.23047497 1.9172276 0.05592872
h11:inflation_expectations_3y 0.3576663   0.04623173 1.1484477 0.35554418
h11:inflation                 0.2437683  -0.12288951 0.6648387 0.80596553
h11:economic_activity         0.3102155  -0.02422546 0.9275643 0.54845691

$diagnostic_list$`Shock: labor_shortage`[[12]]
                                R-sqrd. Adj. R-sqrd.    F-stat     p-value
h12:labor_shortage            0.4071998   0.11079969 1.3738180 0.216107557
h12:inflation_expectations_1y 0.5876041   0.38140615 2.8497087 0.005689985
h12:inflation_expectations_3y 0.3319614  -0.00205796 0.9938388 0.486316837
h12:inflation                 0.3074928  -0.03876086 0.8880564 0.587424737
h12:economic_activity         0.4340450   0.15106754 1.5338500 0.147855121


$diagnostic_list$`Shock: inflation_expectations_1y`
$diagnostic_list$`Shock: inflation_expectations_1y`[[1]]
                               R-sqrd. Adj. R-sqrd.   F-stat      p-value
h1:labor_shortage            0.3109849  0.054607218 1.212995 2.973713e-01
h1:inflation_expectations_1y 0.6307389  0.493339363 4.590547 3.268938e-05
h1:inflation_expectations_3y 0.4040262  0.182268498 1.821926 5.972457e-02
h1:inflation                 0.3720177  0.138349830 1.592079 1.127230e-01
h1:economic_activity         0.2751168  0.005392784 1.019994 4.558276e-01

$diagnostic_list$`Shock: inflation_expectations_1y`[[2]]
                               R-sqrd. Adj. R-sqrd.    F-stat    p-value
h2:labor_shortage            0.3771660  0.139895900 1.5896061 0.11459759
h2:inflation_expectations_1y 0.4116577  0.187527273 1.8366882 0.05818832
h2:inflation_expectations_3y 0.2696870 -0.008527466 0.9693493 0.50463081
h2:inflation                 0.1659570 -0.151773683 0.5223197 0.92010249
h2:economic_activity         0.3935409  0.162508873 1.7034041 0.08413239

$diagnostic_list$`Shock: inflation_expectations_1y`[[3]]
                               R-sqrd. Adj. R-sqrd.    F-stat   p-value
h3:labor_shortage            0.3628008   0.11413763 1.4590051 0.1631071
h3:inflation_expectations_1y 0.3746506   0.13061178 1.5352091 0.1337110
h3:inflation_expectations_3y 0.1191473  -0.22460007 0.3466130 0.9875217
h3:inflation                 0.1337746  -0.20426459 0.3957369 0.9760512
h3:economic_activity         0.2691518  -0.01605721 0.9437002 0.5302054

$diagnostic_list$`Shock: inflation_expectations_1y`[[4]]
                               R-sqrd. Adj. R-sqrd.    F-stat   p-value
h4:labor_shortage            0.2719939  -0.01920849 0.9340373 0.5400791
h4:inflation_expectations_1y 0.3138323   0.03936518 1.1434240 0.3518521
h4:inflation_expectations_3y 0.2369380  -0.06828686 0.7762736 0.7013083
h4:inflation                 0.1979329  -0.12289390 0.6169463 0.8511334
h4:economic_activity         0.2948772   0.01282814 1.0454819 0.4341873

$diagnostic_list$`Shock: inflation_expectations_1y`[[5]]
                               R-sqrd. Adj. R-sqrd.    F-stat   p-value
h5:labor_shortage            0.2088072 -0.115784700 0.6432915 0.8283200
h5:inflation_expectations_1y 0.3967176  0.149217097 1.6028962 0.1142068
h5:inflation_expectations_3y 0.2851859 -0.008071215 0.9724773 0.5027206
h5:inflation                 0.2285956 -0.087878038 0.7223211 0.7549150
h5:economic_activity         0.2640769 -0.037840239 0.8746668 0.6002246

$diagnostic_list$`Shock: inflation_expectations_1y`[[6]]
                               R-sqrd.  Adj. R-sqrd.    F-stat    p-value
h6:labor_shortage            0.2343441 -0.0880372770 0.7269158 0.75003456
h6:inflation_expectations_1y 0.4128679  0.1656544497 1.6700866 0.09689883
h6:inflation_expectations_3y 0.3306185  0.0487736620 1.1730515 0.33127138
h6:inflation                 0.2967042  0.0005796843 1.0019576 0.47521471
h6:economic_activity         0.2484078 -0.0680520759 0.7849583 0.69197944

$diagnostic_list$`Shock: inflation_expectations_1y`[[7]]
                               R-sqrd. Adj. R-sqrd.    F-stat    p-value
h7:labor_shortage            0.3162178   0.02052818 1.0694247 0.41530522
h7:inflation_expectations_1y 0.3571890   0.07921664 1.2849803 0.25722207
h7:inflation_expectations_3y 0.4817129   0.25758876 2.1493128 0.02746291
h7:inflation                 0.2434698  -0.08367842 0.7442186 0.73260655
h7:economic_activity         0.2091075  -0.13290010 0.6114118 0.85414620

$diagnostic_list$`Shock: inflation_expectations_1y`[[8]]
                               R-sqrd. Adj. R-sqrd.    F-stat    p-value
h8:labor_shortage            0.2975690  -0.01462258 0.9531615 0.52256138
h8:inflation_expectations_1y 0.4887552   0.26153529 2.1510227 0.02813204
h8:inflation_expectations_3y 0.3308629   0.03346865 1.1125397 0.38023826
h8:inflation                 0.2364322  -0.10293120 0.6966933 0.77823865
h8:economic_activity         0.2540774  -0.07744375 0.7663988 0.71014891

$diagnostic_list$`Shock: inflation_expectations_1y`[[9]]
                               R-sqrd. Adj. R-sqrd.   F-stat    p-value
h9:labor_shortage            0.3487468    0.0510310 1.171408 0.33592584
h9:inflation_expectations_1y 0.4648605    0.2202253 1.900219 0.05581207
h9:inflation_expectations_3y 0.3896063    0.1105692 1.396253 0.19991054
h9:inflation                 0.2104823   -0.1504400 0.583179 0.87515864
h9:economic_activity         0.3230262    0.0135525 1.043792 0.43921390

$diagnostic_list$`Shock: inflation_expectations_1y`[[10]]
                                R-sqrd. Adj. R-sqrd.    F-stat    p-value
h10:labor_shortage            0.3686523  0.071547438 1.2408155 0.28918671
h10:inflation_expectations_1y 0.5130867  0.283951095 2.2392271 0.02379957
h10:inflation_expectations_3y 0.2780598 -0.061676753 0.8184571 0.65717310
h10:inflation                 0.1937242 -0.185699733 0.5105745 0.92350907
h10:economic_activity         0.3147163 -0.007770079 0.9759057 0.50176864

$diagnostic_list$`Shock: inflation_expectations_1y`[[11]]
                                R-sqrd. Adj. R-sqrd.    F-stat    p-value
h11:labor_shortage            0.3452804   0.02784061 1.0877036 0.40358155
h11:inflation_expectations_1y 0.4817485   0.23047497 1.9172276 0.05592872
h11:inflation_expectations_3y 0.3576663   0.04623173 1.1484477 0.35554418
h11:inflation                 0.2437683  -0.12288951 0.6648387 0.80596553
h11:economic_activity         0.3102155  -0.02422546 0.9275643 0.54845691

$diagnostic_list$`Shock: inflation_expectations_1y`[[12]]
                                R-sqrd. Adj. R-sqrd.    F-stat     p-value
h12:labor_shortage            0.4071998   0.11079969 1.3738180 0.216107557
h12:inflation_expectations_1y 0.5876041   0.38140615 2.8497087 0.005689985
h12:inflation_expectations_3y 0.3319614  -0.00205796 0.9938388 0.486316837
h12:inflation                 0.3074928  -0.03876086 0.8880564 0.587424737
h12:economic_activity         0.4340450   0.15106754 1.5338500 0.147855121


$diagnostic_list$`Shock: inflation_expectations_3y`
$diagnostic_list$`Shock: inflation_expectations_3y`[[1]]
                               R-sqrd. Adj. R-sqrd.   F-stat      p-value
h1:labor_shortage            0.3109849  0.054607218 1.212995 2.973713e-01
h1:inflation_expectations_1y 0.6307389  0.493339363 4.590547 3.268938e-05
h1:inflation_expectations_3y 0.4040262  0.182268498 1.821926 5.972457e-02
h1:inflation                 0.3720177  0.138349830 1.592079 1.127230e-01
h1:economic_activity         0.2751168  0.005392784 1.019994 4.558276e-01

$diagnostic_list$`Shock: inflation_expectations_3y`[[2]]
                               R-sqrd. Adj. R-sqrd.    F-stat    p-value
h2:labor_shortage            0.3771660  0.139895900 1.5896061 0.11459759
h2:inflation_expectations_1y 0.4116577  0.187527273 1.8366882 0.05818832
h2:inflation_expectations_3y 0.2696870 -0.008527466 0.9693493 0.50463081
h2:inflation                 0.1659570 -0.151773683 0.5223197 0.92010249
h2:economic_activity         0.3935409  0.162508873 1.7034041 0.08413239

$diagnostic_list$`Shock: inflation_expectations_3y`[[3]]
                               R-sqrd. Adj. R-sqrd.    F-stat   p-value
h3:labor_shortage            0.3628008   0.11413763 1.4590051 0.1631071
h3:inflation_expectations_1y 0.3746506   0.13061178 1.5352091 0.1337110
h3:inflation_expectations_3y 0.1191473  -0.22460007 0.3466130 0.9875217
h3:inflation                 0.1337746  -0.20426459 0.3957369 0.9760512
h3:economic_activity         0.2691518  -0.01605721 0.9437002 0.5302054

$diagnostic_list$`Shock: inflation_expectations_3y`[[4]]
                               R-sqrd. Adj. R-sqrd.    F-stat   p-value
h4:labor_shortage            0.2719939  -0.01920849 0.9340373 0.5400791
h4:inflation_expectations_1y 0.3138323   0.03936518 1.1434240 0.3518521
h4:inflation_expectations_3y 0.2369380  -0.06828686 0.7762736 0.7013083
h4:inflation                 0.1979329  -0.12289390 0.6169463 0.8511334
h4:economic_activity         0.2948772   0.01282814 1.0454819 0.4341873

$diagnostic_list$`Shock: inflation_expectations_3y`[[5]]
                               R-sqrd. Adj. R-sqrd.    F-stat   p-value
h5:labor_shortage            0.2088072 -0.115784700 0.6432915 0.8283200
h5:inflation_expectations_1y 0.3967176  0.149217097 1.6028962 0.1142068
h5:inflation_expectations_3y 0.2851859 -0.008071215 0.9724773 0.5027206
h5:inflation                 0.2285956 -0.087878038 0.7223211 0.7549150
h5:economic_activity         0.2640769 -0.037840239 0.8746668 0.6002246

$diagnostic_list$`Shock: inflation_expectations_3y`[[6]]
                               R-sqrd.  Adj. R-sqrd.    F-stat    p-value
h6:labor_shortage            0.2343441 -0.0880372770 0.7269158 0.75003456
h6:inflation_expectations_1y 0.4128679  0.1656544497 1.6700866 0.09689883
h6:inflation_expectations_3y 0.3306185  0.0487736620 1.1730515 0.33127138
h6:inflation                 0.2967042  0.0005796843 1.0019576 0.47521471
h6:economic_activity         0.2484078 -0.0680520759 0.7849583 0.69197944

$diagnostic_list$`Shock: inflation_expectations_3y`[[7]]
                               R-sqrd. Adj. R-sqrd.    F-stat    p-value
h7:labor_shortage            0.3162178   0.02052818 1.0694247 0.41530522
h7:inflation_expectations_1y 0.3571890   0.07921664 1.2849803 0.25722207
h7:inflation_expectations_3y 0.4817129   0.25758876 2.1493128 0.02746291
h7:inflation                 0.2434698  -0.08367842 0.7442186 0.73260655
h7:economic_activity         0.2091075  -0.13290010 0.6114118 0.85414620

$diagnostic_list$`Shock: inflation_expectations_3y`[[8]]
                               R-sqrd. Adj. R-sqrd.    F-stat    p-value
h8:labor_shortage            0.2975690  -0.01462258 0.9531615 0.52256138
h8:inflation_expectations_1y 0.4887552   0.26153529 2.1510227 0.02813204
h8:inflation_expectations_3y 0.3308629   0.03346865 1.1125397 0.38023826
h8:inflation                 0.2364322  -0.10293120 0.6966933 0.77823865
h8:economic_activity         0.2540774  -0.07744375 0.7663988 0.71014891

$diagnostic_list$`Shock: inflation_expectations_3y`[[9]]
                               R-sqrd. Adj. R-sqrd.   F-stat    p-value
h9:labor_shortage            0.3487468    0.0510310 1.171408 0.33592584
h9:inflation_expectations_1y 0.4648605    0.2202253 1.900219 0.05581207
h9:inflation_expectations_3y 0.3896063    0.1105692 1.396253 0.19991054
h9:inflation                 0.2104823   -0.1504400 0.583179 0.87515864
h9:economic_activity         0.3230262    0.0135525 1.043792 0.43921390

$diagnostic_list$`Shock: inflation_expectations_3y`[[10]]
                                R-sqrd. Adj. R-sqrd.    F-stat    p-value
h10:labor_shortage            0.3686523  0.071547438 1.2408155 0.28918671
h10:inflation_expectations_1y 0.5130867  0.283951095 2.2392271 0.02379957
h10:inflation_expectations_3y 0.2780598 -0.061676753 0.8184571 0.65717310
h10:inflation                 0.1937242 -0.185699733 0.5105745 0.92350907
h10:economic_activity         0.3147163 -0.007770079 0.9759057 0.50176864

$diagnostic_list$`Shock: inflation_expectations_3y`[[11]]
                                R-sqrd. Adj. R-sqrd.    F-stat    p-value
h11:labor_shortage            0.3452804   0.02784061 1.0877036 0.40358155
h11:inflation_expectations_1y 0.4817485   0.23047497 1.9172276 0.05592872
h11:inflation_expectations_3y 0.3576663   0.04623173 1.1484477 0.35554418
h11:inflation                 0.2437683  -0.12288951 0.6648387 0.80596553
h11:economic_activity         0.3102155  -0.02422546 0.9275643 0.54845691

$diagnostic_list$`Shock: inflation_expectations_3y`[[12]]
                                R-sqrd. Adj. R-sqrd.    F-stat     p-value
h12:labor_shortage            0.4071998   0.11079969 1.3738180 0.216107557
h12:inflation_expectations_1y 0.5876041   0.38140615 2.8497087 0.005689985
h12:inflation_expectations_3y 0.3319614  -0.00205796 0.9938388 0.486316837
h12:inflation                 0.3074928  -0.03876086 0.8880564 0.587424737
h12:economic_activity         0.4340450   0.15106754 1.5338500 0.147855121


$diagnostic_list$`Shock: inflation`
$diagnostic_list$`Shock: inflation`[[1]]
                               R-sqrd. Adj. R-sqrd.   F-stat      p-value
h1:labor_shortage            0.3109849  0.054607218 1.212995 2.973713e-01
h1:inflation_expectations_1y 0.6307389  0.493339363 4.590547 3.268938e-05
h1:inflation_expectations_3y 0.4040262  0.182268498 1.821926 5.972457e-02
h1:inflation                 0.3720177  0.138349830 1.592079 1.127230e-01
h1:economic_activity         0.2751168  0.005392784 1.019994 4.558276e-01

$diagnostic_list$`Shock: inflation`[[2]]
                               R-sqrd. Adj. R-sqrd.    F-stat    p-value
h2:labor_shortage            0.3771660  0.139895900 1.5896061 0.11459759
h2:inflation_expectations_1y 0.4116577  0.187527273 1.8366882 0.05818832
h2:inflation_expectations_3y 0.2696870 -0.008527466 0.9693493 0.50463081
h2:inflation                 0.1659570 -0.151773683 0.5223197 0.92010249
h2:economic_activity         0.3935409  0.162508873 1.7034041 0.08413239

$diagnostic_list$`Shock: inflation`[[3]]
                               R-sqrd. Adj. R-sqrd.    F-stat   p-value
h3:labor_shortage            0.3628008   0.11413763 1.4590051 0.1631071
h3:inflation_expectations_1y 0.3746506   0.13061178 1.5352091 0.1337110
h3:inflation_expectations_3y 0.1191473  -0.22460007 0.3466130 0.9875217
h3:inflation                 0.1337746  -0.20426459 0.3957369 0.9760512
h3:economic_activity         0.2691518  -0.01605721 0.9437002 0.5302054

$diagnostic_list$`Shock: inflation`[[4]]
                               R-sqrd. Adj. R-sqrd.    F-stat   p-value
h4:labor_shortage            0.2719939  -0.01920849 0.9340373 0.5400791
h4:inflation_expectations_1y 0.3138323   0.03936518 1.1434240 0.3518521
h4:inflation_expectations_3y 0.2369380  -0.06828686 0.7762736 0.7013083
h4:inflation                 0.1979329  -0.12289390 0.6169463 0.8511334
h4:economic_activity         0.2948772   0.01282814 1.0454819 0.4341873

$diagnostic_list$`Shock: inflation`[[5]]
                               R-sqrd. Adj. R-sqrd.    F-stat   p-value
h5:labor_shortage            0.2088072 -0.115784700 0.6432915 0.8283200
h5:inflation_expectations_1y 0.3967176  0.149217097 1.6028962 0.1142068
h5:inflation_expectations_3y 0.2851859 -0.008071215 0.9724773 0.5027206
h5:inflation                 0.2285956 -0.087878038 0.7223211 0.7549150
h5:economic_activity         0.2640769 -0.037840239 0.8746668 0.6002246

$diagnostic_list$`Shock: inflation`[[6]]
                               R-sqrd.  Adj. R-sqrd.    F-stat    p-value
h6:labor_shortage            0.2343441 -0.0880372770 0.7269158 0.75003456
h6:inflation_expectations_1y 0.4128679  0.1656544497 1.6700866 0.09689883
h6:inflation_expectations_3y 0.3306185  0.0487736620 1.1730515 0.33127138
h6:inflation                 0.2967042  0.0005796843 1.0019576 0.47521471
h6:economic_activity         0.2484078 -0.0680520759 0.7849583 0.69197944

$diagnostic_list$`Shock: inflation`[[7]]
                               R-sqrd. Adj. R-sqrd.    F-stat    p-value
h7:labor_shortage            0.3162178   0.02052818 1.0694247 0.41530522
h7:inflation_expectations_1y 0.3571890   0.07921664 1.2849803 0.25722207
h7:inflation_expectations_3y 0.4817129   0.25758876 2.1493128 0.02746291
h7:inflation                 0.2434698  -0.08367842 0.7442186 0.73260655
h7:economic_activity         0.2091075  -0.13290010 0.6114118 0.85414620

$diagnostic_list$`Shock: inflation`[[8]]
                               R-sqrd. Adj. R-sqrd.    F-stat    p-value
h8:labor_shortage            0.2975690  -0.01462258 0.9531615 0.52256138
h8:inflation_expectations_1y 0.4887552   0.26153529 2.1510227 0.02813204
h8:inflation_expectations_3y 0.3308629   0.03346865 1.1125397 0.38023826
h8:inflation                 0.2364322  -0.10293120 0.6966933 0.77823865
h8:economic_activity         0.2540774  -0.07744375 0.7663988 0.71014891

$diagnostic_list$`Shock: inflation`[[9]]
                               R-sqrd. Adj. R-sqrd.   F-stat    p-value
h9:labor_shortage            0.3487468    0.0510310 1.171408 0.33592584
h9:inflation_expectations_1y 0.4648605    0.2202253 1.900219 0.05581207
h9:inflation_expectations_3y 0.3896063    0.1105692 1.396253 0.19991054
h9:inflation                 0.2104823   -0.1504400 0.583179 0.87515864
h9:economic_activity         0.3230262    0.0135525 1.043792 0.43921390

$diagnostic_list$`Shock: inflation`[[10]]
                                R-sqrd. Adj. R-sqrd.    F-stat    p-value
h10:labor_shortage            0.3686523  0.071547438 1.2408155 0.28918671
h10:inflation_expectations_1y 0.5130867  0.283951095 2.2392271 0.02379957
h10:inflation_expectations_3y 0.2780598 -0.061676753 0.8184571 0.65717310
h10:inflation                 0.1937242 -0.185699733 0.5105745 0.92350907
h10:economic_activity         0.3147163 -0.007770079 0.9759057 0.50176864

$diagnostic_list$`Shock: inflation`[[11]]
                                R-sqrd. Adj. R-sqrd.    F-stat    p-value
h11:labor_shortage            0.3452804   0.02784061 1.0877036 0.40358155
h11:inflation_expectations_1y 0.4817485   0.23047497 1.9172276 0.05592872
h11:inflation_expectations_3y 0.3576663   0.04623173 1.1484477 0.35554418
h11:inflation                 0.2437683  -0.12288951 0.6648387 0.80596553
h11:economic_activity         0.3102155  -0.02422546 0.9275643 0.54845691

$diagnostic_list$`Shock: inflation`[[12]]
                                R-sqrd. Adj. R-sqrd.    F-stat     p-value
h12:labor_shortage            0.4071998   0.11079969 1.3738180 0.216107557
h12:inflation_expectations_1y 0.5876041   0.38140615 2.8497087 0.005689985
h12:inflation_expectations_3y 0.3319614  -0.00205796 0.9938388 0.486316837
h12:inflation                 0.3074928  -0.03876086 0.8880564 0.587424737
h12:economic_activity         0.4340450   0.15106754 1.5338500 0.147855121


$diagnostic_list$`Shock: economic_activity`
$diagnostic_list$`Shock: economic_activity`[[1]]
                               R-sqrd. Adj. R-sqrd.   F-stat      p-value
h1:labor_shortage            0.3109849  0.054607218 1.212995 2.973713e-01
h1:inflation_expectations_1y 0.6307389  0.493339363 4.590547 3.268938e-05
h1:inflation_expectations_3y 0.4040262  0.182268498 1.821926 5.972457e-02
h1:inflation                 0.3720177  0.138349830 1.592079 1.127230e-01
h1:economic_activity         0.2751168  0.005392784 1.019994 4.558276e-01

$diagnostic_list$`Shock: economic_activity`[[2]]
                               R-sqrd. Adj. R-sqrd.    F-stat    p-value
h2:labor_shortage            0.3771660  0.139895900 1.5896061 0.11459759
h2:inflation_expectations_1y 0.4116577  0.187527273 1.8366882 0.05818832
h2:inflation_expectations_3y 0.2696870 -0.008527466 0.9693493 0.50463081
h2:inflation                 0.1659570 -0.151773683 0.5223197 0.92010249
h2:economic_activity         0.3935409  0.162508873 1.7034041 0.08413239

$diagnostic_list$`Shock: economic_activity`[[3]]
                               R-sqrd. Adj. R-sqrd.    F-stat   p-value
h3:labor_shortage            0.3628008   0.11413763 1.4590051 0.1631071
h3:inflation_expectations_1y 0.3746506   0.13061178 1.5352091 0.1337110
h3:inflation_expectations_3y 0.1191473  -0.22460007 0.3466130 0.9875217
h3:inflation                 0.1337746  -0.20426459 0.3957369 0.9760512
h3:economic_activity         0.2691518  -0.01605721 0.9437002 0.5302054

$diagnostic_list$`Shock: economic_activity`[[4]]
                               R-sqrd. Adj. R-sqrd.    F-stat   p-value
h4:labor_shortage            0.2719939  -0.01920849 0.9340373 0.5400791
h4:inflation_expectations_1y 0.3138323   0.03936518 1.1434240 0.3518521
h4:inflation_expectations_3y 0.2369380  -0.06828686 0.7762736 0.7013083
h4:inflation                 0.1979329  -0.12289390 0.6169463 0.8511334
h4:economic_activity         0.2948772   0.01282814 1.0454819 0.4341873

$diagnostic_list$`Shock: economic_activity`[[5]]
                               R-sqrd. Adj. R-sqrd.    F-stat   p-value
h5:labor_shortage            0.2088072 -0.115784700 0.6432915 0.8283200
h5:inflation_expectations_1y 0.3967176  0.149217097 1.6028962 0.1142068
h5:inflation_expectations_3y 0.2851859 -0.008071215 0.9724773 0.5027206
h5:inflation                 0.2285956 -0.087878038 0.7223211 0.7549150
h5:economic_activity         0.2640769 -0.037840239 0.8746668 0.6002246

$diagnostic_list$`Shock: economic_activity`[[6]]
                               R-sqrd.  Adj. R-sqrd.    F-stat    p-value
h6:labor_shortage            0.2343441 -0.0880372770 0.7269158 0.75003456
h6:inflation_expectations_1y 0.4128679  0.1656544497 1.6700866 0.09689883
h6:inflation_expectations_3y 0.3306185  0.0487736620 1.1730515 0.33127138
h6:inflation                 0.2967042  0.0005796843 1.0019576 0.47521471
h6:economic_activity         0.2484078 -0.0680520759 0.7849583 0.69197944

$diagnostic_list$`Shock: economic_activity`[[7]]
                               R-sqrd. Adj. R-sqrd.    F-stat    p-value
h7:labor_shortage            0.3162178   0.02052818 1.0694247 0.41530522
h7:inflation_expectations_1y 0.3571890   0.07921664 1.2849803 0.25722207
h7:inflation_expectations_3y 0.4817129   0.25758876 2.1493128 0.02746291
h7:inflation                 0.2434698  -0.08367842 0.7442186 0.73260655
h7:economic_activity         0.2091075  -0.13290010 0.6114118 0.85414620

$diagnostic_list$`Shock: economic_activity`[[8]]
                               R-sqrd. Adj. R-sqrd.    F-stat    p-value
h8:labor_shortage            0.2975690  -0.01462258 0.9531615 0.52256138
h8:inflation_expectations_1y 0.4887552   0.26153529 2.1510227 0.02813204
h8:inflation_expectations_3y 0.3308629   0.03346865 1.1125397 0.38023826
h8:inflation                 0.2364322  -0.10293120 0.6966933 0.77823865
h8:economic_activity         0.2540774  -0.07744375 0.7663988 0.71014891

$diagnostic_list$`Shock: economic_activity`[[9]]
                               R-sqrd. Adj. R-sqrd.   F-stat    p-value
h9:labor_shortage            0.3487468    0.0510310 1.171408 0.33592584
h9:inflation_expectations_1y 0.4648605    0.2202253 1.900219 0.05581207
h9:inflation_expectations_3y 0.3896063    0.1105692 1.396253 0.19991054
h9:inflation                 0.2104823   -0.1504400 0.583179 0.87515864
h9:economic_activity         0.3230262    0.0135525 1.043792 0.43921390

$diagnostic_list$`Shock: economic_activity`[[10]]
                                R-sqrd. Adj. R-sqrd.    F-stat    p-value
h10:labor_shortage            0.3686523  0.071547438 1.2408155 0.28918671
h10:inflation_expectations_1y 0.5130867  0.283951095 2.2392271 0.02379957
h10:inflation_expectations_3y 0.2780598 -0.061676753 0.8184571 0.65717310
h10:inflation                 0.1937242 -0.185699733 0.5105745 0.92350907
h10:economic_activity         0.3147163 -0.007770079 0.9759057 0.50176864

$diagnostic_list$`Shock: economic_activity`[[11]]
                                R-sqrd. Adj. R-sqrd.    F-stat    p-value
h11:labor_shortage            0.3452804   0.02784061 1.0877036 0.40358155
h11:inflation_expectations_1y 0.4817485   0.23047497 1.9172276 0.05592872
h11:inflation_expectations_3y 0.3576663   0.04623173 1.1484477 0.35554418
h11:inflation                 0.2437683  -0.12288951 0.6648387 0.80596553
h11:economic_activity         0.3102155  -0.02422546 0.9275643 0.54845691

$diagnostic_list$`Shock: economic_activity`[[12]]
                                R-sqrd. Adj. R-sqrd.    F-stat     p-value
h12:labor_shortage            0.4071998   0.11079969 1.3738180 0.216107557
h12:inflation_expectations_1y 0.5876041   0.38140615 2.8497087 0.005689985
h12:inflation_expectations_3y 0.3319614  -0.00205796 0.9938388 0.486316837
h12:inflation                 0.3074928  -0.03876086 0.8880564 0.587424737
h12:economic_activity         0.4340450   0.15106754 1.5338500 0.147855121



$specs
$specs$lags_endog_lin
SC(n) 
    1 

$specs$lags_criterion
[1] NaN

$specs$max_lags
[1] NaN

$specs$trend
[1] 0

$specs$shock_type
[1] 0

$specs$confint
[1] 1.65

$specs$hor
[1] 12

$specs$use_nw
[1] TRUE

$specs$nw_prewhite
[1] FALSE

$specs$adjust_se
[1] FALSE

$specs$use_twosls
[1] FALSE

$specs$contemp_data
$specs$contemp_data$dummy
 [1] 0 0 0 0 0 0 0 0 0 0 0 0 0 0 0 0 0 0 0 0 0 0 0 0 0 0 1 1 1 1 0 1 0 1 0 0 0 0 0 0 0 0 0 0 0 0 0 0 0 0 0 0 0 0 0 0 0 0 0 0
[61] 0

$specs$contemp_data$Jan
 [1] 0 0 0 0 0 0 0 0 0 0 0 1 0 0 0 0 0 0 0 0 0 0 0 1 0 0 0 0 0 0 0 0 0 0 0 1 0 0 0 0 0 0 0 0 0 0 0 1 0 0 0 0 0 0 0 0 0 0 0 1
[61] 0

$specs$contemp_data$Feb
 [1] 1 0 0 0 0 0 0 0 0 0 0 0 1 0 0 0 0 0 0 0 0 0 0 0 1 0 0 0 0 0 0 0 0 0 0 0 1 0 0 0 0 0 0 0 0 0 0 0 1 0 0 0 0 0 0 0 0 0 0 0
[61] 1

$specs$contemp_data$Mar
 [1] 0 1 0 0 0 0 0 0 0 0 0 0 0 1 0 0 0 0 0 0 0 0 0 0 0 1 0 0 0 0 0 0 0 0 0 0 0 1 0 0 0 0 0 0 0 0 0 0 0 1 0 0 0 0 0 0 0 0 0 0
[61] 0

$specs$contemp_data$Apr
 [1] 0 0 1 0 0 0 0 0 0 0 0 0 0 0 1 0 0 0 0 0 0 0 0 0 0 0 1 0 0 0 0 0 0 0 0 0 0 0 1 0 0 0 0 0 0 0 0 0 0 0 1 0 0 0 0 0 0 0 0 0
[61] 0

$specs$contemp_data$May
 [1] 0 0 0 1 0 0 0 0 0 0 0 0 0 0 0 1 0 0 0 0 0 0 0 0 0 0 0 1 0 0 0 0 0 0 0 0 0 0 0 1 0 0 0 0 0 0 0 0 0 0 0 1 0 0 0 0 0 0 0 0
[61] 0

$specs$contemp_data$Jun
 [1] 0 0 0 0 1 0 0 0 0 0 0 0 0 0 0 0 1 0 0 0 0 0 0 0 0 0 0 0 1 0 0 0 0 0 0 0 0 0 0 0 1 0 0 0 0 0 0 0 0 0 0 0 1 0 0 0 0 0 0 0
[61] 0

$specs$contemp_data$Jul
 [1] 0 0 0 0 0 1 0 0 0 0 0 0 0 0 0 0 0 1 0 0 0 0 0 0 0 0 0 0 0 1 0 0 0 0 0 0 0 0 0 0 0 1 0 0 0 0 0 0 0 0 0 0 0 1 0 0 0 0 0 0
[61] 0

$specs$contemp_data$Aug
 [1] 0 0 0 0 0 0 1 0 0 0 0 0 0 0 0 0 0 0 1 0 0 0 0 0 0 0 0 0 0 0 1 0 0 0 0 0 0 0 0 0 0 0 1 0 0 0 0 0 0 0 0 0 0 0 1 0 0 0 0 0
[61] 0

$specs$contemp_data$Sep
 [1] 0 0 0 0 0 0 0 1 0 0 0 0 0 0 0 0 0 0 0 1 0 0 0 0 0 0 0 0 0 0 0 1 0 0 0 0 0 0 0 0 0 0 0 1 0 0 0 0 0 0 0 0 0 0 0 1 0 0 0 0
[61] 0

$specs$contemp_data$Oct
 [1] 0 0 0 0 0 0 0 0 1 0 0 0 0 0 0 0 0 0 0 0 1 0 0 0 0 0 0 0 0 0 0 0 1 0 0 0 0 0 0 0 0 0 0 0 1 0 0 0 0 0 0 0 0 0 0 0 1 0 0 0
[61] 0


$specs$model_type
[1] 0

$specs$starts
[1] 1

$specs$ends
[1] 61

$specs$column_names
[1] "labor_shortage"            "inflation_expectations_1y" "inflation_expectations_3y" "inflation"                
[5] "economic_activity"        

$specs$endog
[1] 5

$specs$y_lin
   labor_shortage inflation_expectations_1y inflation_expectations_3y     inflation economic_activity
2   -0.0063620718              -0.093069017              -0.116992518  0.0118791283      0.0132147973
3    0.0056358271              -0.179841030              -0.082446768 -0.0180540196      0.0197042191
4   -0.0093400179               0.042644040              -0.009027443  0.0117895324      0.0091204916
5   -0.0094137751               0.038628823              -0.004366708  0.0080067127      0.0256060314
6   -0.0005102528               0.037587716               0.047957221 -0.0080781182     -0.0008554676
7    0.0133378697               0.042232388              -0.051764649 -0.0091070197      0.0134624669
8    0.0029344952               0.066831950               0.083116914  0.0035186802      0.0099315901
9   -0.0002051386               0.074361879               0.104697282  0.0072325549      0.0093828680
10   0.0062716913               0.097256869               0.129269948  0.0109363479      0.0019638250
11   0.0132217848               0.090859949               0.040770491 -0.0256428615      0.0024138617
12  -0.0006361760               0.150130443               0.168118070 -0.0087928721     -0.0039597521
13  -0.0024308424               0.154457901               0.190173118 -0.0192514804      0.0121072497
14   0.0023372270               0.016860856               0.023610225  0.0121350319      0.0036954885
15  -0.0039752284               0.081748607               0.155708559  0.0254869151      0.0040989018
16   0.0118272065              -0.092583911               0.021248402  0.0315361282      0.0142325513
17   0.0041076570              -0.193230976              -0.043276262 -0.0135380408     -0.0038460784
18  -0.0032655063               0.067156473               0.059606826 -0.0237050248      0.0003874938
19  -0.0068267338               0.028570973               0.007379959  0.0070212946     -0.0030995371
20   0.0020696740              -0.110390831              -0.043736816 -0.0008099038     -0.0027487440
21   0.0061546945              -0.009296058              -0.148649219  0.0022449886      0.0100916736
22  -0.0067887079              -0.137446744              -0.128886832  0.0149056931     -0.0068965871
23   0.0076419381              -0.102682542               0.022526063  0.0056048268     -0.0018302030
24  -0.0008806241               0.085885577               0.040433270  0.0166801358     -0.0053688531
25   0.0048857784               0.052676001               0.034575991 -0.0032142186      0.0092054021
26   0.0130946608               0.082834189               0.071948279 -0.0143825022      0.0065049140
27  -0.0153466949               0.059890764              -0.139321440 -0.0765488966     -0.1095376270
28  -0.0192818940               0.110803355               0.054336359 -0.1180561839     -0.8013817712
29  -0.0105342858               0.440086455               0.002754213 -0.0394295123      0.1819834628
30   0.0030519437               0.060988570              -0.180594733  0.0227326525      0.1811371292
31  -0.0055402315               0.192429026               0.022748256  0.0290171471     -0.0032090982
32  -0.0001833854               0.215418333               0.210000612  0.0188797606      0.1242242661
33  -0.0110780017               0.090842219              -0.097192097 -0.0081495346      0.0427062365
34  -0.0044068192              -0.176135374              -0.211683475 -0.0273674729      0.0659089440
35   0.0020466415              -0.189613815              -0.173824252 -0.0169879726      0.0090416110
36   0.0008786902              -0.309955966              -0.096708136  0.0137622962     -0.0200398947
37  -0.0025887943              -0.438829199              -0.136241740 -0.0175590348      0.0297735978
38   0.0016726915              -0.586924618              -0.252722198 -0.0022948550      0.0122939477
39  -0.0017068717              -0.640823289              -0.247849266  0.0090208096      0.0224621217
40   0.0074879438              -0.744269330              -0.328708352  0.0296218439     -0.0027052872
41   0.0061651632              -0.331977245               0.061289940  0.0278964532      0.0234591779
42   0.0122633323               0.239203704              -0.036411180  0.0417894154      0.0133334691
43  -0.0007979822               0.051907720               0.062479848 -0.0037102132      0.0466232530
44  -0.0013838810               0.168972059               0.295863311 -0.0101886004      0.0231090359
45  -0.0116619465               0.091561951               0.448800361 -0.0095415708      0.0349689544
46   0.0028472119               0.244040498               0.439272896  0.0513660931      0.0238252787
47   0.0037566315               0.420618875               0.227962584  0.0346746044      0.0237066681
48   0.0077904802               0.265010741               0.220814479  0.0322088457      0.0235842891
49   0.0099256691              -0.056457642              -0.282966474  0.0093029159     -0.0110638564
50   0.0073470184               0.063072574               0.047559850  0.0216592661      0.0313075917
51   0.0001055140               0.583575145              -0.006092132  0.0594986810      0.0032570089
52   0.0027534062               0.310877420               0.279880828 -0.0193295446     -0.0042385199
53   0.0039712312               0.535617968               0.326312135  0.0475641271     -0.0153374760
54  -0.0075963635               0.756444779               0.145136221  0.0829906319     -0.0114672989
55  -0.0028371230               0.249347053              -0.203776953 -0.0724345513     -0.0001570211
56  -0.0050170366              -0.163336671              -0.538329081 -0.0398569237     -0.0222817013
57  -0.0055391175              -0.387472074              -0.287419250 -0.0177631399     -0.0027547779
58  -0.0045982648               0.208077418               0.011815895 -0.0082045127     -0.0219807589
59  -0.0007685461              -0.407923836              -0.001392901 -0.0432906191     -0.0099343622
60   0.0013949883              -0.539237661               0.094962482 -0.0521834854     -0.0180533987
61   0.0004850756              -0.472610574              -0.084508752 -0.0042564185     -0.0088103979

$specs$x_lin
   labor_shortage_lag_1 inflation_expectations_1y_lag_1 inflation_expectations_3y_lag_1 inflation_lag_1
2         -0.0059618220                    -0.205402860                    -0.218241259    0.0307655897
3         -0.0063620718                    -0.093069017                    -0.116992518    0.0118791283
4          0.0056358271                    -0.179841030                    -0.082446768   -0.0180540196
5         -0.0093400179                     0.042644040                    -0.009027443    0.0117895324
6         -0.0094137751                     0.038628823                    -0.004366708    0.0080067127
7         -0.0005102528                     0.037587716                     0.047957221   -0.0080781182
8          0.0133378697                     0.042232388                    -0.051764649   -0.0091070197
9          0.0029344952                     0.066831950                     0.083116914    0.0035186802
10        -0.0002051386                     0.074361879                     0.104697282    0.0072325549
11         0.0062716913                     0.097256869                     0.129269948    0.0109363479
12         0.0132217848                     0.090859949                     0.040770491   -0.0256428615
13        -0.0006361760                     0.150130443                     0.168118070   -0.0087928721
14        -0.0024308424                     0.154457901                     0.190173118   -0.0192514804
15         0.0023372270                     0.016860856                     0.023610225    0.0121350319
16        -0.0039752284                     0.081748607                     0.155708559    0.0254869151
17         0.0118272065                    -0.092583911                     0.021248402    0.0315361282
18         0.0041076570                    -0.193230976                    -0.043276262   -0.0135380408
19        -0.0032655063                     0.067156473                     0.059606826   -0.0237050248
20        -0.0068267338                     0.028570973                     0.007379959    0.0070212946
21         0.0020696740                    -0.110390831                    -0.043736816   -0.0008099038
22         0.0061546945                    -0.009296058                    -0.148649219    0.0022449886
23        -0.0067887079                    -0.137446744                    -0.128886832    0.0149056931
24         0.0076419381                    -0.102682542                     0.022526063    0.0056048268
25        -0.0008806241                     0.085885577                     0.040433270    0.0166801358
26         0.0048857784                     0.052676001                     0.034575991   -0.0032142186
27         0.0130946608                     0.082834189                     0.071948279   -0.0143825022
28        -0.0153466949                     0.059890764                    -0.139321440   -0.0765488966
29        -0.0192818940                     0.110803355                     0.054336359   -0.1180561839
30        -0.0105342858                     0.440086455                     0.002754213   -0.0394295123
31         0.0030519437                     0.060988570                    -0.180594733    0.0227326525
32        -0.0055402315                     0.192429026                     0.022748256    0.0290171471
33        -0.0001833854                     0.215418333                     0.210000612    0.0188797606
34        -0.0110780017                     0.090842219                    -0.097192097   -0.0081495346
35        -0.0044068192                    -0.176135374                    -0.211683475   -0.0273674729
36         0.0020466415                    -0.189613815                    -0.173824252   -0.0169879726
37         0.0008786902                    -0.309955966                    -0.096708136    0.0137622962
38        -0.0025887943                    -0.438829199                    -0.136241740   -0.0175590348
39         0.0016726915                    -0.586924618                    -0.252722198   -0.0022948550
40        -0.0017068717                    -0.640823289                    -0.247849266    0.0090208096
41         0.0074879438                    -0.744269330                    -0.328708352    0.0296218439
42         0.0061651632                    -0.331977245                     0.061289940    0.0278964532
43         0.0122633323                     0.239203704                    -0.036411180    0.0417894154
44        -0.0007979822                     0.051907720                     0.062479848   -0.0037102132
45        -0.0013838810                     0.168972059                     0.295863311   -0.0101886004
46        -0.0116619465                     0.091561951                     0.448800361   -0.0095415708
47         0.0028472119                     0.244040498                     0.439272896    0.0513660931
48         0.0037566315                     0.420618875                     0.227962584    0.0346746044
49         0.0077904802                     0.265010741                     0.220814479    0.0322088457
50         0.0099256691                    -0.056457642                    -0.282966474    0.0093029159
51         0.0073470184                     0.063072574                     0.047559850    0.0216592661
52         0.0001055140                     0.583575145                    -0.006092132    0.0594986810
53         0.0027534062                     0.310877420                     0.279880828   -0.0193295446
54         0.0039712312                     0.535617968                     0.326312135    0.0475641271
55        -0.0075963635                     0.756444779                     0.145136221    0.0829906319
56        -0.0028371230                     0.249347053                    -0.203776953   -0.0724345513
57        -0.0050170366                    -0.163336671                    -0.538329081   -0.0398569237
58        -0.0055391175                    -0.387472074                    -0.287419250   -0.0177631399
59        -0.0045982648                     0.208077418                     0.011815895   -0.0082045127
60        -0.0007685461                    -0.407923836                    -0.001392901   -0.0432906191
61         0.0013949883                    -0.539237661                     0.094962482   -0.0521834854
   economic_activity_lag_1 dummy Jan Feb Mar Apr May Jun Jul Aug Sep Oct
2             0.0097286005     0   0   0   1   0   0   0   0   0   0   0
3             0.0132147973     0   0   0   0   1   0   0   0   0   0   0
4             0.0197042191     0   0   0   0   0   1   0   0   0   0   0
5             0.0091204916     0   0   0   0   0   0   1   0   0   0   0
6             0.0256060314     0   0   0   0   0   0   0   1   0   0   0
7            -0.0008554676     0   0   0   0   0   0   0   0   1   0   0
8             0.0134624669     0   0   0   0   0   0   0   0   0   1   0
9             0.0099315901     0   0   0   0   0   0   0   0   0   0   1
10            0.0093828680     0   0   0   0   0   0   0   0   0   0   0
11            0.0019638250     0   0   0   0   0   0   0   0   0   0   0
12            0.0024138617     0   1   0   0   0   0   0   0   0   0   0
13           -0.0039597521     0   0   1   0   0   0   0   0   0   0   0
14            0.0121072497     0   0   0   1   0   0   0   0   0   0   0
15            0.0036954885     0   0   0   0   1   0   0   0   0   0   0
16            0.0040989018     0   0   0   0   0   1   0   0   0   0   0
17            0.0142325513     0   0   0   0   0   0   1   0   0   0   0
18           -0.0038460784     0   0   0   0   0   0   0   1   0   0   0
19            0.0003874938     0   0   0   0   0   0   0   0   1   0   0
20           -0.0030995371     0   0   0   0   0   0   0   0   0   1   0
21           -0.0027487440     0   0   0   0   0   0   0   0   0   0   1
22            0.0100916736     0   0   0   0   0   0   0   0   0   0   0
23           -0.0068965871     0   0   0   0   0   0   0   0   0   0   0
24           -0.0018302030     0   1   0   0   0   0   0   0   0   0   0
25           -0.0053688531     0   0   1   0   0   0   0   0   0   0   0
26            0.0092054021     0   0   0   1   0   0   0   0   0   0   0
27            0.0065049140     1   0   0   0   1   0   0   0   0   0   0
28           -0.1095376270     1   0   0   0   0   1   0   0   0   0   0
29           -0.8013817712     1   0   0   0   0   0   1   0   0   0   0
30            0.1819834628     1   0   0   0   0   0   0   1   0   0   0
31            0.1811371292     0   0   0   0   0   0   0   0   1   0   0
32           -0.0032090982     1   0   0   0   0   0   0   0   0   1   0
33            0.1242242661     0   0   0   0   0   0   0   0   0   0   1
34            0.0427062365     1   0   0   0   0   0   0   0   0   0   0
35            0.0659089440     0   0   0   0   0   0   0   0   0   0   0
36            0.0090416110     0   1   0   0   0   0   0   0   0   0   0
37           -0.0200398947     0   0   1   0   0   0   0   0   0   0   0
38            0.0297735978     0   0   0   1   0   0   0   0   0   0   0
39            0.0122939477     0   0   0   0   1   0   0   0   0   0   0
40            0.0224621217     0   0   0   0   0   1   0   0   0   0   0
41           -0.0027052872     0   0   0   0   0   0   1   0   0   0   0
42            0.0234591779     0   0   0   0   0   0   0   1   0   0   0
43            0.0133334691     0   0   0   0   0   0   0   0   1   0   0
44            0.0466232530     0   0   0   0   0   0   0   0   0   1   0
45            0.0231090359     0   0   0   0   0   0   0   0   0   0   1
46            0.0349689544     0   0   0   0   0   0   0   0   0   0   0
47            0.0238252787     0   0   0   0   0   0   0   0   0   0   0
48            0.0237066681     0   1   0   0   0   0   0   0   0   0   0
49            0.0235842891     0   0   1   0   0   0   0   0   0   0   0
50           -0.0110638564     0   0   0   1   0   0   0   0   0   0   0
51            0.0313075917     0   0   0   0   1   0   0   0   0   0   0
52            0.0032570089     0   0   0   0   0   1   0   0   0   0   0
53           -0.0042385199     0   0   0   0   0   0   1   0   0   0   0
54           -0.0153374760     0   0   0   0   0   0   0   1   0   0   0
55           -0.0114672989     0   0   0   0   0   0   0   0   1   0   0
56           -0.0001570211     0   0   0   0   0   0   0   0   0   1   0
57           -0.0222817013     0   0   0   0   0   0   0   0   0   0   1
58           -0.0027547779     0   0   0   0   0   0   0   0   0   0   0
59           -0.0219807589     0   0   0   0   0   0   0   0   0   0   0
60           -0.0099343622     0   1   0   0   0   0   0   0   0   0   0
61           -0.0180533987     0   0   1   0   0   0   0   0   0   0   0


attr(,"class")
[1] "lpirfs_lin_obj"
