[1] "politics"             "djn level estimation"
                   1             2             3             4             5             6
AIC(n) -2.682678e+01 -2.689162e+01 -2.674371e+01 -2.730803e+01 -2.815484e+01 -2.982149e+01
HQ(n)  -2.562712e+01 -2.533912e+01 -2.483836e+01 -2.504985e+01 -2.554381e+01 -2.685762e+01
SC(n)  -2.372454e+01 -2.287696e+01 -2.181662e+01 -2.146852e+01 -2.140290e+01 -2.215713e+01
FPE(n)  2.481176e-12  2.653523e-12  3.860497e-12  3.179982e-12  2.474386e-12  1.248539e-12
                   1             2             3             4             5             6
AIC(n) -2.682678e+01 -2.689162e+01 -2.674371e+01 -2.730803e+01 -2.815484e+01 -2.982149e+01
HQ(n)  -2.562712e+01 -2.533912e+01 -2.483836e+01 -2.504985e+01 -2.554381e+01 -2.685762e+01
SC(n)  -2.372454e+01 -2.287696e+01 -2.181662e+01 -2.146852e+01 -2.140290e+01 -2.215713e+01
FPE(n)  2.481176e-12  2.653523e-12  3.860497e-12  3.179982e-12  2.474386e-12  1.248539e-12
$irf_lin_mean
, , 1

            [,1]          [,2]          [,3]          [,4]          [,5]          [,6]         [,7]          [,8]
[1,] 0.008938851  0.0049957853  0.0023132635  0.0005429643 -0.0009498948 -0.0020995683 -0.001278741 -0.0020196674
[2,] 0.030398846  0.0247862782  0.0195686423  0.0231840151  0.0135670027  0.0025125691 -0.015844894 -0.0244116188
[3,] 0.030471987  0.0245065530  0.0151521262  0.0126135462  0.0175910420  0.0072485345  0.007876739 -0.0009957301
[4,] 0.005431727 -0.0008470602 -0.0044229990 -0.0025068854  0.0013684614  0.0010304577  0.003326606  0.0093204619
[5,] 0.004000253  0.0004479404 -0.0003981209 -0.0011812962  0.0164183724  0.0002150247 -0.005726617  0.0342182029
             [,9]        [,10]        [,11]        [,12]        [,13]
[1,] -0.003064367 -0.003643665 -0.003868789 -0.003582709 -0.003895496
[2,] -0.065361109 -0.069541398 -0.042914085 -0.030217863 -0.014141384
[3,] -0.029489883 -0.013471227 -0.015284399 -0.013716321 -0.028291075
[4,]  0.009859109  0.005363069  0.004577659 -0.003168242 -0.006027172
[5,]  0.037368996  0.002234617  0.006197284 -0.015373481 -0.027346234

, , 2

             [,1]         [,2]         [,3]          [,4]          [,5]          [,6]          [,7]          [,8]
[1,]  0.000000000 0.0006261660  0.001055684  0.0009697902  0.0005389203 -1.953859e-04 -0.0001000714 -0.0001425629
[2,]  0.182177346 0.1370352173  0.084780721  0.0660373912  0.0707567492  2.338101e-02 -0.0410554883 -0.0399074885
[3,]  0.066111355 0.0372380952 -0.002268805 -0.0134297725 -0.0067330049 -4.385391e-02 -0.0460341525 -0.0511357035
[4,]  0.008516149 0.0007313236 -0.001662184  0.0006105372 -0.0037249370 -4.854608e-03 -0.0077040476 -0.0063797584
[5,] -0.019590366 0.0092100824 -0.001083855 -0.0120957589 -0.0083759860 -5.611088e-05 -0.0037611426 -0.0175266516
             [,9]         [,10]         [,11]        [,12]        [,13]
[1,]  0.000342196  0.0005260008 -0.0001833491  0.001891368  0.002470953
[2,] -0.074665970 -0.0846562404 -0.0904958714 -0.085910293 -0.088825856
[3,] -0.057920872 -0.0672316289 -0.0476904810 -0.007165390 -0.014283317
[4,] -0.009326945 -0.0122451032 -0.0068300981 -0.004565386 -0.008180776
[5,] -0.007732677 -0.0074403186  0.0002930196  0.005447027 -0.015659584

, , 3

             [,1]          [,2]         [,3]          [,4]          [,5]          [,6]         [,7]         [,8]
[1,]  0.000000000 -0.0002814673  0.000602484  0.0003359017  1.327147e-05 -0.0013236639 -0.002891164 -0.002358971
[2,]  0.000000000  0.0587828265  0.020550231  0.0495737201  4.027226e-02  0.0826107473  0.165907011  0.095313044
[3,]  0.140720379  0.0818014894  0.043844035  0.0035883923 -1.176799e-02  0.0302215022  0.060056574  0.078105316
[4,] -0.003172433  0.0069493363  0.003672325  0.0045628170  9.747776e-03  0.0072223413  0.013551856  0.007402430
[5,] -0.005229480  0.0011912294 -0.004629306 -0.0006863876  9.989460e-03 -0.0008759492  0.032709380  0.025223444
             [,9]         [,10]        [,11]         [,12]        [,13]
[1,] -0.002379745 -0.0001298653  0.001773919 -0.0003414905  0.002276577
[2,]  0.121368832  0.1069520733  0.105992537  0.0206439336 -0.019081937
[3,]  0.043638388  0.0086849643 -0.062657371 -0.1143964425 -0.065869666
[4,]  0.006275913  0.0034018753 -0.005467843 -0.0075568552 -0.007779676
[5,] -0.016700382 -0.0132459850 -0.033385924 -0.0002599986 -0.002794717

, , 4

           [,1]          [,2]         [,3]         [,4]         [,5]         [,6]         [,7]         [,8]          [,9]
[1,] 0.00000000 -0.0004126889 -0.002160293 -0.002150919 -0.002729640 -0.001257152 0.0024977728 0.0025727301  0.0013980691
[2,] 0.00000000 -0.0071205089  0.022798356 -0.002074407  0.027019182  0.028318625 0.0093523104 0.0050466497 -0.0147974499
[3,] 0.00000000  0.0101046701 -0.004035378 -0.018068735 -0.001577621  0.011679404 0.0304442326 0.0005976714 -0.0149941918
[4,] 0.02583938  0.0088445072 -0.001503633 -0.001049085 -0.001896120  0.001147183 0.0016139615 0.0054854184  0.0005020677
[5,] 0.05693090  0.0149833328 -0.017646653  0.007418708 -0.006160379 -0.009500003 0.0002817077 0.0019151315 -0.0064972239
             [,10]        [,11]       [,12]        [,13]
[1,]  0.0014434677  0.001164383 0.002293918  0.001659400
[2,] -0.0017077519  0.007273638 0.071777813  0.093072322
[3,] -0.0451314606 -0.016737666 0.030441773  0.078020753
[4,]  0.0003132004  0.004256899 0.002302560 -0.006909611
[5,]  0.0054784489  0.019127021 0.007950546 -0.027386611

, , 5

           [,1]          [,2]          [,3]          [,4]          [,5]          [,6]          [,7]          [,8]
[1,] 0.00000000  0.0001839223 -0.0004080993 -0.0005316438 -0.0008650537 -0.0006235469  0.0001670478 -0.0008631817
[2,] 0.00000000 -0.0493200827  0.0294711159  0.0133313942 -0.0584228767 -0.0752388151 -0.0012196131 -0.0382964990
[3,] 0.00000000 -0.0075035682  0.0400720452  0.0009565460 -0.0670291372 -0.0259907412 -0.0030703590  0.0034812282
[4,] 0.00000000  0.0032423019  0.0021654524 -0.0031280732 -0.0027911777 -0.0003763502  0.0096453434  0.0018055495
[5,] 0.09623884 -0.0179447841 -0.0247393154  0.0120460658 -0.0035200797  0.0090612305  0.0083282544  0.0025774009
             [,9]        [,10]        [,11]         [,12]        [,13]
[1,] -0.001653599 -0.002053322  0.000557574  7.751896e-05  0.002101532
[2,] -0.010680024 -0.015428351  0.013956255  1.196169e-02  0.011120485
[3,]  0.013171100  0.003654412  0.011118345 -1.361123e-02  0.027035388
[4,] -0.001586489  0.005675987  0.001213734  2.179587e-03 -0.003655671
[5,]  0.008528177  0.001039485 -0.009167187  7.073242e-03 -0.020792444


$irf_lin_low
, , 1

            [,1]         [,2]         [,3]         [,4]         [,5]         [,6]         [,7]         [,8]         [,9]
[1,] 0.008938851  0.002331695 -0.001247799 -0.002441364 -0.004031686 -0.005378519 -0.003759324 -0.005012471 -0.006174235
[2,] 0.030398846 -0.021087779 -0.047837102 -0.048853137 -0.052984327 -0.064601548 -0.079597161 -0.093127448 -0.129674143
[3,] 0.030471987 -0.021890245 -0.032387995 -0.035749327 -0.025406946 -0.042472704 -0.037493493 -0.040404114 -0.077423165
[4,] 0.005431727 -0.007612172 -0.012619403 -0.010707290 -0.005879282 -0.004720797 -0.004056522 -0.001363482 -0.002170495
[5,] 0.004000253 -0.024686769 -0.020547615 -0.015517389 -0.008902728 -0.014462073 -0.040443627 -0.005709492 -0.003115160
            [,10]        [,11]        [,12]        [,13]
[1,] -0.006490104 -0.007128923 -0.006964087 -0.006466805
[2,] -0.143982906 -0.116659372 -0.098505131 -0.061958224
[3,] -0.067215277 -0.084309178 -0.053044237 -0.071030889
[4,] -0.006114512 -0.006324795 -0.011051015 -0.015469277
[5,] -0.019020211 -0.028715390 -0.043264719 -0.047682700

, , 2

             [,1]         [,2]         [,3]         [,4]         [,5]         [,6]        [,7]         [,8]         [,9]
[1,]  0.000000000 -0.001369928 -0.002221392 -0.002628658 -0.002108021 -0.002700619 -0.00234492 -0.003640232 -0.003185205
[2,]  0.182177346  0.078683526 -0.016320668 -0.049953017 -0.032322176 -0.066032820 -0.11026226 -0.132922519 -0.165886794
[3,]  0.066111355 -0.028308076 -0.079497809 -0.093163824 -0.074010948 -0.102880155 -0.10046992 -0.115901366 -0.121421463
[4,]  0.008516149 -0.006665799 -0.012740469 -0.011513778 -0.012352060 -0.012693211 -0.01683673 -0.016913429 -0.018666452
[5,] -0.019590366 -0.015373114 -0.025830948 -0.031590311 -0.024230443 -0.029653103 -0.03117838 -0.062203910 -0.037348803
            [,10]        [,11]        [,12]         [,13]
[1,] -0.002223775 -0.003273072 -0.001412741  0.0002621597
[2,] -0.154915018 -0.152493876 -0.185035116 -0.1673281291
[3,] -0.131549215 -0.119387740 -0.068350130 -0.0738205900
[4,] -0.022860639 -0.018760338 -0.018658715 -0.0227214441
[5,] -0.027328484 -0.043643390 -0.043563458 -0.0434456374

, , 3

             [,1]         [,2]         [,3]          [,4]         [,5]         [,6]         [,7]          [,8]          [,9]
[1,]  0.000000000 -0.001330968 -0.001153298 -0.0007848658 -0.001104489 -0.003552992 -0.004973466 -4.582194e-03 -0.0049722445
[2,]  0.000000000  0.036333037 -0.035751769 -0.0031583857 -0.007727765  0.047021664  0.119365258  2.170551e-02  0.0702063452
[3,]  0.140720379  0.049508862  0.007704920 -0.0312860448 -0.027256046  0.012523673  0.029803879  3.858014e-02  0.0048054494
[4,] -0.003172433  0.002933053 -0.003302491 -0.0026554418  0.005977232  0.002495739  0.005225374  2.440487e-05 -0.0004468963
[5,] -0.005229480 -0.004164017 -0.022322729 -0.0127387758  0.002220635 -0.010671692 -0.000325187 -1.506301e-03 -0.0345263838
            [,10]         [,11]        [,12]         [,13]
[1,] -0.001751741 -8.837386e-05 -0.002139471  0.0008097261
[2,]  0.069229154  7.141053e-02 -0.030936292 -0.0701409244
[3,] -0.015336801 -1.017013e-01 -0.149177467 -0.1129838067
[4,] -0.003364525 -1.442380e-02 -0.013094494 -0.0116724711
[5,] -0.023128342 -6.372933e-02 -0.016852463 -0.0069284929

, , 4

           [,1]          [,2]         [,3]         [,4]         [,5]         [,6]          [,7]         [,8]         [,9]
[1,] 0.00000000 -0.0023815418 -0.005340613 -0.005538406 -0.005099595 -0.003632907 -3.343166e-05 -0.001092313 -0.002463012
[2,] 0.00000000 -0.0513231910 -0.048856304 -0.095212681 -0.047201502 -0.064111380 -8.557400e-02 -0.082656308 -0.106496976
[3,] 0.00000000 -0.0393405509 -0.054787099 -0.077653575 -0.056811809 -0.041108669 -1.675014e-02 -0.039416347 -0.051657617
[4,] 0.02583938 -0.0008345147 -0.012728694 -0.012489483 -0.008253271 -0.006985054 -6.951951e-03 -0.002917411 -0.006589796
[5,] 0.05693090 -0.0338495298 -0.045397450 -0.011784943 -0.020248041 -0.028316853 -2.439410e-02 -0.017943690 -0.029083177
            [,10]        [,11]        [,12]         [,13]
[1,] -0.001504268 -0.002133694 -0.001424203 -0.0007743863
[2,] -0.056604016 -0.051098263 -0.001372621 -0.0035887055
[3,] -0.105001320 -0.071473695 -0.013898293  0.0045842407
[4,] -0.013390951 -0.003571757 -0.005385159 -0.0263767021
[5,] -0.025159167 -0.023921244 -0.022742879 -0.0662623312

, , 5

           [,1]         [,2]         [,3]         [,4]         [,5]         [,6]         [,7]         [,8]         [,9]
[1,] 0.00000000 -0.001062181 -0.001729328 -0.001602466 -0.002436068 -0.002313853 -0.001360435 -0.002328596 -0.003589094
[2,] 0.00000000 -0.074011429 -0.012678737 -0.030105622 -0.095995033 -0.120268702 -0.057149653 -0.078617269 -0.050150450
[3,] 0.00000000 -0.029095811  0.011403752 -0.029345729 -0.091024343 -0.051311789 -0.029456526 -0.013362757 -0.003336994
[4,] 0.00000000 -0.003442045 -0.006212094 -0.009308290 -0.005366281 -0.004994688  0.005035970 -0.001809677 -0.006212944
[5,] 0.09623884 -0.050161966 -0.044252511  0.004109292 -0.009269567  0.001832605 -0.011147974 -0.006123535  0.001082515
             [,10]        [,11]        [,12]        [,13]
[1,] -0.0028449497 -0.001028094 -0.001154478  0.001380991
[2,] -0.0452258554 -0.013155828 -0.014728550 -0.039989702
[3,] -0.0104668533 -0.010775162 -0.043095196 -0.005008086
[4,]  0.0001042032 -0.002991303 -0.001705321 -0.013792710
[5,] -0.0108412101 -0.025561171 -0.008301098 -0.053237824


$irf_lin_up
, , 1

            [,1]        [,2]        [,3]        [,4]        [,5]        [,6]        [,7]         [,8]          [,9]
[1,] 0.008938851 0.007659876 0.005874326 0.003527293 0.002131897 0.001179382 0.001201842 0.0009731367  4.550027e-05
[2,] 0.030398846 0.070660335 0.086974386 0.095221167 0.080118332 0.069626686 0.047907372 0.0443042102 -1.048075e-03
[3,] 0.030471987 0.070903351 0.062692247 0.060976419 0.060589030 0.056969773 0.053246972 0.0384126542  1.844340e-02
[4,] 0.005431727 0.005918051 0.003773405 0.005693520 0.008616205 0.006781712 0.010709734 0.0200044062  2.188871e-02
[5,] 0.004000253 0.025582650 0.019751374 0.013154797 0.041739473 0.014892122 0.028990393 0.0741458975  7.785315e-02
             [,10]         [,11]         [,12]        [,13]
[1,] -0.0007972269 -0.0006086549 -0.0002013309 -0.001324187
[2,]  0.0049001100  0.0308312007  0.0380694050  0.033675455
[3,]  0.0402728219  0.0537403794  0.0256115942  0.014448739
[4,]  0.0168406492  0.0154801136  0.0047145311  0.003414932
[5,]  0.0234894453  0.0411099583  0.0125177577 -0.007009768

, , 2

             [,1]        [,2]        [,3]        [,4]        [,5]        [,6]        [,7]        [,8]         [,9]
[1,]  0.000000000 0.002622260 0.004332760 0.004568238 0.003185861 0.002309847 0.002144777 0.003355106 3.869597e-03
[2,]  0.182177346 0.195386908 0.185882111 0.182027800 0.173835675 0.112794834 0.028151286 0.053107542 1.655485e-02
[3,]  0.066111355 0.102784266 0.074960199 0.066304279 0.060544938 0.015172327 0.008401614 0.013629959 5.579718e-03
[4,]  0.008516149 0.008128447 0.009416102 0.012734852 0.004902186 0.002983996 0.001428630 0.004153912 1.256154e-05
[5,] -0.019590366 0.033793279 0.023663237 0.007398793 0.007478471 0.029540881 0.023656091 0.027150606 2.188345e-02
            [,10]        [,11]       [,12]        [,13]
[1,]  0.003275777  0.002906374 0.005195478  0.004679747
[2,] -0.014397463 -0.028497867 0.013214530 -0.010323582
[3,] -0.002914043  0.024006778 0.054019350  0.045253956
[4,] -0.001629568  0.005100142 0.009527943  0.006359892
[5,]  0.012447847  0.044229429 0.054457511  0.012126469

, , 3

             [,1]         [,2]        [,3]        [,4]        [,5]         [,6]         [,7]          [,8]         [,9]
[1,]  0.000000000 0.0007680339 0.002358266 0.001456669 0.001131032 0.0009056641 -0.000808863 -0.0001357476 0.0002127541
[2,]  0.000000000 0.0812326159 0.076852231 0.102305826 0.088272292 0.1181998308  0.212448763  0.1689205817 0.1725313190
[3,]  0.140720379 0.1140941166 0.079983151 0.038462829 0.003720065 0.0479193313  0.090309268  0.1176304896 0.0824713258
[4,] -0.003172433 0.0109656193 0.010647141 0.011781076 0.013518320 0.0119489440  0.021878338  0.0147804546 0.0129987226
[5,] -0.005229480 0.0065464763 0.013064118 0.011366001 0.017758286 0.0089197935  0.065743947  0.0519531887 0.0011256191
            [,10]        [,11]        [,12]        [,13]
[1,]  0.001492010  0.003636211  0.001456490  0.003743427
[2,]  0.144674992  0.140574548  0.072224160  0.031977051
[3,]  0.032706729 -0.023613490 -0.079615419 -0.018755526
[4,]  0.010168276  0.003488115 -0.002019216 -0.003886880
[5,] -0.003363628 -0.003042517  0.016332466  0.001339059

, , 4

           [,1]        [,2]        [,3]        [,4]          [,5]        [,6]        [,7]        [,8]        [,9]
[1,] 0.00000000 0.001556164 0.001020027 0.001236568 -0.0003596854 0.001118603 0.005028977 0.006237774 0.005259150
[2,] 0.00000000 0.037082173 0.094453016 0.091063867  0.1012398654 0.120748630 0.104278622 0.092749607 0.076902076
[3,] 0.00000000 0.059549891 0.046716343 0.041516105  0.0536565668 0.064467477 0.077638610 0.040611690 0.021669233
[4,] 0.02583938 0.018523529 0.009721429 0.010391314  0.0044610309 0.009279421 0.010179874 0.013888248 0.007593931
[5,] 0.05693090 0.063816195 0.010104145 0.026622358  0.0079272827 0.009316847 0.024957520 0.021773953 0.016088729
           [,10]      [,11]       [,12]       [,13]
[1,] 0.004391203 0.00446246 0.006012039 0.004093186
[2,] 0.053188512 0.06564554 0.144928246 0.189733350
[3,] 0.014738399 0.03799836 0.074781840 0.151457265
[4,] 0.014017351 0.01208555 0.009990278 0.012557480
[5,] 0.036116064 0.06217529 0.038643970 0.011489110

, , 5

           [,1]         [,2]          [,3]         [,4]          [,5]          [,6]       [,7]         [,8]        [,9]
[1,] 0.00000000  0.001430026  0.0009131298 0.0005391784  0.0007059602  0.0010667594 0.00169453 0.0006022329 0.000281896
[2,] 0.00000000 -0.024628736  0.0716209693 0.0567684100 -0.0208507204 -0.0302089284 0.05471043 0.0020242713 0.028790401
[3,] 0.00000000  0.014088675  0.0687403380 0.0312588206 -0.0430339318 -0.0006696939 0.02331581 0.0203252134 0.029679194
[4,] 0.00000000  0.009926649  0.0105429993 0.0030521434 -0.0002160743  0.0042419878 0.01425472 0.0054207765 0.003039966
[5,] 0.09623884  0.014272397 -0.0052261196 0.0199828400  0.0022294080  0.0162898555 0.02780448 0.0112783370 0.015973839
            [,10]       [,11]       [,12]       [,13]
[1,] -0.001261694 0.002143242 0.001309516 0.002822072
[2,]  0.014369153 0.041068339 0.038651935 0.062230672
[3,]  0.017775676 0.033011852 0.015872740 0.059078862
[4,]  0.011247772 0.005418771 0.006064495 0.006481367
[5,]  0.012920179 0.007226798 0.022447581 0.011652937


$diagnostic_list
$diagnostic_list$`Shock: politics`
$diagnostic_list$`Shock: politics`[[1]]
                               R-sqrd. Adj. R-sqrd.   F-stat      p-value
h1:politics                  0.4557543  0.253244318 2.250527 1.762071e-02
h1:inflation_expectations_1y 0.6073956  0.461310276 4.157813 9.580887e-05
h1:inflation_expectations_3y 0.4041432  0.182429056 1.822812 5.957624e-02
h1:inflation                 0.3857334  0.157169128 1.687636 8.680412e-02
h1:economic_activity         0.2767279  0.007603393 1.028252 4.481608e-01

$diagnostic_list$`Shock: politics`[[2]]
                               R-sqrd. Adj. R-sqrd.    F-stat   p-value
h2:politics                  0.3005431   0.03408330 1.1279116 0.3624518
h2:inflation_expectations_1y 0.3467022   0.09782689 1.3930759 0.1918255
h2:inflation_expectations_3y 0.1880763  -0.12122796 0.6080624 0.8592757
h2:inflation                 0.1746139  -0.13981884 0.5553299 0.8987331
h2:economic_activity         0.2860962   0.01413290 1.0519662 0.4271397

$diagnostic_list$`Shock: politics`[[3]]
                                R-sqrd. Adj. R-sqrd.    F-stat   p-value
h3:politics                  0.24159944 -0.054361748 0.8163214 0.6603884
h3:inflation_expectations_1y 0.28373766  0.004220643 1.0150998 0.4613879
h3:inflation_expectations_3y 0.06977641 -0.293237671 0.1922141 0.9995713
h3:inflation                 0.12194195 -0.220714843 0.3558720 0.9857437
h3:economic_activity         0.26441988 -0.022635773 0.9211450 0.5527698

$diagnostic_list$`Shock: politics`[[4]]
                               R-sqrd.  Adj. R-sqrd.    F-stat   p-value
h4:politics                  0.2852489 -0.0006514729 0.9977213 0.4781859
h4:inflation_expectations_1y 0.2833302 -0.0033377099 0.9883569 0.4870739
h4:inflation_expectations_3y 0.2205113 -0.0912842133 0.7072305 0.7699429
h4:inflation                 0.1977181 -0.1231946746 0.6161116 0.8518200
h4:economic_activity         0.3086699  0.0321378543 1.1162175 0.3735891

$diagnostic_list$`Shock: politics`[[5]]
                               R-sqrd. Adj. R-sqrd.    F-stat   p-value
h5:politics                  0.2463564  -0.06283068 0.7967875 0.6801400
h5:inflation_expectations_1y 0.3188823   0.03944944 1.1411768 0.3545439
h5:inflation_expectations_3y 0.2649032  -0.03667497 0.8783898 0.5964238
h5:inflation                 0.1761675  -0.16181505 0.5212326 0.9195477
h5:economic_activity         0.2644555  -0.03730639 0.8763714 0.5984838

$diagnostic_list$`Shock: politics`[[6]]
                               R-sqrd. Adj. R-sqrd.    F-stat   p-value
h6:politics                  0.2881093  -0.01163422 0.9611861 0.5140258
h6:inflation_expectations_1y 0.4094565   0.16080659 1.6467189 0.1030339
h6:inflation_expectations_3y 0.3242512   0.03972543 1.1396198 0.3567302
h6:inflation                 0.3043489   0.01144323 1.0390680 0.4412400
h6:economic_activity         0.2453230  -0.07243577 0.7720416 0.7050708

$diagnostic_list$`Shock: politics`[[7]]
                               R-sqrd. Adj. R-sqrd.    F-stat    p-value
h7:politics                  0.3216009  0.028239149 1.0962605 0.39262391
h7:inflation_expectations_1y 0.3726639  0.101383483 1.3737220 0.20798411
h7:inflation_expectations_3y 0.4449007  0.204857691 1.8534209 0.06060446
h7:inflation                 0.3029258  0.001488248 1.0049372 0.47299421
h7:economic_activity         0.2770561 -0.035568264 0.8862268 0.58863207

$diagnostic_list$`Shock: politics`[[8]]
                               R-sqrd. Adj. R-sqrd.   F-stat     p-value
h8:politics                  0.4339597  0.182386210 1.724982 0.086434672
h8:inflation_expectations_1y 0.5540370  0.355831155 2.795261 0.005190394
h8:inflation_expectations_3y 0.3112828  0.005186313 1.016943 0.462562171
h8:inflation                 0.3586717  0.073636950 1.258344 0.275089836
h8:economic_activity         0.4289969  0.175217763 1.690434 0.094531717

$diagnostic_list$`Shock: politics`[[9]]
                               R-sqrd. Adj. R-sqrd.    F-stat    p-value
h9:politics                  0.4943898   0.26325373 2.1389556 0.02990793
h9:inflation_expectations_1y 0.5304242   0.31576104 2.4709602 0.01258457
h9:inflation_expectations_3y 0.3600782   0.06754251 1.2308864 0.29429772
h9:inflation                 0.2663557  -0.06902458 0.7941901 0.68189284
h9:economic_activity         0.2699338  -0.06381080 0.8088035 0.66711378

$diagnostic_list$`Shock: politics`[[10]]
                                R-sqrd. Adj. R-sqrd.    F-stat    p-value
h10:politics                  0.4617729  0.208489591 1.8231477 0.06954992
h10:inflation_expectations_1y 0.5292463  0.307715101 2.3890375 0.01619097
h10:inflation_expectations_3y 0.2671050 -0.077786749 0.7744604 0.70143650
h10:inflation                 0.2305092 -0.131604059 0.6365666 0.83141209
h10:economic_activity         0.3186291 -0.002016048 0.9937125 0.48515583

$diagnostic_list$`Shock: politics`[[11]]
                                R-sqrd. Adj. R-sqrd.    F-stat    p-value
h11:politics                  0.4889074   0.24110495 1.9729724 0.04853763
h11:inflation_expectations_1y 0.4806172   0.22879521 1.9085593 0.05717382
h11:inflation_expectations_3y 0.3577693   0.04638471 1.1489628 0.35515495
h11:inflation                 0.2027606  -0.18377967 0.5245524 0.91447761
h11:economic_activity         0.2919900  -0.05128754 0.8505945 0.62469668

$diagnostic_list$`Shock: politics`[[12]]
                                R-sqrd. Adj. R-sqrd.    F-stat     p-value
h12:politics                  0.5901984   0.38529756 2.8804101 0.005285288
h12:inflation_expectations_1y 0.5898593   0.38478895 2.8763753 0.005336725
h12:inflation_expectations_3y 0.3653840   0.04807603 1.1515122 0.354546143
h12:inflation                 0.3107114  -0.03393297 0.9015421 0.574146733
h12:economic_activity         0.4338271   0.15074072 1.5324901 0.148341229


$diagnostic_list$`Shock: inflation_expectations_1y`
$diagnostic_list$`Shock: inflation_expectations_1y`[[1]]
                               R-sqrd. Adj. R-sqrd.   F-stat      p-value
h1:politics                  0.4557543  0.253244318 2.250527 1.762071e-02
h1:inflation_expectations_1y 0.6073956  0.461310276 4.157813 9.580887e-05
h1:inflation_expectations_3y 0.4041432  0.182429056 1.822812 5.957624e-02
h1:inflation                 0.3857334  0.157169128 1.687636 8.680412e-02
h1:economic_activity         0.2767279  0.007603393 1.028252 4.481608e-01

$diagnostic_list$`Shock: inflation_expectations_1y`[[2]]
                               R-sqrd. Adj. R-sqrd.    F-stat   p-value
h2:politics                  0.3005431   0.03408330 1.1279116 0.3624518
h2:inflation_expectations_1y 0.3467022   0.09782689 1.3930759 0.1918255
h2:inflation_expectations_3y 0.1880763  -0.12122796 0.6080624 0.8592757
h2:inflation                 0.1746139  -0.13981884 0.5553299 0.8987331
h2:economic_activity         0.2860962   0.01413290 1.0519662 0.4271397

$diagnostic_list$`Shock: inflation_expectations_1y`[[3]]
                                R-sqrd. Adj. R-sqrd.    F-stat   p-value
h3:politics                  0.24159944 -0.054361748 0.8163214 0.6603884
h3:inflation_expectations_1y 0.28373766  0.004220643 1.0150998 0.4613879
h3:inflation_expectations_3y 0.06977641 -0.293237671 0.1922141 0.9995713
h3:inflation                 0.12194195 -0.220714843 0.3558720 0.9857437
h3:economic_activity         0.26441988 -0.022635773 0.9211450 0.5527698

$diagnostic_list$`Shock: inflation_expectations_1y`[[4]]
                               R-sqrd.  Adj. R-sqrd.    F-stat   p-value
h4:politics                  0.2852489 -0.0006514729 0.9977213 0.4781859
h4:inflation_expectations_1y 0.2833302 -0.0033377099 0.9883569 0.4870739
h4:inflation_expectations_3y 0.2205113 -0.0912842133 0.7072305 0.7699429
h4:inflation                 0.1977181 -0.1231946746 0.6161116 0.8518200
h4:economic_activity         0.3086699  0.0321378543 1.1162175 0.3735891

$diagnostic_list$`Shock: inflation_expectations_1y`[[5]]
                               R-sqrd. Adj. R-sqrd.    F-stat   p-value
h5:politics                  0.2463564  -0.06283068 0.7967875 0.6801400
h5:inflation_expectations_1y 0.3188823   0.03944944 1.1411768 0.3545439
h5:inflation_expectations_3y 0.2649032  -0.03667497 0.8783898 0.5964238
h5:inflation                 0.1761675  -0.16181505 0.5212326 0.9195477
h5:economic_activity         0.2644555  -0.03730639 0.8763714 0.5984838

$diagnostic_list$`Shock: inflation_expectations_1y`[[6]]
                               R-sqrd. Adj. R-sqrd.    F-stat   p-value
h6:politics                  0.2881093  -0.01163422 0.9611861 0.5140258
h6:inflation_expectations_1y 0.4094565   0.16080659 1.6467189 0.1030339
h6:inflation_expectations_3y 0.3242512   0.03972543 1.1396198 0.3567302
h6:inflation                 0.3043489   0.01144323 1.0390680 0.4412400
h6:economic_activity         0.2453230  -0.07243577 0.7720416 0.7050708

$diagnostic_list$`Shock: inflation_expectations_1y`[[7]]
                               R-sqrd. Adj. R-sqrd.    F-stat    p-value
h7:politics                  0.3216009  0.028239149 1.0962605 0.39262391
h7:inflation_expectations_1y 0.3726639  0.101383483 1.3737220 0.20798411
h7:inflation_expectations_3y 0.4449007  0.204857691 1.8534209 0.06060446
h7:inflation                 0.3029258  0.001488248 1.0049372 0.47299421
h7:economic_activity         0.2770561 -0.035568264 0.8862268 0.58863207

$diagnostic_list$`Shock: inflation_expectations_1y`[[8]]
                               R-sqrd. Adj. R-sqrd.   F-stat     p-value
h8:politics                  0.4339597  0.182386210 1.724982 0.086434672
h8:inflation_expectations_1y 0.5540370  0.355831155 2.795261 0.005190394
h8:inflation_expectations_3y 0.3112828  0.005186313 1.016943 0.462562171
h8:inflation                 0.3586717  0.073636950 1.258344 0.275089836
h8:economic_activity         0.4289969  0.175217763 1.690434 0.094531717

$diagnostic_list$`Shock: inflation_expectations_1y`[[9]]
                               R-sqrd. Adj. R-sqrd.    F-stat    p-value
h9:politics                  0.4943898   0.26325373 2.1389556 0.02990793
h9:inflation_expectations_1y 0.5304242   0.31576104 2.4709602 0.01258457
h9:inflation_expectations_3y 0.3600782   0.06754251 1.2308864 0.29429772
h9:inflation                 0.2663557  -0.06902458 0.7941901 0.68189284
h9:economic_activity         0.2699338  -0.06381080 0.8088035 0.66711378

$diagnostic_list$`Shock: inflation_expectations_1y`[[10]]
                                R-sqrd. Adj. R-sqrd.    F-stat    p-value
h10:politics                  0.4617729  0.208489591 1.8231477 0.06954992
h10:inflation_expectations_1y 0.5292463  0.307715101 2.3890375 0.01619097
h10:inflation_expectations_3y 0.2671050 -0.077786749 0.7744604 0.70143650
h10:inflation                 0.2305092 -0.131604059 0.6365666 0.83141209
h10:economic_activity         0.3186291 -0.002016048 0.9937125 0.48515583

$diagnostic_list$`Shock: inflation_expectations_1y`[[11]]
                                R-sqrd. Adj. R-sqrd.    F-stat    p-value
h11:politics                  0.4889074   0.24110495 1.9729724 0.04853763
h11:inflation_expectations_1y 0.4806172   0.22879521 1.9085593 0.05717382
h11:inflation_expectations_3y 0.3577693   0.04638471 1.1489628 0.35515495
h11:inflation                 0.2027606  -0.18377967 0.5245524 0.91447761
h11:economic_activity         0.2919900  -0.05128754 0.8505945 0.62469668

$diagnostic_list$`Shock: inflation_expectations_1y`[[12]]
                                R-sqrd. Adj. R-sqrd.    F-stat     p-value
h12:politics                  0.5901984   0.38529756 2.8804101 0.005285288
h12:inflation_expectations_1y 0.5898593   0.38478895 2.8763753 0.005336725
h12:inflation_expectations_3y 0.3653840   0.04807603 1.1515122 0.354546143
h12:inflation                 0.3107114  -0.03393297 0.9015421 0.574146733
h12:economic_activity         0.4338271   0.15074072 1.5324901 0.148341229


$diagnostic_list$`Shock: inflation_expectations_3y`
$diagnostic_list$`Shock: inflation_expectations_3y`[[1]]
                               R-sqrd. Adj. R-sqrd.   F-stat      p-value
h1:politics                  0.4557543  0.253244318 2.250527 1.762071e-02
h1:inflation_expectations_1y 0.6073956  0.461310276 4.157813 9.580887e-05
h1:inflation_expectations_3y 0.4041432  0.182429056 1.822812 5.957624e-02
h1:inflation                 0.3857334  0.157169128 1.687636 8.680412e-02
h1:economic_activity         0.2767279  0.007603393 1.028252 4.481608e-01

$diagnostic_list$`Shock: inflation_expectations_3y`[[2]]
                               R-sqrd. Adj. R-sqrd.    F-stat   p-value
h2:politics                  0.3005431   0.03408330 1.1279116 0.3624518
h2:inflation_expectations_1y 0.3467022   0.09782689 1.3930759 0.1918255
h2:inflation_expectations_3y 0.1880763  -0.12122796 0.6080624 0.8592757
h2:inflation                 0.1746139  -0.13981884 0.5553299 0.8987331
h2:economic_activity         0.2860962   0.01413290 1.0519662 0.4271397

$diagnostic_list$`Shock: inflation_expectations_3y`[[3]]
                                R-sqrd. Adj. R-sqrd.    F-stat   p-value
h3:politics                  0.24159944 -0.054361748 0.8163214 0.6603884
h3:inflation_expectations_1y 0.28373766  0.004220643 1.0150998 0.4613879
h3:inflation_expectations_3y 0.06977641 -0.293237671 0.1922141 0.9995713
h3:inflation                 0.12194195 -0.220714843 0.3558720 0.9857437
h3:economic_activity         0.26441988 -0.022635773 0.9211450 0.5527698

$diagnostic_list$`Shock: inflation_expectations_3y`[[4]]
                               R-sqrd.  Adj. R-sqrd.    F-stat   p-value
h4:politics                  0.2852489 -0.0006514729 0.9977213 0.4781859
h4:inflation_expectations_1y 0.2833302 -0.0033377099 0.9883569 0.4870739
h4:inflation_expectations_3y 0.2205113 -0.0912842133 0.7072305 0.7699429
h4:inflation                 0.1977181 -0.1231946746 0.6161116 0.8518200
h4:economic_activity         0.3086699  0.0321378543 1.1162175 0.3735891

$diagnostic_list$`Shock: inflation_expectations_3y`[[5]]
                               R-sqrd. Adj. R-sqrd.    F-stat   p-value
h5:politics                  0.2463564  -0.06283068 0.7967875 0.6801400
h5:inflation_expectations_1y 0.3188823   0.03944944 1.1411768 0.3545439
h5:inflation_expectations_3y 0.2649032  -0.03667497 0.8783898 0.5964238
h5:inflation                 0.1761675  -0.16181505 0.5212326 0.9195477
h5:economic_activity         0.2644555  -0.03730639 0.8763714 0.5984838

$diagnostic_list$`Shock: inflation_expectations_3y`[[6]]
                               R-sqrd. Adj. R-sqrd.    F-stat   p-value
h6:politics                  0.2881093  -0.01163422 0.9611861 0.5140258
h6:inflation_expectations_1y 0.4094565   0.16080659 1.6467189 0.1030339
h6:inflation_expectations_3y 0.3242512   0.03972543 1.1396198 0.3567302
h6:inflation                 0.3043489   0.01144323 1.0390680 0.4412400
h6:economic_activity         0.2453230  -0.07243577 0.7720416 0.7050708

$diagnostic_list$`Shock: inflation_expectations_3y`[[7]]
                               R-sqrd. Adj. R-sqrd.    F-stat    p-value
h7:politics                  0.3216009  0.028239149 1.0962605 0.39262391
h7:inflation_expectations_1y 0.3726639  0.101383483 1.3737220 0.20798411
h7:inflation_expectations_3y 0.4449007  0.204857691 1.8534209 0.06060446
h7:inflation                 0.3029258  0.001488248 1.0049372 0.47299421
h7:economic_activity         0.2770561 -0.035568264 0.8862268 0.58863207

$diagnostic_list$`Shock: inflation_expectations_3y`[[8]]
                               R-sqrd. Adj. R-sqrd.   F-stat     p-value
h8:politics                  0.4339597  0.182386210 1.724982 0.086434672
h8:inflation_expectations_1y 0.5540370  0.355831155 2.795261 0.005190394
h8:inflation_expectations_3y 0.3112828  0.005186313 1.016943 0.462562171
h8:inflation                 0.3586717  0.073636950 1.258344 0.275089836
h8:economic_activity         0.4289969  0.175217763 1.690434 0.094531717

$diagnostic_list$`Shock: inflation_expectations_3y`[[9]]
                               R-sqrd. Adj. R-sqrd.    F-stat    p-value
h9:politics                  0.4943898   0.26325373 2.1389556 0.02990793
h9:inflation_expectations_1y 0.5304242   0.31576104 2.4709602 0.01258457
h9:inflation_expectations_3y 0.3600782   0.06754251 1.2308864 0.29429772
h9:inflation                 0.2663557  -0.06902458 0.7941901 0.68189284
h9:economic_activity         0.2699338  -0.06381080 0.8088035 0.66711378

$diagnostic_list$`Shock: inflation_expectations_3y`[[10]]
                                R-sqrd. Adj. R-sqrd.    F-stat    p-value
h10:politics                  0.4617729  0.208489591 1.8231477 0.06954992
h10:inflation_expectations_1y 0.5292463  0.307715101 2.3890375 0.01619097
h10:inflation_expectations_3y 0.2671050 -0.077786749 0.7744604 0.70143650
h10:inflation                 0.2305092 -0.131604059 0.6365666 0.83141209
h10:economic_activity         0.3186291 -0.002016048 0.9937125 0.48515583

$diagnostic_list$`Shock: inflation_expectations_3y`[[11]]
                                R-sqrd. Adj. R-sqrd.    F-stat    p-value
h11:politics                  0.4889074   0.24110495 1.9729724 0.04853763
h11:inflation_expectations_1y 0.4806172   0.22879521 1.9085593 0.05717382
h11:inflation_expectations_3y 0.3577693   0.04638471 1.1489628 0.35515495
h11:inflation                 0.2027606  -0.18377967 0.5245524 0.91447761
h11:economic_activity         0.2919900  -0.05128754 0.8505945 0.62469668

$diagnostic_list$`Shock: inflation_expectations_3y`[[12]]
                                R-sqrd. Adj. R-sqrd.    F-stat     p-value
h12:politics                  0.5901984   0.38529756 2.8804101 0.005285288
h12:inflation_expectations_1y 0.5898593   0.38478895 2.8763753 0.005336725
h12:inflation_expectations_3y 0.3653840   0.04807603 1.1515122 0.354546143
h12:inflation                 0.3107114  -0.03393297 0.9015421 0.574146733
h12:economic_activity         0.4338271   0.15074072 1.5324901 0.148341229


$diagnostic_list$`Shock: inflation`
$diagnostic_list$`Shock: inflation`[[1]]
                               R-sqrd. Adj. R-sqrd.   F-stat      p-value
h1:politics                  0.4557543  0.253244318 2.250527 1.762071e-02
h1:inflation_expectations_1y 0.6073956  0.461310276 4.157813 9.580887e-05
h1:inflation_expectations_3y 0.4041432  0.182429056 1.822812 5.957624e-02
h1:inflation                 0.3857334  0.157169128 1.687636 8.680412e-02
h1:economic_activity         0.2767279  0.007603393 1.028252 4.481608e-01

$diagnostic_list$`Shock: inflation`[[2]]
                               R-sqrd. Adj. R-sqrd.    F-stat   p-value
h2:politics                  0.3005431   0.03408330 1.1279116 0.3624518
h2:inflation_expectations_1y 0.3467022   0.09782689 1.3930759 0.1918255
h2:inflation_expectations_3y 0.1880763  -0.12122796 0.6080624 0.8592757
h2:inflation                 0.1746139  -0.13981884 0.5553299 0.8987331
h2:economic_activity         0.2860962   0.01413290 1.0519662 0.4271397

$diagnostic_list$`Shock: inflation`[[3]]
                                R-sqrd. Adj. R-sqrd.    F-stat   p-value
h3:politics                  0.24159944 -0.054361748 0.8163214 0.6603884
h3:inflation_expectations_1y 0.28373766  0.004220643 1.0150998 0.4613879
h3:inflation_expectations_3y 0.06977641 -0.293237671 0.1922141 0.9995713
h3:inflation                 0.12194195 -0.220714843 0.3558720 0.9857437
h3:economic_activity         0.26441988 -0.022635773 0.9211450 0.5527698

$diagnostic_list$`Shock: inflation`[[4]]
                               R-sqrd.  Adj. R-sqrd.    F-stat   p-value
h4:politics                  0.2852489 -0.0006514729 0.9977213 0.4781859
h4:inflation_expectations_1y 0.2833302 -0.0033377099 0.9883569 0.4870739
h4:inflation_expectations_3y 0.2205113 -0.0912842133 0.7072305 0.7699429
h4:inflation                 0.1977181 -0.1231946746 0.6161116 0.8518200
h4:economic_activity         0.3086699  0.0321378543 1.1162175 0.3735891

$diagnostic_list$`Shock: inflation`[[5]]
                               R-sqrd. Adj. R-sqrd.    F-stat   p-value
h5:politics                  0.2463564  -0.06283068 0.7967875 0.6801400
h5:inflation_expectations_1y 0.3188823   0.03944944 1.1411768 0.3545439
h5:inflation_expectations_3y 0.2649032  -0.03667497 0.8783898 0.5964238
h5:inflation                 0.1761675  -0.16181505 0.5212326 0.9195477
h5:economic_activity         0.2644555  -0.03730639 0.8763714 0.5984838

$diagnostic_list$`Shock: inflation`[[6]]
                               R-sqrd. Adj. R-sqrd.    F-stat   p-value
h6:politics                  0.2881093  -0.01163422 0.9611861 0.5140258
h6:inflation_expectations_1y 0.4094565   0.16080659 1.6467189 0.1030339
h6:inflation_expectations_3y 0.3242512   0.03972543 1.1396198 0.3567302
h6:inflation                 0.3043489   0.01144323 1.0390680 0.4412400
h6:economic_activity         0.2453230  -0.07243577 0.7720416 0.7050708

$diagnostic_list$`Shock: inflation`[[7]]
                               R-sqrd. Adj. R-sqrd.    F-stat    p-value
h7:politics                  0.3216009  0.028239149 1.0962605 0.39262391
h7:inflation_expectations_1y 0.3726639  0.101383483 1.3737220 0.20798411
h7:inflation_expectations_3y 0.4449007  0.204857691 1.8534209 0.06060446
h7:inflation                 0.3029258  0.001488248 1.0049372 0.47299421
h7:economic_activity         0.2770561 -0.035568264 0.8862268 0.58863207

$diagnostic_list$`Shock: inflation`[[8]]
                               R-sqrd. Adj. R-sqrd.   F-stat     p-value
h8:politics                  0.4339597  0.182386210 1.724982 0.086434672
h8:inflation_expectations_1y 0.5540370  0.355831155 2.795261 0.005190394
h8:inflation_expectations_3y 0.3112828  0.005186313 1.016943 0.462562171
h8:inflation                 0.3586717  0.073636950 1.258344 0.275089836
h8:economic_activity         0.4289969  0.175217763 1.690434 0.094531717

$diagnostic_list$`Shock: inflation`[[9]]
                               R-sqrd. Adj. R-sqrd.    F-stat    p-value
h9:politics                  0.4943898   0.26325373 2.1389556 0.02990793
h9:inflation_expectations_1y 0.5304242   0.31576104 2.4709602 0.01258457
h9:inflation_expectations_3y 0.3600782   0.06754251 1.2308864 0.29429772
h9:inflation                 0.2663557  -0.06902458 0.7941901 0.68189284
h9:economic_activity         0.2699338  -0.06381080 0.8088035 0.66711378

$diagnostic_list$`Shock: inflation`[[10]]
                                R-sqrd. Adj. R-sqrd.    F-stat    p-value
h10:politics                  0.4617729  0.208489591 1.8231477 0.06954992
h10:inflation_expectations_1y 0.5292463  0.307715101 2.3890375 0.01619097
h10:inflation_expectations_3y 0.2671050 -0.077786749 0.7744604 0.70143650
h10:inflation                 0.2305092 -0.131604059 0.6365666 0.83141209
h10:economic_activity         0.3186291 -0.002016048 0.9937125 0.48515583

$diagnostic_list$`Shock: inflation`[[11]]
                                R-sqrd. Adj. R-sqrd.    F-stat    p-value
h11:politics                  0.4889074   0.24110495 1.9729724 0.04853763
h11:inflation_expectations_1y 0.4806172   0.22879521 1.9085593 0.05717382
h11:inflation_expectations_3y 0.3577693   0.04638471 1.1489628 0.35515495
h11:inflation                 0.2027606  -0.18377967 0.5245524 0.91447761
h11:economic_activity         0.2919900  -0.05128754 0.8505945 0.62469668

$diagnostic_list$`Shock: inflation`[[12]]
                                R-sqrd. Adj. R-sqrd.    F-stat     p-value
h12:politics                  0.5901984   0.38529756 2.8804101 0.005285288
h12:inflation_expectations_1y 0.5898593   0.38478895 2.8763753 0.005336725
h12:inflation_expectations_3y 0.3653840   0.04807603 1.1515122 0.354546143
h12:inflation                 0.3107114  -0.03393297 0.9015421 0.574146733
h12:economic_activity         0.4338271   0.15074072 1.5324901 0.148341229


$diagnostic_list$`Shock: economic_activity`
$diagnostic_list$`Shock: economic_activity`[[1]]
                               R-sqrd. Adj. R-sqrd.   F-stat      p-value
h1:politics                  0.4557543  0.253244318 2.250527 1.762071e-02
h1:inflation_expectations_1y 0.6073956  0.461310276 4.157813 9.580887e-05
h1:inflation_expectations_3y 0.4041432  0.182429056 1.822812 5.957624e-02
h1:inflation                 0.3857334  0.157169128 1.687636 8.680412e-02
h1:economic_activity         0.2767279  0.007603393 1.028252 4.481608e-01

$diagnostic_list$`Shock: economic_activity`[[2]]
                               R-sqrd. Adj. R-sqrd.    F-stat   p-value
h2:politics                  0.3005431   0.03408330 1.1279116 0.3624518
h2:inflation_expectations_1y 0.3467022   0.09782689 1.3930759 0.1918255
h2:inflation_expectations_3y 0.1880763  -0.12122796 0.6080624 0.8592757
h2:inflation                 0.1746139  -0.13981884 0.5553299 0.8987331
h2:economic_activity         0.2860962   0.01413290 1.0519662 0.4271397

$diagnostic_list$`Shock: economic_activity`[[3]]
                                R-sqrd. Adj. R-sqrd.    F-stat   p-value
h3:politics                  0.24159944 -0.054361748 0.8163214 0.6603884
h3:inflation_expectations_1y 0.28373766  0.004220643 1.0150998 0.4613879
h3:inflation_expectations_3y 0.06977641 -0.293237671 0.1922141 0.9995713
h3:inflation                 0.12194195 -0.220714843 0.3558720 0.9857437
h3:economic_activity         0.26441988 -0.022635773 0.9211450 0.5527698

$diagnostic_list$`Shock: economic_activity`[[4]]
                               R-sqrd.  Adj. R-sqrd.    F-stat   p-value
h4:politics                  0.2852489 -0.0006514729 0.9977213 0.4781859
h4:inflation_expectations_1y 0.2833302 -0.0033377099 0.9883569 0.4870739
h4:inflation_expectations_3y 0.2205113 -0.0912842133 0.7072305 0.7699429
h4:inflation                 0.1977181 -0.1231946746 0.6161116 0.8518200
h4:economic_activity         0.3086699  0.0321378543 1.1162175 0.3735891

$diagnostic_list$`Shock: economic_activity`[[5]]
                               R-sqrd. Adj. R-sqrd.    F-stat   p-value
h5:politics                  0.2463564  -0.06283068 0.7967875 0.6801400
h5:inflation_expectations_1y 0.3188823   0.03944944 1.1411768 0.3545439
h5:inflation_expectations_3y 0.2649032  -0.03667497 0.8783898 0.5964238
h5:inflation                 0.1761675  -0.16181505 0.5212326 0.9195477
h5:economic_activity         0.2644555  -0.03730639 0.8763714 0.5984838

$diagnostic_list$`Shock: economic_activity`[[6]]
                               R-sqrd. Adj. R-sqrd.    F-stat   p-value
h6:politics                  0.2881093  -0.01163422 0.9611861 0.5140258
h6:inflation_expectations_1y 0.4094565   0.16080659 1.6467189 0.1030339
h6:inflation_expectations_3y 0.3242512   0.03972543 1.1396198 0.3567302
h6:inflation                 0.3043489   0.01144323 1.0390680 0.4412400
h6:economic_activity         0.2453230  -0.07243577 0.7720416 0.7050708

$diagnostic_list$`Shock: economic_activity`[[7]]
                               R-sqrd. Adj. R-sqrd.    F-stat    p-value
h7:politics                  0.3216009  0.028239149 1.0962605 0.39262391
h7:inflation_expectations_1y 0.3726639  0.101383483 1.3737220 0.20798411
h7:inflation_expectations_3y 0.4449007  0.204857691 1.8534209 0.06060446
h7:inflation                 0.3029258  0.001488248 1.0049372 0.47299421
h7:economic_activity         0.2770561 -0.035568264 0.8862268 0.58863207

$diagnostic_list$`Shock: economic_activity`[[8]]
                               R-sqrd. Adj. R-sqrd.   F-stat     p-value
h8:politics                  0.4339597  0.182386210 1.724982 0.086434672
h8:inflation_expectations_1y 0.5540370  0.355831155 2.795261 0.005190394
h8:inflation_expectations_3y 0.3112828  0.005186313 1.016943 0.462562171
h8:inflation                 0.3586717  0.073636950 1.258344 0.275089836
h8:economic_activity         0.4289969  0.175217763 1.690434 0.094531717

$diagnostic_list$`Shock: economic_activity`[[9]]
                               R-sqrd. Adj. R-sqrd.    F-stat    p-value
h9:politics                  0.4943898   0.26325373 2.1389556 0.02990793
h9:inflation_expectations_1y 0.5304242   0.31576104 2.4709602 0.01258457
h9:inflation_expectations_3y 0.3600782   0.06754251 1.2308864 0.29429772
h9:inflation                 0.2663557  -0.06902458 0.7941901 0.68189284
h9:economic_activity         0.2699338  -0.06381080 0.8088035 0.66711378

$diagnostic_list$`Shock: economic_activity`[[10]]
                                R-sqrd. Adj. R-sqrd.    F-stat    p-value
h10:politics                  0.4617729  0.208489591 1.8231477 0.06954992
h10:inflation_expectations_1y 0.5292463  0.307715101 2.3890375 0.01619097
h10:inflation_expectations_3y 0.2671050 -0.077786749 0.7744604 0.70143650
h10:inflation                 0.2305092 -0.131604059 0.6365666 0.83141209
h10:economic_activity         0.3186291 -0.002016048 0.9937125 0.48515583

$diagnostic_list$`Shock: economic_activity`[[11]]
                                R-sqrd. Adj. R-sqrd.    F-stat    p-value
h11:politics                  0.4889074   0.24110495 1.9729724 0.04853763
h11:inflation_expectations_1y 0.4806172   0.22879521 1.9085593 0.05717382
h11:inflation_expectations_3y 0.3577693   0.04638471 1.1489628 0.35515495
h11:inflation                 0.2027606  -0.18377967 0.5245524 0.91447761
h11:economic_activity         0.2919900  -0.05128754 0.8505945 0.62469668

$diagnostic_list$`Shock: economic_activity`[[12]]
                                R-sqrd. Adj. R-sqrd.    F-stat     p-value
h12:politics                  0.5901984   0.38529756 2.8804101 0.005285288
h12:inflation_expectations_1y 0.5898593   0.38478895 2.8763753 0.005336725
h12:inflation_expectations_3y 0.3653840   0.04807603 1.1515122 0.354546143
h12:inflation                 0.3107114  -0.03393297 0.9015421 0.574146733
h12:economic_activity         0.4338271   0.15074072 1.5324901 0.148341229



$specs
$specs$lags_endog_lin
SC(n) 
    1 

$specs$lags_criterion
[1] NaN

$specs$max_lags
[1] NaN

$specs$trend
[1] 0

$specs$shock_type
[1] 0

$specs$confint
[1] 1.65

$specs$hor
[1] 12

$specs$use_nw
[1] TRUE

$specs$nw_prewhite
[1] FALSE

$specs$adjust_se
[1] FALSE

$specs$use_twosls
[1] FALSE

$specs$contemp_data
$specs$contemp_data$dummy
 [1] 0 0 0 0 0 0 0 0 0 0 0 0 0 0 0 0 0 0 0 0 0 0 0 0 0 0 1 1 1 1 0 1 0 1 0 0 0 0 0 0 0 0 0 0 0 0 0 0 0 0 0 0 0 0 0 0 0 0 0 0
[61] 0

$specs$contemp_data$Jan
 [1] 0 0 0 0 0 0 0 0 0 0 0 1 0 0 0 0 0 0 0 0 0 0 0 1 0 0 0 0 0 0 0 0 0 0 0 1 0 0 0 0 0 0 0 0 0 0 0 1 0 0 0 0 0 0 0 0 0 0 0 1
[61] 0

$specs$contemp_data$Feb
 [1] 1 0 0 0 0 0 0 0 0 0 0 0 1 0 0 0 0 0 0 0 0 0 0 0 1 0 0 0 0 0 0 0 0 0 0 0 1 0 0 0 0 0 0 0 0 0 0 0 1 0 0 0 0 0 0 0 0 0 0 0
[61] 1

$specs$contemp_data$Mar
 [1] 0 1 0 0 0 0 0 0 0 0 0 0 0 1 0 0 0 0 0 0 0 0 0 0 0 1 0 0 0 0 0 0 0 0 0 0 0 1 0 0 0 0 0 0 0 0 0 0 0 1 0 0 0 0 0 0 0 0 0 0
[61] 0

$specs$contemp_data$Apr
 [1] 0 0 1 0 0 0 0 0 0 0 0 0 0 0 1 0 0 0 0 0 0 0 0 0 0 0 1 0 0 0 0 0 0 0 0 0 0 0 1 0 0 0 0 0 0 0 0 0 0 0 1 0 0 0 0 0 0 0 0 0
[61] 0

$specs$contemp_data$May
 [1] 0 0 0 1 0 0 0 0 0 0 0 0 0 0 0 1 0 0 0 0 0 0 0 0 0 0 0 1 0 0 0 0 0 0 0 0 0 0 0 1 0 0 0 0 0 0 0 0 0 0 0 1 0 0 0 0 0 0 0 0
[61] 0

$specs$contemp_data$Jun
 [1] 0 0 0 0 1 0 0 0 0 0 0 0 0 0 0 0 1 0 0 0 0 0 0 0 0 0 0 0 1 0 0 0 0 0 0 0 0 0 0 0 1 0 0 0 0 0 0 0 0 0 0 0 1 0 0 0 0 0 0 0
[61] 0

$specs$contemp_data$Jul
 [1] 0 0 0 0 0 1 0 0 0 0 0 0 0 0 0 0 0 1 0 0 0 0 0 0 0 0 0 0 0 1 0 0 0 0 0 0 0 0 0 0 0 1 0 0 0 0 0 0 0 0 0 0 0 1 0 0 0 0 0 0
[61] 0

$specs$contemp_data$Aug
 [1] 0 0 0 0 0 0 1 0 0 0 0 0 0 0 0 0 0 0 1 0 0 0 0 0 0 0 0 0 0 0 1 0 0 0 0 0 0 0 0 0 0 0 1 0 0 0 0 0 0 0 0 0 0 0 1 0 0 0 0 0
[61] 0

$specs$contemp_data$Sep
 [1] 0 0 0 0 0 0 0 1 0 0 0 0 0 0 0 0 0 0 0 1 0 0 0 0 0 0 0 0 0 0 0 1 0 0 0 0 0 0 0 0 0 0 0 1 0 0 0 0 0 0 0 0 0 0 0 1 0 0 0 0
[61] 0

$specs$contemp_data$Oct
 [1] 0 0 0 0 0 0 0 0 1 0 0 0 0 0 0 0 0 0 0 0 1 0 0 0 0 0 0 0 0 0 0 0 1 0 0 0 0 0 0 0 0 0 0 0 1 0 0 0 0 0 0 0 0 0 0 0 1 0 0 0
[61] 0


$specs$model_type
[1] 0

$specs$starts
[1] 1

$specs$ends
[1] 61

$specs$column_names
[1] "politics"                  "inflation_expectations_1y" "inflation_expectations_3y" "inflation"                
[5] "economic_activity"        

$specs$endog
[1] 5

$specs$y_lin
        politics inflation_expectations_1y inflation_expectations_3y     inflation economic_activity
2   2.038623e-03              -0.093069017              -0.116992518  0.0118791283      0.0132147973
3  -2.172591e-02              -0.179841030              -0.082446768 -0.0180540196      0.0197042191
4   3.698211e-03               0.042644040              -0.009027443  0.0117895324      0.0091204916
5  -1.102521e-02               0.038628823              -0.004366708  0.0080067127      0.0256060314
6  -3.586306e-03               0.037587716               0.047957221 -0.0080781182     -0.0008554676
7  -2.499013e-03               0.042232388              -0.051764649 -0.0091070197      0.0134624669
8   1.422378e-02               0.066831950               0.083116914  0.0035186802      0.0099315901
9   1.456632e-02               0.074361879               0.104697282  0.0072325549      0.0093828680
10  2.182027e-02               0.097256869               0.129269948  0.0109363479      0.0019638250
11  5.635101e-03               0.090859949               0.040770491 -0.0256428615      0.0024138617
12  8.109040e-03               0.150130443               0.168118070 -0.0087928721     -0.0039597521
13  4.293856e-03               0.154457901               0.190173118 -0.0192514804      0.0121072497
14  1.066676e-03               0.016860856               0.023610225  0.0121350319      0.0036954885
15  1.913874e-02               0.081748607               0.155708559  0.0254869151      0.0040989018
16  2.128320e-02              -0.092583911               0.021248402  0.0315361282      0.0142325513
17 -2.655209e-03              -0.193230976              -0.043276262 -0.0135380408     -0.0038460784
18 -2.059799e-02               0.067156473               0.059606826 -0.0237050248      0.0003874938
19 -2.279891e-02               0.028570973               0.007379959  0.0070212946     -0.0030995371
20 -4.954954e-02              -0.110390831              -0.043736816 -0.0008099038     -0.0027487440
21 -2.715095e-02              -0.009296058              -0.148649219  0.0022449886      0.0100916736
22  2.595044e-03              -0.137446744              -0.128886832  0.0149056931     -0.0068965871
23 -3.488168e-03              -0.102682542               0.022526063  0.0056048268     -0.0018302030
24 -1.682741e-02               0.085885577               0.040433270  0.0166801358     -0.0053688531
25  1.048093e-02               0.052676001               0.034575991 -0.0032142186      0.0092054021
26  1.555238e-02               0.082834189               0.071948279 -0.0143825022      0.0065049140
27  1.342133e-02               0.059890764              -0.139321440 -0.0765488966     -0.1095376270
28  1.713221e-02               0.110803355               0.054336359 -0.1180561839     -0.8013817712
29  7.719900e-03               0.440086455               0.002754213 -0.0394295123      0.1819834628
30  1.404856e-02               0.060988570              -0.180594733  0.0227326525      0.1811371292
31  1.070929e-02               0.192429026               0.022748256  0.0290171471     -0.0032090982
32  5.177169e-03               0.215418333               0.210000612  0.0188797606      0.1242242661
33 -2.292630e-03               0.090842219              -0.097192097 -0.0081495346      0.0427062365
34 -1.252648e-02              -0.176135374              -0.211683475 -0.0273674729      0.0659089440
35 -5.836193e-03              -0.189613815              -0.173824252 -0.0169879726      0.0090416110
36 -3.917552e-03              -0.309955966              -0.096708136  0.0137622962     -0.0200398947
37  6.997527e-03              -0.438829199              -0.136241740 -0.0175590348      0.0297735978
38 -2.897160e-03              -0.586924618              -0.252722198 -0.0022948550      0.0122939477
39 -2.175709e-05              -0.640823289              -0.247849266  0.0090208096      0.0224621217
40  9.335846e-04              -0.744269330              -0.328708352  0.0296218439     -0.0027052872
41  5.118032e-04              -0.331977245               0.061289940  0.0278964532      0.0234591779
42 -4.488298e-03               0.239203704              -0.036411180  0.0417894154      0.0133334691
43 -6.696622e-03               0.051907720               0.062479848 -0.0037102132      0.0466232530
44 -5.365361e-03               0.168972059               0.295863311 -0.0101886004      0.0231090359
45 -1.268993e-03               0.091561951               0.448800361 -0.0095415708      0.0349689544
46  1.510935e-03               0.244040498               0.439272896  0.0513660931      0.0238252787
47  8.061554e-03               0.420618875               0.227962584  0.0346746044      0.0237066681
48 -4.049344e-03               0.265010741               0.220814479  0.0322088457      0.0235842891
49  2.455769e-03              -0.056457642              -0.282966474  0.0093029159     -0.0110638564
50  3.508684e-04               0.063072574               0.047559850  0.0216592661      0.0313075917
51 -2.346696e-04               0.583575145              -0.006092132  0.0594986810      0.0032570089
52  2.338313e-03               0.310877420               0.279880828 -0.0193295446     -0.0042385199
53 -1.755846e-03               0.535617968               0.326312135  0.0475641271     -0.0153374760
54  1.775363e-03               0.756444779               0.145136221  0.0829906319     -0.0114672989
55  2.370767e-03               0.249347053              -0.203776953 -0.0724345513     -0.0001570211
56 -6.376591e-03              -0.163336671              -0.538329081 -0.0398569237     -0.0222817013
57 -4.914433e-04              -0.387472074              -0.287419250 -0.0177631399     -0.0027547779
58 -2.085300e-03               0.208077418               0.011815895 -0.0082045127     -0.0219807589
59 -3.866868e-04              -0.407923836              -0.001392901 -0.0432906191     -0.0099343622
60  3.978020e-03              -0.539237661               0.094962482 -0.0521834854     -0.0180533987
61  1.208893e-03              -0.472610574              -0.084508752 -0.0042564185     -0.0088103979

$specs$x_lin
   politics_lag_1 inflation_expectations_1y_lag_1 inflation_expectations_3y_lag_1 inflation_lag_1 economic_activity_lag_1
2   -2.608489e-03                    -0.205402860                    -0.218241259    0.0307655897            0.0097286005
3    2.038623e-03                    -0.093069017                    -0.116992518    0.0118791283            0.0132147973
4   -2.172591e-02                    -0.179841030                    -0.082446768   -0.0180540196            0.0197042191
5    3.698211e-03                     0.042644040                    -0.009027443    0.0117895324            0.0091204916
6   -1.102521e-02                     0.038628823                    -0.004366708    0.0080067127            0.0256060314
7   -3.586306e-03                     0.037587716                     0.047957221   -0.0080781182           -0.0008554676
8   -2.499013e-03                     0.042232388                    -0.051764649   -0.0091070197            0.0134624669
9    1.422378e-02                     0.066831950                     0.083116914    0.0035186802            0.0099315901
10   1.456632e-02                     0.074361879                     0.104697282    0.0072325549            0.0093828680
11   2.182027e-02                     0.097256869                     0.129269948    0.0109363479            0.0019638250
12   5.635101e-03                     0.090859949                     0.040770491   -0.0256428615            0.0024138617
13   8.109040e-03                     0.150130443                     0.168118070   -0.0087928721           -0.0039597521
14   4.293856e-03                     0.154457901                     0.190173118   -0.0192514804            0.0121072497
15   1.066676e-03                     0.016860856                     0.023610225    0.0121350319            0.0036954885
16   1.913874e-02                     0.081748607                     0.155708559    0.0254869151            0.0040989018
17   2.128320e-02                    -0.092583911                     0.021248402    0.0315361282            0.0142325513
18  -2.655209e-03                    -0.193230976                    -0.043276262   -0.0135380408           -0.0038460784
19  -2.059799e-02                     0.067156473                     0.059606826   -0.0237050248            0.0003874938
20  -2.279891e-02                     0.028570973                     0.007379959    0.0070212946           -0.0030995371
21  -4.954954e-02                    -0.110390831                    -0.043736816   -0.0008099038           -0.0027487440
22  -2.715095e-02                    -0.009296058                    -0.148649219    0.0022449886            0.0100916736
23   2.595044e-03                    -0.137446744                    -0.128886832    0.0149056931           -0.0068965871
24  -3.488168e-03                    -0.102682542                     0.022526063    0.0056048268           -0.0018302030
25  -1.682741e-02                     0.085885577                     0.040433270    0.0166801358           -0.0053688531
26   1.048093e-02                     0.052676001                     0.034575991   -0.0032142186            0.0092054021
27   1.555238e-02                     0.082834189                     0.071948279   -0.0143825022            0.0065049140
28   1.342133e-02                     0.059890764                    -0.139321440   -0.0765488966           -0.1095376270
29   1.713221e-02                     0.110803355                     0.054336359   -0.1180561839           -0.8013817712
30   7.719900e-03                     0.440086455                     0.002754213   -0.0394295123            0.1819834628
31   1.404856e-02                     0.060988570                    -0.180594733    0.0227326525            0.1811371292
32   1.070929e-02                     0.192429026                     0.022748256    0.0290171471           -0.0032090982
33   5.177169e-03                     0.215418333                     0.210000612    0.0188797606            0.1242242661
34  -2.292630e-03                     0.090842219                    -0.097192097   -0.0081495346            0.0427062365
35  -1.252648e-02                    -0.176135374                    -0.211683475   -0.0273674729            0.0659089440
36  -5.836193e-03                    -0.189613815                    -0.173824252   -0.0169879726            0.0090416110
37  -3.917552e-03                    -0.309955966                    -0.096708136    0.0137622962           -0.0200398947
38   6.997527e-03                    -0.438829199                    -0.136241740   -0.0175590348            0.0297735978
39  -2.897160e-03                    -0.586924618                    -0.252722198   -0.0022948550            0.0122939477
40  -2.175709e-05                    -0.640823289                    -0.247849266    0.0090208096            0.0224621217
41   9.335846e-04                    -0.744269330                    -0.328708352    0.0296218439           -0.0027052872
42   5.118032e-04                    -0.331977245                     0.061289940    0.0278964532            0.0234591779
43  -4.488298e-03                     0.239203704                    -0.036411180    0.0417894154            0.0133334691
44  -6.696622e-03                     0.051907720                     0.062479848   -0.0037102132            0.0466232530
45  -5.365361e-03                     0.168972059                     0.295863311   -0.0101886004            0.0231090359
46  -1.268993e-03                     0.091561951                     0.448800361   -0.0095415708            0.0349689544
47   1.510935e-03                     0.244040498                     0.439272896    0.0513660931            0.0238252787
48   8.061554e-03                     0.420618875                     0.227962584    0.0346746044            0.0237066681
49  -4.049344e-03                     0.265010741                     0.220814479    0.0322088457            0.0235842891
50   2.455769e-03                    -0.056457642                    -0.282966474    0.0093029159           -0.0110638564
51   3.508684e-04                     0.063072574                     0.047559850    0.0216592661            0.0313075917
52  -2.346696e-04                     0.583575145                    -0.006092132    0.0594986810            0.0032570089
53   2.338313e-03                     0.310877420                     0.279880828   -0.0193295446           -0.0042385199
54  -1.755846e-03                     0.535617968                     0.326312135    0.0475641271           -0.0153374760
55   1.775363e-03                     0.756444779                     0.145136221    0.0829906319           -0.0114672989
56   2.370767e-03                     0.249347053                    -0.203776953   -0.0724345513           -0.0001570211
57  -6.376591e-03                    -0.163336671                    -0.538329081   -0.0398569237           -0.0222817013
58  -4.914433e-04                    -0.387472074                    -0.287419250   -0.0177631399           -0.0027547779
59  -2.085300e-03                     0.208077418                     0.011815895   -0.0082045127           -0.0219807589
60  -3.866868e-04                    -0.407923836                    -0.001392901   -0.0432906191           -0.0099343622
61   3.978020e-03                    -0.539237661                     0.094962482   -0.0521834854           -0.0180533987
   dummy Jan Feb Mar Apr May Jun Jul Aug Sep Oct
2      0   0   0   1   0   0   0   0   0   0   0
3      0   0   0   0   1   0   0   0   0   0   0
4      0   0   0   0   0   1   0   0   0   0   0
5      0   0   0   0   0   0   1   0   0   0   0
6      0   0   0   0   0   0   0   1   0   0   0
7      0   0   0   0   0   0   0   0   1   0   0
8      0   0   0   0   0   0   0   0   0   1   0
9      0   0   0   0   0   0   0   0   0   0   1
10     0   0   0   0   0   0   0   0   0   0   0
11     0   0   0   0   0   0   0   0   0   0   0
12     0   1   0   0   0   0   0   0   0   0   0
13     0   0   1   0   0   0   0   0   0   0   0
14     0   0   0   1   0   0   0   0   0   0   0
15     0   0   0   0   1   0   0   0   0   0   0
16     0   0   0   0   0   1   0   0   0   0   0
17     0   0   0   0   0   0   1   0   0   0   0
18     0   0   0   0   0   0   0   1   0   0   0
19     0   0   0   0   0   0   0   0   1   0   0
20     0   0   0   0   0   0   0   0   0   1   0
21     0   0   0   0   0   0   0   0   0   0   1
22     0   0   0   0   0   0   0   0   0   0   0
23     0   0   0   0   0   0   0   0   0   0   0
24     0   1   0   0   0   0   0   0   0   0   0
25     0   0   1   0   0   0   0   0   0   0   0
26     0   0   0   1   0   0   0   0   0   0   0
27     1   0   0   0   1   0   0   0   0   0   0
28     1   0   0   0   0   1   0   0   0   0   0
29     1   0   0   0   0   0   1   0   0   0   0
30     1   0   0   0   0   0   0   1   0   0   0
31     0   0   0   0   0   0   0   0   1   0   0
32     1   0   0   0   0   0   0   0   0   1   0
33     0   0   0   0   0   0   0   0   0   0   1
34     1   0   0   0   0   0   0   0   0   0   0
35     0   0   0   0   0   0   0   0   0   0   0
36     0   1   0   0   0   0   0   0   0   0   0
37     0   0   1   0   0   0   0   0   0   0   0
38     0   0   0   1   0   0   0   0   0   0   0
39     0   0   0   0   1   0   0   0   0   0   0
40     0   0   0   0   0   1   0   0   0   0   0
41     0   0   0   0   0   0   1   0   0   0   0
42     0   0   0   0   0   0   0   1   0   0   0
43     0   0   0   0   0   0   0   0   1   0   0
44     0   0   0   0   0   0   0   0   0   1   0
45     0   0   0   0   0   0   0   0   0   0   1
46     0   0   0   0   0   0   0   0   0   0   0
47     0   0   0   0   0   0   0   0   0   0   0
48     0   1   0   0   0   0   0   0   0   0   0
49     0   0   1   0   0   0   0   0   0   0   0
50     0   0   0   1   0   0   0   0   0   0   0
51     0   0   0   0   1   0   0   0   0   0   0
52     0   0   0   0   0   1   0   0   0   0   0
53     0   0   0   0   0   0   1   0   0   0   0
54     0   0   0   0   0   0   0   1   0   0   0
55     0   0   0   0   0   0   0   0   1   0   0
56     0   0   0   0   0   0   0   0   0   1   0
57     0   0   0   0   0   0   0   0   0   0   1
58     0   0   0   0   0   0   0   0   0   0   0
59     0   0   0   0   0   0   0   0   0   0   0
60     0   1   0   0   0   0   0   0   0   0   0
61     0   0   1   0   0   0   0   0   0   0   0


attr(,"class")
[1] "lpirfs_lin_obj"
