[1] "labor_shortage"       "djn level estimation"
                   1             2             3             4             5             6
AIC(n) -2.630508e+01 -2.639383e+01 -2.669607e+01 -2.734599e+01 -2.862533e+01 -3.042548e+01
HQ(n)  -2.509765e+01 -2.483128e+01 -2.477839e+01 -2.507318e+01 -2.599739e+01 -2.744242e+01
SC(n)  -2.317427e+01 -2.234220e+01 -2.172361e+01 -2.145270e+01 -2.181121e+01 -2.269054e+01
FPE(n)  4.206380e-12  4.428674e-12  4.170394e-12  3.240189e-12  1.719570e-12  8.394309e-13
                   1             2             3             4             5             6
AIC(n) -2.630508e+01 -2.639383e+01 -2.669607e+01 -2.734599e+01 -2.862533e+01 -3.042548e+01
HQ(n)  -2.509765e+01 -2.483128e+01 -2.477839e+01 -2.507318e+01 -2.599739e+01 -2.744242e+01
SC(n)  -2.317427e+01 -2.234220e+01 -2.172361e+01 -2.145270e+01 -2.181121e+01 -2.269054e+01
FPE(n)  4.206380e-12  4.428674e-12  4.170394e-12  3.240189e-12  1.719570e-12  8.394309e-13
$irf_lin_mean
, , 1

             [,1]         [,2]          [,3]          [,4]         [,5]          [,6]         [,7]          [,8]
[1,]  0.008117943 -0.001692706 -0.0004280514 -0.0003595039  0.002043673  0.0008711575 0.0003724459  0.0003943041
[2,] -0.026251569  0.040096265  0.0460877796  0.0623350421 -0.023434625  0.0699919721 0.0565191192 -0.0023965387
[3,] -0.005258631 -0.004899408  0.0577774981  0.0190163091 -0.010960909  0.0383582983 0.0404123144 -0.0055026545
[4,]  0.003876850  0.010024108  0.0041382503 -0.0005462640 -0.001314678  0.0062532396 0.0105788948  0.0041236855
[5,]  0.029224787  0.030796489 -0.0158053205 -0.0037027041  0.017251611 -0.0097465911 0.0330690859 -0.0106610299
              [,9]       [,10]        [,11]         [,12]        [,13]
[1,] -0.0008344019 0.002368431  0.001490991 -0.0006607529 -0.001095441
[2,]  0.0489443897 0.019578133  0.039296304  0.0129935844  0.117729168
[3,]  0.0016784675 0.007628645 -0.001744985  0.0220044439  0.065975633
[4,]  0.0034925848 0.007869111  0.011592852  0.0060037514  0.004766503
[5,] -0.0107121985 0.024123607  0.025649066  0.0147579084 -0.029453335

, , 2

            [,1]        [,2]         [,3]          [,4]          [,5]         [,6]          [,7]         [,8]          [,9]
[1,]  0.00000000 0.001035256  0.001002845 -0.0007105056 -0.0001038756  0.001198384 -0.0002937256  0.001004834 -0.0009040484
[2,]  0.20788096 0.054247948 -0.008136172  0.0889122751  0.0773472315  0.035526411  0.0225624351  0.052005085 -0.0025713887
[3,]  0.10091922 0.008447264  0.004497597  0.0153986273  0.0232988913 -0.033568128  0.0123842898  0.002905107 -0.0069756574
[4,]  0.00867036 0.007628723  0.002566712  0.0120542701  0.0100996206  0.007472273  0.0111347248  0.018962217  0.0135395280
[5,] -0.02370857 0.024784083  0.008988722 -0.0049234550 -0.0017076267  0.007680847  0.0276641421 -0.002996315  0.0249286996
            [,10]        [,11]        [,12]        [,13]
[1,] -0.001312617 -0.001121317  0.001448279 -0.002049624
[2,] -0.029150810  0.008640980 -0.024184268 -0.064466957
[3,] -0.037235419 -0.025838563 -0.025215941 -0.054898846
[4,]  0.009926180  0.010187037  0.015176278  0.020046165
[5,]  0.011075224 -0.012681522  0.037354337  0.020310684

, , 3

             [,1]        [,2]         [,3]         [,4]          [,5]         [,6]         [,7]         [,8]         [,9]
[1,]  0.000000000 0.001929367 -0.001804426  0.003372041 -0.0005401954  0.001788330 -0.000717838  0.002360808  0.001703665
[2,]  0.000000000 0.117802198 -0.039451898  0.032994813 -0.0145965048  0.030228991  0.141404664 -0.017823239  0.085780867
[3,]  0.173009542 0.007092030  0.015009127 -0.032722691 -0.0305261572  0.053921122  0.035295633  0.077104386 -0.014121452
[4,] -0.004703635 0.005873570 -0.003230391 -0.006892579  0.0008169281 -0.005049383  0.005766607  0.007289236  0.012521358
[5,]  0.013182097 0.008381080 -0.002708170 -0.006222229  0.0138660254 -0.021385734 -0.007381127  0.038980513  0.024835682
            [,10]        [,11]         [,12]        [,13]
[1,] -0.002126644  0.001865372 -9.819607e-05  0.001363279
[2,]  0.004836696  0.143233827  1.151118e-02  0.026201397
[3,]  0.049834105 -0.006608917 -4.252818e-02 -0.005177954
[4,]  0.013371447  0.012205226  8.655483e-03  0.000604299
[5,]  0.019681124 -0.011844719  2.279293e-02  0.004855335

, , 4

           [,1]          [,2]         [,3]          [,4]          [,5]          [,6]          [,7]          [,8]
[1,] 0.00000000  0.0006037886 -0.001257760  0.0002101654 -2.854003e-05 -0.0007483914  0.0005512386 -0.0001215065
[2,] 0.00000000  0.0213209781  0.004958954 -0.0364177401  6.167658e-03 -0.0062458831 -0.0242672870 -0.0375194963
[3,] 0.00000000 -0.0103520538 -0.034821009 -0.0304657702 -1.957615e-03  0.0086234142 -0.0066491365 -0.0273009663
[4,] 0.02779496  0.0163582489  0.010327444  0.0073009909  9.815365e-03  0.0106301294  0.0079473915  0.0101033614
[5,] 0.03288723  0.0130838006 -0.005515628  0.0086496984  1.232020e-02 -0.0044966045 -0.0098841220  0.0223277429
              [,9]        [,10]       [,11]         [,12]        [,13]
[1,]  0.0002279066 0.0002093314 0.000607990 -0.0014396062 -0.002065974
[2,] -0.0310984595 0.0011941477 0.008310238  0.0174340546 -0.015153776
[3,] -0.0292107740 0.0003413896 0.004768088  0.0005150742 -0.009473344
[4,]  0.0123192057 0.0112662409 0.013025631  0.0073473343 -0.002358286
[5,]  0.0059478670 0.0070312343 0.022510422 -0.0105234933 -0.012084985

, , 5

           [,1]          [,2]         [,3]         [,4]         [,5]         [,6]          [,7]         [,8]          [,9]
[1,] 0.00000000 -0.0003535062 -0.001084499  0.002358982 -0.001034133  0.001843499 -0.0004591531 0.0006293642  0.0002392262
[2,] 0.00000000 -0.0425463588  0.085365129 -0.004516524 -0.026559708 -0.006754646  0.0706865291 0.0115385795  0.0401214049
[3,] 0.00000000  0.0164112686  0.050740164 -0.026030433 -0.038232849  0.037246648  0.0273047497 0.0172246232  0.0143623670
[4,] 0.00000000 -0.0015214798 -0.003023610 -0.005240080 -0.004876582 -0.003958962  0.0052651292 0.0030057503 -0.0018266010
[5,] 0.08831957 -0.0220408273 -0.022099840  0.012550262 -0.011300996  0.008295413 -0.0030599017 0.0058581674  0.0156616053
             [,10]         [,11]         [,12]        [,13]
[1,]  6.755066e-05  0.0001861974 -0.0007344864  0.001013383
[2,]  1.006915e-02  0.0500423006  0.0477942049  0.017753788
[3,] -1.252826e-02  0.0300766141 -0.0033548982  0.035477065
[4,]  2.282349e-03  0.0005986702  0.0029968111 -0.002608426
[5,] -7.519934e-04 -0.0102980681  0.0138186897 -0.017752672


$irf_lin_low
, , 1

             [,1]         [,2]         [,3]         [,4]          [,5]         [,6]         [,7]         [,8]         [,9]
[1,]  0.008117943 -0.003916362 -0.002231193 -0.001796586 -5.704973e-05 -0.001539587 -0.001391123 -0.001109230 -0.002718541
[2,] -0.026251569 -0.015464684 -0.012045440 -0.001805254 -7.786297e-02 -0.004068273  0.009700717 -0.052152354 -0.004648882
[3,] -0.005258631 -0.046679556  0.019314476 -0.019227752 -6.076361e-02 -0.004752242  0.002660316 -0.040327713 -0.025544371
[4,]  0.003876850  0.003074864 -0.005824239 -0.007701482 -7.722937e-03 -0.001895027  0.003274085 -0.003529258 -0.005062418
[5,]  0.029224787 -0.011692168 -0.046182243 -0.018525756 -3.102264e-04 -0.033716605 -0.011037762 -0.030838414 -0.033388321
             [,10]        [,11]        [,12]        [,13]
[1,]  0.0005095783 -0.000390086 -0.002777008 -0.001951766
[2,] -0.0346842656 -0.004612857 -0.038736505  0.043087773
[3,] -0.0331955958 -0.040336578 -0.030321247  0.040156433
[4,] -0.0024716656  0.003689595 -0.004675197 -0.003887371
[5,]  0.0027227770 -0.001254963 -0.003416857 -0.057333793

, , 2

            [,1]         [,2]         [,3]          [,4]          [,5]         [,6]         [,7]         [,8]         [,9]
[1,]  0.00000000 -0.001759221 -0.001314114 -0.0031089505 -0.0035447781 -0.002856373 -0.003070406 -0.001462008 -0.003455329
[2,]  0.20788096 -0.036164762 -0.100666350  0.0002347162  0.0002266558 -0.053807454 -0.061197213 -0.104970137 -0.100742462
[3,]  0.10091922 -0.071403054 -0.068929436 -0.0608826752 -0.0381751197 -0.096528715 -0.057281739 -0.100349181 -0.078689100
[4,]  0.00867036 -0.002866589 -0.009167477 -0.0015189771 -0.0060862179 -0.007448276 -0.001440754  0.006623124  0.002866784
[5,] -0.02370857 -0.004826909 -0.019126154 -0.0262536540 -0.0429581122 -0.035033220 -0.023627187 -0.055540800 -0.006182594
            [,10]        [,11]         [,12]        [,13]
[1,] -0.004435989 -0.004043140 -0.0016674487 -0.005571751
[2,] -0.172789172 -0.095217523 -0.1784664071 -0.142706396
[3,] -0.114338016 -0.106837447 -0.1516689264 -0.115398558
[4,] -0.007622704 -0.005895152 -0.0001298417  0.000505638
[5,] -0.028304723 -0.068247965 -0.0237837761 -0.017870610

, , 3

             [,1]          [,2]         [,3]         [,4]         [,5]          [,6]          [,7]          [,8]
[1,]  0.000000000  0.0003754925 -0.003220357  0.002269699 -0.002086287 -0.0001680094 -0.0019776035  0.0003333573
[2,]  0.000000000  0.0723584023 -0.101110813 -0.021222721 -0.057959289 -0.0092259359  0.0963597814 -0.0939770415
[3,]  0.173009542 -0.0383653266 -0.027819364 -0.069990361 -0.064840322  0.0246877248  0.0043492209  0.0358875935
[4,] -0.004703635 -0.0013278172 -0.012180176 -0.014261572 -0.006599525 -0.0132136673 -0.0009780578  0.0001126369
[5,]  0.013182097 -0.0136578132 -0.022245617 -0.025222034 -0.003255392 -0.0515994761 -0.0201983200  0.0066196535
              [,9]         [,10]         [,11]        [,12]         [,13]
[1,] -0.0004756685 -0.0039428561  0.0001405961 -0.001433336 -0.0002738807
[2,]  0.0213115425 -0.0452794541  0.0852486631 -0.062007240 -0.0285372881
[3,] -0.0515722545 -0.0076434960 -0.0605091752 -0.096970963 -0.0427961681
[4,]  0.0027058436  0.0070683292  0.0054163635  0.001537578 -0.0103066381
[5,] -0.0007277907 -0.0003769144 -0.0300456097  0.003097258 -0.0084849941

, , 4

           [,1]         [,2]         [,3]         [,4]         [,5]         [,6]          [,7]         [,8]         [,9]
[1,] 0.00000000 -0.001749301 -0.002595582 -0.001223472 -0.001707544 -0.002379167 -0.0012619862 -0.001182699 -0.001047235
[2,] 0.00000000 -0.036684719 -0.058785909 -0.100454919 -0.047327032 -0.066766876 -0.0734069460 -0.106609721 -0.083811023
[3,] 0.00000000 -0.062003684 -0.078257535 -0.073583681 -0.042641312 -0.030937930 -0.0428797328 -0.066159083 -0.068004208
[4,] 0.02779496  0.008213815 -0.001456098 -0.003091910  0.001033778  0.001638642 -0.0004158258  0.002421355  0.005267912
[5,] 0.03288723 -0.018467741 -0.027524245 -0.006111953 -0.009882330 -0.020096526 -0.0317780738  0.001211801 -0.007731653
             [,10]        [,11]        [,12]        [,13]
[1,] -0.0017446810 -0.001325889 -0.004082721 -0.003899495
[2,] -0.0896778751 -0.056949174 -0.079130898 -0.057140870
[3,] -0.0449992245 -0.041596801 -0.060171082 -0.046541442
[4,]  0.0002264148  0.003203506 -0.003608129 -0.009244221
[5,] -0.0161915934 -0.014482345 -0.042281460 -0.039532281

, , 5

           [,1]         [,2]        [,3]         [,4]         [,5]         [,6]          [,7]          [,8]          [,9]
[1,] 0.00000000 -0.001964786 -0.00222121  0.001366056 -0.001840067  0.001293400 -0.0016097447 -0.0002616589 -7.188975e-04
[2,] 0.00000000 -0.074380975  0.04687120 -0.040173945 -0.048121331 -0.038171762  0.0418587962 -0.0257861121  1.264958e-02
[3,] 0.00000000 -0.011533641  0.03028626 -0.045531309 -0.062974788  0.017042782  0.0147329531 -0.0056439198 -6.737328e-05
[4,] 0.00000000 -0.006702850 -0.01219893 -0.010154680 -0.007907447 -0.008972610  0.0008438823 -0.0026398604 -6.244596e-03
[5,] 0.08831957 -0.048217745 -0.03852540  0.004705855 -0.019888472 -0.003635359 -0.0112031588 -0.0019537304  1.693923e-03
             [,10]         [,11]        [,12]         [,13]
[1,] -0.0008676644 -0.0007743732 -0.001790371  8.117532e-05
[2,] -0.0228296701  0.0197980046  0.003873214 -2.348794e-02
[3,] -0.0468374677  0.0007855201 -0.041670760  1.858711e-02
[4,] -0.0020649438 -0.0034366812 -0.003734198 -9.336935e-03
[5,] -0.0087415153 -0.0273470603 -0.002027707 -5.026970e-02


$irf_lin_up
, , 1

             [,1]         [,2]       [,3]        [,4]        [,5]        [,6]        [,7]        [,8]        [,9]
[1,]  0.008117943 0.0005309502 0.00137509 0.001077578 0.004144395 0.003281902 0.002136015 0.001897838 0.001049737
[2,] -0.026251569 0.0956572151 0.10422100 0.126475338 0.030993720 0.144052217 0.103337522 0.047359277 0.102537662
[3,] -0.005258631 0.0368807397 0.09624052 0.057260370 0.038841790 0.081468838 0.078164313 0.029322404 0.028901306
[4,]  0.003876850 0.0169733523 0.01410074 0.006608954 0.005093580 0.014401506 0.017883704 0.011776629 0.012047588
[5,]  0.029224787 0.0732851456 0.01457160 0.011120348 0.034813448 0.014223423 0.077175934 0.009516354 0.011963924
           [,10]       [,11]       [,12]        [,13]
[1,] 0.004227284 0.003372068 0.001455502 -0.000239117
[2,] 0.073840531 0.083205465 0.064723674  0.192370563
[3,] 0.048452885 0.036846608 0.074330135  0.091794833
[4,] 0.018209888 0.019496109 0.016682700  0.013420377
[5,] 0.045524436 0.052553095 0.032932674 -0.001572877

, , 2

            [,1]        [,2]        [,3]        [,4]        [,5]        [,6]        [,7]        [,8]        [,9]       [,10]
[1,]  0.00000000 0.003829732 0.003319803 0.001687939 0.003337027 0.005253141 0.002482955 0.003471677 0.001647232 0.001810756
[2,]  0.20788096 0.144660658 0.084394006 0.177589834 0.154467807 0.124860276 0.106322083 0.208980307 0.095599685 0.114487553
[3,]  0.10091922 0.088297582 0.077924630 0.091679930 0.084772902 0.029392458 0.082050319 0.106159394 0.064737785 0.039867177
[4,]  0.00867036 0.018124035 0.014300900 0.025627517 0.026285459 0.022392821 0.023710203 0.031301310 0.024212272 0.027475064
[5,] -0.02370857 0.054395075 0.037103598 0.016406744 0.039542859 0.050394914 0.078955471 0.049548169 0.056039994 0.050455171
           [,11]       [,12]       [,13]
[1,] 0.001800506 0.004564006 0.001472503
[2,] 0.112499483 0.130097871 0.013772483
[3,] 0.055160321 0.101237045 0.005600867
[4,] 0.026269227 0.030482398 0.039586692
[5,] 0.042884922 0.098492450 0.058491979

, , 3

             [,1]        [,2]          [,3]         [,4]        [,5]        [,6]         [,7]        [,8]        [,9]
[1,]  0.000000000 0.003483242 -0.0003884939 0.0044743830 0.001005896 0.003744670 0.0005419274 0.004388259 0.003882998
[2,]  0.000000000 0.163245993  0.0222070172 0.0872123466 0.028766279 0.069683919 0.1864495460 0.058330563 0.150250191
[3,]  0.173009542 0.052549386  0.0578376186 0.0045449796 0.003788008 0.083154519 0.0662420452 0.118321178 0.023329351
[4,] -0.004703635 0.013074957  0.0057193942 0.0004764137 0.008233382 0.003114902 0.0125112726 0.014465836 0.022336871
[5,]  0.013182097 0.030419974  0.0168292757 0.0127775758 0.030987443 0.008828009 0.0054360655 0.071341372 0.050399156
            [,10]       [,11]       [,12]       [,13]
[1,] -0.000310432 0.003590148 0.001236944 0.003000438
[2,]  0.054952846 0.201218991 0.085029599 0.080940083
[3,]  0.107311706 0.047291341 0.011914600 0.032440260
[4,]  0.019674565 0.018994088 0.015773388 0.011515236
[5,]  0.039739163 0.006356173 0.042488608 0.018195665

, , 4

           [,1]        [,2]         [,3]        [,4]        [,5]         [,6]        [,7]         [,8]        [,9]
[1,] 0.00000000 0.002956878 8.006118e-05 0.001643803 0.001650464 0.0008823843 0.002364463 0.0009396855 0.001503049
[2,] 0.00000000 0.079326675 6.870382e-02 0.027619438 0.059662348 0.0542751100 0.024872372 0.0315707285 0.021614104
[3,] 0.00000000 0.041299576 8.615517e-03 0.012652140 0.038726081 0.0481847585 0.029581460 0.0115571501 0.009582660
[4,] 0.02779496 0.024502683 2.211099e-02 0.017693892 0.018596952 0.0196216171 0.016310609 0.0177853676 0.019370499
[5,] 0.03288723 0.044635342 1.649299e-02 0.023411350 0.034522726 0.0111033175 0.012009830 0.0434436848 0.019627387
           [,10]       [,11]       [,12]         [,13]
[1,] 0.002163344 0.002541869 0.001203509 -0.0002324531
[2,] 0.092066171 0.073569650 0.113999007  0.0268333180
[3,] 0.045682004 0.051132978 0.061201231  0.0275947540
[4,] 0.022306067 0.022847757 0.018302798  0.0045276477
[5,] 0.030254062 0.059503189 0.021234473  0.0153623109

, , 5

           [,1]         [,2]          [,3]          [,4]          [,5]        [,6]         [,7]        [,8]        [,9]
[1,] 0.00000000  0.001257774  5.221272e-05  0.0033519090 -0.0002281994 0.002393598 0.0006914384 0.001520387 0.001197350
[2,] 0.00000000 -0.010711743  1.238591e-01  0.0311408970 -0.0049980842 0.024662471 0.0995142621 0.048863271 0.067593229
[3,] 0.00000000  0.044356179  7.119407e-02 -0.0065295570 -0.0134909099 0.057450513 0.0398765463 0.040093166 0.028792107
[4,] 0.00000000  0.003659890  6.151706e-03 -0.0003254793 -0.0018457171 0.001054685 0.0096863762 0.008651361 0.002591395
[5,] 0.08831957  0.004136090 -5.674281e-03  0.0203946686 -0.0027135208 0.020226185 0.0050833553 0.013670065 0.029629288
           [,10]       [,11]       [,12]       [,13]
[1,] 0.001002766 0.001146768 0.000321398 0.001945591
[2,] 0.042967974 0.080286597 0.091715196 0.058995520
[3,] 0.021780947 0.059367708 0.034960964 0.052367021
[4,] 0.006629642 0.004634022 0.009727820 0.004120084
[5,] 0.007237528 0.006750924 0.029665086 0.014764356


$diagnostic_list
$diagnostic_list$`Shock: labor_shortage`
$diagnostic_list$`Shock: labor_shortage`[[1]]
                               R-sqrd. Adj. R-sqrd.    F-stat     p-value
h1:labor_shortage            0.2010480   -0.1033147 0.6605541 0.814364666
h1:inflation_expectations_1y 0.3837888    0.1490416 1.6349029 0.101410639
h1:inflation_expectations_3y 0.1217162   -0.2128681 0.3637834 0.984233112
h1:inflation                 0.5488160    0.3769364 3.1930260 0.001300768
h1:economic_activity         0.4088839    0.1836968 1.8157519 0.061681592

$diagnostic_list$`Shock: labor_shortage`[[2]]
                               R-sqrd. Adj. R-sqrd.    F-stat   p-value
h2:labor_shortage            0.2862935  0.007773879 1.0279114 0.4495389
h2:inflation_expectations_1y 0.3212490  0.056370523 1.2128166 0.2994740
h2:inflation_expectations_3y 0.3004366  0.027436271 1.1004990 0.3857684
h2:inflation                 0.2269304 -0.074755343 0.7522079 0.7259474
h2:economic_activity         0.2852909  0.006380011 1.0228747 0.4541772

$diagnostic_list$`Shock: labor_shortage`[[3]]
                               R-sqrd. Adj. R-sqrd.    F-stat    p-value
h3:labor_shortage            0.4960302   0.29444232 2.4606150 0.01068063
h3:inflation_expectations_1y 0.3651327   0.11118581 1.4378309 0.17350410
h3:inflation_expectations_3y 0.1759496  -0.15367051 0.5337952 0.91216200
h3:inflation                 0.2600480  -0.03593284 0.8785974 0.59614948
h3:economic_activity         0.3058043   0.02812602 1.1012899 0.38589414

$diagnostic_list$`Shock: labor_shortage`[[4]]
                               R-sqrd. Adj. R-sqrd.    F-stat   p-value
h4:labor_shortage            0.2476887  -0.06095185 0.8025151 0.6742758
h4:inflation_expectations_1y 0.2633812  -0.03882134 0.8715387 0.6034214
h4:inflation_expectations_3y 0.2107099  -0.11310143 0.6507181 0.8218044
h4:inflation                 0.2286338  -0.08782415 0.7224777 0.7547621
h4:economic_activity         0.3091843   0.02577269 1.0909373 0.3953730

$diagnostic_list$`Shock: labor_shortage`[[5]]
                               R-sqrd. Adj. R-sqrd.    F-stat   p-value
h5:labor_shortage            0.2452891  -0.07248396 0.7719002 0.7052137
h5:inflation_expectations_1y 0.2580840  -0.05430174 0.8261708 0.6498752
h5:inflation_expectations_3y 0.2585148  -0.05368945 0.8280310 0.6479689
h5:inflation                 0.2743165  -0.03123441 0.8977767 0.5768496
h5:economic_activity         0.2078838  -0.12563876 0.6232976 0.8448818

$diagnostic_list$`Shock: labor_shortage`[[6]]
                               R-sqrd. Adj. R-sqrd.    F-stat   p-value
h6:labor_shortage            0.3237389  0.031301656 1.1070372 0.3837475
h6:inflation_expectations_1y 0.4018486  0.143188548 1.5535781 0.1327005
h6:inflation_expectations_3y 0.2243252 -0.111101678 0.6687753 0.8046271
h6:inflation                 0.3058771  0.005715865 1.0190426 0.4600125
h6:economic_activity         0.2594294 -0.060817352 0.8100922 0.6661696

$diagnostic_list$`Shock: labor_shortage`[[7]]
                               R-sqrd. Adj. R-sqrd.    F-stat   p-value
h7:labor_shortage            0.3932946   0.12364778 1.4585545 0.1702292
h7:inflation_expectations_1y 0.2364066  -0.10296822 0.6965944 0.7783320
h7:inflation_expectations_3y 0.2533976  -0.07842562 0.7636524 0.7128990
h7:inflation                 0.3847126   0.11125158 1.4068279 0.1933005
h7:economic_activity         0.3730844   0.09445523 1.3389998 0.2276604

$diagnostic_list$`Shock: labor_shortage`[[8]]
                               R-sqrd. Adj. R-sqrd.    F-stat   p-value
h8:labor_shortage            0.3934135   0.11611687 1.4187460 0.1893324
h8:inflation_expectations_1y 0.2457772  -0.09901035 0.7128367 0.7623892
h8:inflation_expectations_3y 0.2345911  -0.11531006 0.6704496 0.8020520
h8:inflation                 0.2883468  -0.03698031 0.8863289 0.5887477
h8:economic_activity         0.3249177   0.01630864 1.0528456 0.4312855

$diagnostic_list$`Shock: labor_shortage`[[9]]
                               R-sqrd. Adj. R-sqrd.    F-stat    p-value
h9:labor_shortage            0.4416438  0.178888013 1.6808146 0.09991688
h9:inflation_expectations_1y 0.2626520 -0.084335348 0.7569498 0.71886850
h9:inflation_expectations_3y 0.2528975 -0.098680193 0.7193218 0.75567606
h9:inflation                 0.3149511 -0.007424900 0.9769682 0.50076976
h9:economic_activity         0.3176988 -0.003384103 0.9894603 0.48909770

$diagnostic_list$`Shock: labor_shortage`[[10]]
                                R-sqrd. Adj. R-sqrd.    F-stat   p-value
h10:labor_shortage            0.3535728   0.04015348 1.1281143 0.3711548
h10:inflation_expectations_1y 0.3588172   0.04794067 1.1542113 0.3512064
h10:inflation_expectations_3y 0.2550296  -0.10616815 0.7060664 0.7678379
h10:inflation                 0.3814027   0.08147671 1.2716561 0.2712310
h10:economic_activity         0.3431956   0.02474495 1.0777042 0.4118874

$diagnostic_list$`Shock: labor_shortage`[[11]]
                                R-sqrd. Adj. R-sqrd.    F-stat   p-value
h11:labor_shortage            0.3757231   0.06358459 1.2037063 0.3170265
h11:inflation_expectations_1y 0.2891647  -0.06625300 0.8135911 0.6617123
h11:inflation_expectations_3y 0.1954121  -0.20688180 0.4857447 0.9362987
h11:inflation                 0.3098487  -0.03522694 0.8979153 0.5777093
h11:economic_activity         0.3688529   0.05327929 1.1688332 0.3417460

$diagnostic_list$`Shock: labor_shortage`[[12]]
                                R-sqrd. Adj. R-sqrd.    F-stat    p-value
h12:labor_shortage            0.4807177   0.21270099 1.7936110 0.07973739
h12:inflation_expectations_1y 0.4041784   0.09665752 1.3143121 0.24962130
h12:inflation_expectations_3y 0.3622724   0.03312261 1.1006308 0.39531507
h12:inflation                 0.3297082  -0.01624879 0.9530323 0.52487261
h12:economic_activity         0.3704051   0.04545292 1.1398757 0.36467692


$diagnostic_list$`Shock: inflation_expectations_1y`
$diagnostic_list$`Shock: inflation_expectations_1y`[[1]]
                               R-sqrd. Adj. R-sqrd.    F-stat     p-value
h1:labor_shortage            0.2010480   -0.1033147 0.6605541 0.814364666
h1:inflation_expectations_1y 0.3837888    0.1490416 1.6349029 0.101410639
h1:inflation_expectations_3y 0.1217162   -0.2128681 0.3637834 0.984233112
h1:inflation                 0.5488160    0.3769364 3.1930260 0.001300768
h1:economic_activity         0.4088839    0.1836968 1.8157519 0.061681592

$diagnostic_list$`Shock: inflation_expectations_1y`[[2]]
                               R-sqrd. Adj. R-sqrd.    F-stat   p-value
h2:labor_shortage            0.2862935  0.007773879 1.0279114 0.4495389
h2:inflation_expectations_1y 0.3212490  0.056370523 1.2128166 0.2994740
h2:inflation_expectations_3y 0.3004366  0.027436271 1.1004990 0.3857684
h2:inflation                 0.2269304 -0.074755343 0.7522079 0.7259474
h2:economic_activity         0.2852909  0.006380011 1.0228747 0.4541772

$diagnostic_list$`Shock: inflation_expectations_1y`[[3]]
                               R-sqrd. Adj. R-sqrd.    F-stat    p-value
h3:labor_shortage            0.4960302   0.29444232 2.4606150 0.01068063
h3:inflation_expectations_1y 0.3651327   0.11118581 1.4378309 0.17350410
h3:inflation_expectations_3y 0.1759496  -0.15367051 0.5337952 0.91216200
h3:inflation                 0.2600480  -0.03593284 0.8785974 0.59614948
h3:economic_activity         0.3058043   0.02812602 1.1012899 0.38589414

$diagnostic_list$`Shock: inflation_expectations_1y`[[4]]
                               R-sqrd. Adj. R-sqrd.    F-stat   p-value
h4:labor_shortage            0.2476887  -0.06095185 0.8025151 0.6742758
h4:inflation_expectations_1y 0.2633812  -0.03882134 0.8715387 0.6034214
h4:inflation_expectations_3y 0.2107099  -0.11310143 0.6507181 0.8218044
h4:inflation                 0.2286338  -0.08782415 0.7224777 0.7547621
h4:economic_activity         0.3091843   0.02577269 1.0909373 0.3953730

$diagnostic_list$`Shock: inflation_expectations_1y`[[5]]
                               R-sqrd. Adj. R-sqrd.    F-stat   p-value
h5:labor_shortage            0.2452891  -0.07248396 0.7719002 0.7052137
h5:inflation_expectations_1y 0.2580840  -0.05430174 0.8261708 0.6498752
h5:inflation_expectations_3y 0.2585148  -0.05368945 0.8280310 0.6479689
h5:inflation                 0.2743165  -0.03123441 0.8977767 0.5768496
h5:economic_activity         0.2078838  -0.12563876 0.6232976 0.8448818

$diagnostic_list$`Shock: inflation_expectations_1y`[[6]]
                               R-sqrd. Adj. R-sqrd.    F-stat   p-value
h6:labor_shortage            0.3237389  0.031301656 1.1070372 0.3837475
h6:inflation_expectations_1y 0.4018486  0.143188548 1.5535781 0.1327005
h6:inflation_expectations_3y 0.2243252 -0.111101678 0.6687753 0.8046271
h6:inflation                 0.3058771  0.005715865 1.0190426 0.4600125
h6:economic_activity         0.2594294 -0.060817352 0.8100922 0.6661696

$diagnostic_list$`Shock: inflation_expectations_1y`[[7]]
                               R-sqrd. Adj. R-sqrd.    F-stat   p-value
h7:labor_shortage            0.3932946   0.12364778 1.4585545 0.1702292
h7:inflation_expectations_1y 0.2364066  -0.10296822 0.6965944 0.7783320
h7:inflation_expectations_3y 0.2533976  -0.07842562 0.7636524 0.7128990
h7:inflation                 0.3847126   0.11125158 1.4068279 0.1933005
h7:economic_activity         0.3730844   0.09445523 1.3389998 0.2276604

$diagnostic_list$`Shock: inflation_expectations_1y`[[8]]
                               R-sqrd. Adj. R-sqrd.    F-stat   p-value
h8:labor_shortage            0.3934135   0.11611687 1.4187460 0.1893324
h8:inflation_expectations_1y 0.2457772  -0.09901035 0.7128367 0.7623892
h8:inflation_expectations_3y 0.2345911  -0.11531006 0.6704496 0.8020520
h8:inflation                 0.2883468  -0.03698031 0.8863289 0.5887477
h8:economic_activity         0.3249177   0.01630864 1.0528456 0.4312855

$diagnostic_list$`Shock: inflation_expectations_1y`[[9]]
                               R-sqrd. Adj. R-sqrd.    F-stat    p-value
h9:labor_shortage            0.4416438  0.178888013 1.6808146 0.09991688
h9:inflation_expectations_1y 0.2626520 -0.084335348 0.7569498 0.71886850
h9:inflation_expectations_3y 0.2528975 -0.098680193 0.7193218 0.75567606
h9:inflation                 0.3149511 -0.007424900 0.9769682 0.50076976
h9:economic_activity         0.3176988 -0.003384103 0.9894603 0.48909770

$diagnostic_list$`Shock: inflation_expectations_1y`[[10]]
                                R-sqrd. Adj. R-sqrd.    F-stat   p-value
h10:labor_shortage            0.3535728   0.04015348 1.1281143 0.3711548
h10:inflation_expectations_1y 0.3588172   0.04794067 1.1542113 0.3512064
h10:inflation_expectations_3y 0.2550296  -0.10616815 0.7060664 0.7678379
h10:inflation                 0.3814027   0.08147671 1.2716561 0.2712310
h10:economic_activity         0.3431956   0.02474495 1.0777042 0.4118874

$diagnostic_list$`Shock: inflation_expectations_1y`[[11]]
                                R-sqrd. Adj. R-sqrd.    F-stat   p-value
h11:labor_shortage            0.3757231   0.06358459 1.2037063 0.3170265
h11:inflation_expectations_1y 0.2891647  -0.06625300 0.8135911 0.6617123
h11:inflation_expectations_3y 0.1954121  -0.20688180 0.4857447 0.9362987
h11:inflation                 0.3098487  -0.03522694 0.8979153 0.5777093
h11:economic_activity         0.3688529   0.05327929 1.1688332 0.3417460

$diagnostic_list$`Shock: inflation_expectations_1y`[[12]]
                                R-sqrd. Adj. R-sqrd.    F-stat    p-value
h12:labor_shortage            0.4807177   0.21270099 1.7936110 0.07973739
h12:inflation_expectations_1y 0.4041784   0.09665752 1.3143121 0.24962130
h12:inflation_expectations_3y 0.3622724   0.03312261 1.1006308 0.39531507
h12:inflation                 0.3297082  -0.01624879 0.9530323 0.52487261
h12:economic_activity         0.3704051   0.04545292 1.1398757 0.36467692


$diagnostic_list$`Shock: inflation_expectations_3y`
$diagnostic_list$`Shock: inflation_expectations_3y`[[1]]
                               R-sqrd. Adj. R-sqrd.    F-stat     p-value
h1:labor_shortage            0.2010480   -0.1033147 0.6605541 0.814364666
h1:inflation_expectations_1y 0.3837888    0.1490416 1.6349029 0.101410639
h1:inflation_expectations_3y 0.1217162   -0.2128681 0.3637834 0.984233112
h1:inflation                 0.5488160    0.3769364 3.1930260 0.001300768
h1:economic_activity         0.4088839    0.1836968 1.8157519 0.061681592

$diagnostic_list$`Shock: inflation_expectations_3y`[[2]]
                               R-sqrd. Adj. R-sqrd.    F-stat   p-value
h2:labor_shortage            0.2862935  0.007773879 1.0279114 0.4495389
h2:inflation_expectations_1y 0.3212490  0.056370523 1.2128166 0.2994740
h2:inflation_expectations_3y 0.3004366  0.027436271 1.1004990 0.3857684
h2:inflation                 0.2269304 -0.074755343 0.7522079 0.7259474
h2:economic_activity         0.2852909  0.006380011 1.0228747 0.4541772

$diagnostic_list$`Shock: inflation_expectations_3y`[[3]]
                               R-sqrd. Adj. R-sqrd.    F-stat    p-value
h3:labor_shortage            0.4960302   0.29444232 2.4606150 0.01068063
h3:inflation_expectations_1y 0.3651327   0.11118581 1.4378309 0.17350410
h3:inflation_expectations_3y 0.1759496  -0.15367051 0.5337952 0.91216200
h3:inflation                 0.2600480  -0.03593284 0.8785974 0.59614948
h3:economic_activity         0.3058043   0.02812602 1.1012899 0.38589414

$diagnostic_list$`Shock: inflation_expectations_3y`[[4]]
                               R-sqrd. Adj. R-sqrd.    F-stat   p-value
h4:labor_shortage            0.2476887  -0.06095185 0.8025151 0.6742758
h4:inflation_expectations_1y 0.2633812  -0.03882134 0.8715387 0.6034214
h4:inflation_expectations_3y 0.2107099  -0.11310143 0.6507181 0.8218044
h4:inflation                 0.2286338  -0.08782415 0.7224777 0.7547621
h4:economic_activity         0.3091843   0.02577269 1.0909373 0.3953730

$diagnostic_list$`Shock: inflation_expectations_3y`[[5]]
                               R-sqrd. Adj. R-sqrd.    F-stat   p-value
h5:labor_shortage            0.2452891  -0.07248396 0.7719002 0.7052137
h5:inflation_expectations_1y 0.2580840  -0.05430174 0.8261708 0.6498752
h5:inflation_expectations_3y 0.2585148  -0.05368945 0.8280310 0.6479689
h5:inflation                 0.2743165  -0.03123441 0.8977767 0.5768496
h5:economic_activity         0.2078838  -0.12563876 0.6232976 0.8448818

$diagnostic_list$`Shock: inflation_expectations_3y`[[6]]
                               R-sqrd. Adj. R-sqrd.    F-stat   p-value
h6:labor_shortage            0.3237389  0.031301656 1.1070372 0.3837475
h6:inflation_expectations_1y 0.4018486  0.143188548 1.5535781 0.1327005
h6:inflation_expectations_3y 0.2243252 -0.111101678 0.6687753 0.8046271
h6:inflation                 0.3058771  0.005715865 1.0190426 0.4600125
h6:economic_activity         0.2594294 -0.060817352 0.8100922 0.6661696

$diagnostic_list$`Shock: inflation_expectations_3y`[[7]]
                               R-sqrd. Adj. R-sqrd.    F-stat   p-value
h7:labor_shortage            0.3932946   0.12364778 1.4585545 0.1702292
h7:inflation_expectations_1y 0.2364066  -0.10296822 0.6965944 0.7783320
h7:inflation_expectations_3y 0.2533976  -0.07842562 0.7636524 0.7128990
h7:inflation                 0.3847126   0.11125158 1.4068279 0.1933005
h7:economic_activity         0.3730844   0.09445523 1.3389998 0.2276604

$diagnostic_list$`Shock: inflation_expectations_3y`[[8]]
                               R-sqrd. Adj. R-sqrd.    F-stat   p-value
h8:labor_shortage            0.3934135   0.11611687 1.4187460 0.1893324
h8:inflation_expectations_1y 0.2457772  -0.09901035 0.7128367 0.7623892
h8:inflation_expectations_3y 0.2345911  -0.11531006 0.6704496 0.8020520
h8:inflation                 0.2883468  -0.03698031 0.8863289 0.5887477
h8:economic_activity         0.3249177   0.01630864 1.0528456 0.4312855

$diagnostic_list$`Shock: inflation_expectations_3y`[[9]]
                               R-sqrd. Adj. R-sqrd.    F-stat    p-value
h9:labor_shortage            0.4416438  0.178888013 1.6808146 0.09991688
h9:inflation_expectations_1y 0.2626520 -0.084335348 0.7569498 0.71886850
h9:inflation_expectations_3y 0.2528975 -0.098680193 0.7193218 0.75567606
h9:inflation                 0.3149511 -0.007424900 0.9769682 0.50076976
h9:economic_activity         0.3176988 -0.003384103 0.9894603 0.48909770

$diagnostic_list$`Shock: inflation_expectations_3y`[[10]]
                                R-sqrd. Adj. R-sqrd.    F-stat   p-value
h10:labor_shortage            0.3535728   0.04015348 1.1281143 0.3711548
h10:inflation_expectations_1y 0.3588172   0.04794067 1.1542113 0.3512064
h10:inflation_expectations_3y 0.2550296  -0.10616815 0.7060664 0.7678379
h10:inflation                 0.3814027   0.08147671 1.2716561 0.2712310
h10:economic_activity         0.3431956   0.02474495 1.0777042 0.4118874

$diagnostic_list$`Shock: inflation_expectations_3y`[[11]]
                                R-sqrd. Adj. R-sqrd.    F-stat   p-value
h11:labor_shortage            0.3757231   0.06358459 1.2037063 0.3170265
h11:inflation_expectations_1y 0.2891647  -0.06625300 0.8135911 0.6617123
h11:inflation_expectations_3y 0.1954121  -0.20688180 0.4857447 0.9362987
h11:inflation                 0.3098487  -0.03522694 0.8979153 0.5777093
h11:economic_activity         0.3688529   0.05327929 1.1688332 0.3417460

$diagnostic_list$`Shock: inflation_expectations_3y`[[12]]
                                R-sqrd. Adj. R-sqrd.    F-stat    p-value
h12:labor_shortage            0.4807177   0.21270099 1.7936110 0.07973739
h12:inflation_expectations_1y 0.4041784   0.09665752 1.3143121 0.24962130
h12:inflation_expectations_3y 0.3622724   0.03312261 1.1006308 0.39531507
h12:inflation                 0.3297082  -0.01624879 0.9530323 0.52487261
h12:economic_activity         0.3704051   0.04545292 1.1398757 0.36467692


$diagnostic_list$`Shock: inflation`
$diagnostic_list$`Shock: inflation`[[1]]
                               R-sqrd. Adj. R-sqrd.    F-stat     p-value
h1:labor_shortage            0.2010480   -0.1033147 0.6605541 0.814364666
h1:inflation_expectations_1y 0.3837888    0.1490416 1.6349029 0.101410639
h1:inflation_expectations_3y 0.1217162   -0.2128681 0.3637834 0.984233112
h1:inflation                 0.5488160    0.3769364 3.1930260 0.001300768
h1:economic_activity         0.4088839    0.1836968 1.8157519 0.061681592

$diagnostic_list$`Shock: inflation`[[2]]
                               R-sqrd. Adj. R-sqrd.    F-stat   p-value
h2:labor_shortage            0.2862935  0.007773879 1.0279114 0.4495389
h2:inflation_expectations_1y 0.3212490  0.056370523 1.2128166 0.2994740
h2:inflation_expectations_3y 0.3004366  0.027436271 1.1004990 0.3857684
h2:inflation                 0.2269304 -0.074755343 0.7522079 0.7259474
h2:economic_activity         0.2852909  0.006380011 1.0228747 0.4541772

$diagnostic_list$`Shock: inflation`[[3]]
                               R-sqrd. Adj. R-sqrd.    F-stat    p-value
h3:labor_shortage            0.4960302   0.29444232 2.4606150 0.01068063
h3:inflation_expectations_1y 0.3651327   0.11118581 1.4378309 0.17350410
h3:inflation_expectations_3y 0.1759496  -0.15367051 0.5337952 0.91216200
h3:inflation                 0.2600480  -0.03593284 0.8785974 0.59614948
h3:economic_activity         0.3058043   0.02812602 1.1012899 0.38589414

$diagnostic_list$`Shock: inflation`[[4]]
                               R-sqrd. Adj. R-sqrd.    F-stat   p-value
h4:labor_shortage            0.2476887  -0.06095185 0.8025151 0.6742758
h4:inflation_expectations_1y 0.2633812  -0.03882134 0.8715387 0.6034214
h4:inflation_expectations_3y 0.2107099  -0.11310143 0.6507181 0.8218044
h4:inflation                 0.2286338  -0.08782415 0.7224777 0.7547621
h4:economic_activity         0.3091843   0.02577269 1.0909373 0.3953730

$diagnostic_list$`Shock: inflation`[[5]]
                               R-sqrd. Adj. R-sqrd.    F-stat   p-value
h5:labor_shortage            0.2452891  -0.07248396 0.7719002 0.7052137
h5:inflation_expectations_1y 0.2580840  -0.05430174 0.8261708 0.6498752
h5:inflation_expectations_3y 0.2585148  -0.05368945 0.8280310 0.6479689
h5:inflation                 0.2743165  -0.03123441 0.8977767 0.5768496
h5:economic_activity         0.2078838  -0.12563876 0.6232976 0.8448818

$diagnostic_list$`Shock: inflation`[[6]]
                               R-sqrd. Adj. R-sqrd.    F-stat   p-value
h6:labor_shortage            0.3237389  0.031301656 1.1070372 0.3837475
h6:inflation_expectations_1y 0.4018486  0.143188548 1.5535781 0.1327005
h6:inflation_expectations_3y 0.2243252 -0.111101678 0.6687753 0.8046271
h6:inflation                 0.3058771  0.005715865 1.0190426 0.4600125
h6:economic_activity         0.2594294 -0.060817352 0.8100922 0.6661696

$diagnostic_list$`Shock: inflation`[[7]]
                               R-sqrd. Adj. R-sqrd.    F-stat   p-value
h7:labor_shortage            0.3932946   0.12364778 1.4585545 0.1702292
h7:inflation_expectations_1y 0.2364066  -0.10296822 0.6965944 0.7783320
h7:inflation_expectations_3y 0.2533976  -0.07842562 0.7636524 0.7128990
h7:inflation                 0.3847126   0.11125158 1.4068279 0.1933005
h7:economic_activity         0.3730844   0.09445523 1.3389998 0.2276604

$diagnostic_list$`Shock: inflation`[[8]]
                               R-sqrd. Adj. R-sqrd.    F-stat   p-value
h8:labor_shortage            0.3934135   0.11611687 1.4187460 0.1893324
h8:inflation_expectations_1y 0.2457772  -0.09901035 0.7128367 0.7623892
h8:inflation_expectations_3y 0.2345911  -0.11531006 0.6704496 0.8020520
h8:inflation                 0.2883468  -0.03698031 0.8863289 0.5887477
h8:economic_activity         0.3249177   0.01630864 1.0528456 0.4312855

$diagnostic_list$`Shock: inflation`[[9]]
                               R-sqrd. Adj. R-sqrd.    F-stat    p-value
h9:labor_shortage            0.4416438  0.178888013 1.6808146 0.09991688
h9:inflation_expectations_1y 0.2626520 -0.084335348 0.7569498 0.71886850
h9:inflation_expectations_3y 0.2528975 -0.098680193 0.7193218 0.75567606
h9:inflation                 0.3149511 -0.007424900 0.9769682 0.50076976
h9:economic_activity         0.3176988 -0.003384103 0.9894603 0.48909770

$diagnostic_list$`Shock: inflation`[[10]]
                                R-sqrd. Adj. R-sqrd.    F-stat   p-value
h10:labor_shortage            0.3535728   0.04015348 1.1281143 0.3711548
h10:inflation_expectations_1y 0.3588172   0.04794067 1.1542113 0.3512064
h10:inflation_expectations_3y 0.2550296  -0.10616815 0.7060664 0.7678379
h10:inflation                 0.3814027   0.08147671 1.2716561 0.2712310
h10:economic_activity         0.3431956   0.02474495 1.0777042 0.4118874

$diagnostic_list$`Shock: inflation`[[11]]
                                R-sqrd. Adj. R-sqrd.    F-stat   p-value
h11:labor_shortage            0.3757231   0.06358459 1.2037063 0.3170265
h11:inflation_expectations_1y 0.2891647  -0.06625300 0.8135911 0.6617123
h11:inflation_expectations_3y 0.1954121  -0.20688180 0.4857447 0.9362987
h11:inflation                 0.3098487  -0.03522694 0.8979153 0.5777093
h11:economic_activity         0.3688529   0.05327929 1.1688332 0.3417460

$diagnostic_list$`Shock: inflation`[[12]]
                                R-sqrd. Adj. R-sqrd.    F-stat    p-value
h12:labor_shortage            0.4807177   0.21270099 1.7936110 0.07973739
h12:inflation_expectations_1y 0.4041784   0.09665752 1.3143121 0.24962130
h12:inflation_expectations_3y 0.3622724   0.03312261 1.1006308 0.39531507
h12:inflation                 0.3297082  -0.01624879 0.9530323 0.52487261
h12:economic_activity         0.3704051   0.04545292 1.1398757 0.36467692


$diagnostic_list$`Shock: economic_activity`
$diagnostic_list$`Shock: economic_activity`[[1]]
                               R-sqrd. Adj. R-sqrd.    F-stat     p-value
h1:labor_shortage            0.2010480   -0.1033147 0.6605541 0.814364666
h1:inflation_expectations_1y 0.3837888    0.1490416 1.6349029 0.101410639
h1:inflation_expectations_3y 0.1217162   -0.2128681 0.3637834 0.984233112
h1:inflation                 0.5488160    0.3769364 3.1930260 0.001300768
h1:economic_activity         0.4088839    0.1836968 1.8157519 0.061681592

$diagnostic_list$`Shock: economic_activity`[[2]]
                               R-sqrd. Adj. R-sqrd.    F-stat   p-value
h2:labor_shortage            0.2862935  0.007773879 1.0279114 0.4495389
h2:inflation_expectations_1y 0.3212490  0.056370523 1.2128166 0.2994740
h2:inflation_expectations_3y 0.3004366  0.027436271 1.1004990 0.3857684
h2:inflation                 0.2269304 -0.074755343 0.7522079 0.7259474
h2:economic_activity         0.2852909  0.006380011 1.0228747 0.4541772

$diagnostic_list$`Shock: economic_activity`[[3]]
                               R-sqrd. Adj. R-sqrd.    F-stat    p-value
h3:labor_shortage            0.4960302   0.29444232 2.4606150 0.01068063
h3:inflation_expectations_1y 0.3651327   0.11118581 1.4378309 0.17350410
h3:inflation_expectations_3y 0.1759496  -0.15367051 0.5337952 0.91216200
h3:inflation                 0.2600480  -0.03593284 0.8785974 0.59614948
h3:economic_activity         0.3058043   0.02812602 1.1012899 0.38589414

$diagnostic_list$`Shock: economic_activity`[[4]]
                               R-sqrd. Adj. R-sqrd.    F-stat   p-value
h4:labor_shortage            0.2476887  -0.06095185 0.8025151 0.6742758
h4:inflation_expectations_1y 0.2633812  -0.03882134 0.8715387 0.6034214
h4:inflation_expectations_3y 0.2107099  -0.11310143 0.6507181 0.8218044
h4:inflation                 0.2286338  -0.08782415 0.7224777 0.7547621
h4:economic_activity         0.3091843   0.02577269 1.0909373 0.3953730

$diagnostic_list$`Shock: economic_activity`[[5]]
                               R-sqrd. Adj. R-sqrd.    F-stat   p-value
h5:labor_shortage            0.2452891  -0.07248396 0.7719002 0.7052137
h5:inflation_expectations_1y 0.2580840  -0.05430174 0.8261708 0.6498752
h5:inflation_expectations_3y 0.2585148  -0.05368945 0.8280310 0.6479689
h5:inflation                 0.2743165  -0.03123441 0.8977767 0.5768496
h5:economic_activity         0.2078838  -0.12563876 0.6232976 0.8448818

$diagnostic_list$`Shock: economic_activity`[[6]]
                               R-sqrd. Adj. R-sqrd.    F-stat   p-value
h6:labor_shortage            0.3237389  0.031301656 1.1070372 0.3837475
h6:inflation_expectations_1y 0.4018486  0.143188548 1.5535781 0.1327005
h6:inflation_expectations_3y 0.2243252 -0.111101678 0.6687753 0.8046271
h6:inflation                 0.3058771  0.005715865 1.0190426 0.4600125
h6:economic_activity         0.2594294 -0.060817352 0.8100922 0.6661696

$diagnostic_list$`Shock: economic_activity`[[7]]
                               R-sqrd. Adj. R-sqrd.    F-stat   p-value
h7:labor_shortage            0.3932946   0.12364778 1.4585545 0.1702292
h7:inflation_expectations_1y 0.2364066  -0.10296822 0.6965944 0.7783320
h7:inflation_expectations_3y 0.2533976  -0.07842562 0.7636524 0.7128990
h7:inflation                 0.3847126   0.11125158 1.4068279 0.1933005
h7:economic_activity         0.3730844   0.09445523 1.3389998 0.2276604

$diagnostic_list$`Shock: economic_activity`[[8]]
                               R-sqrd. Adj. R-sqrd.    F-stat   p-value
h8:labor_shortage            0.3934135   0.11611687 1.4187460 0.1893324
h8:inflation_expectations_1y 0.2457772  -0.09901035 0.7128367 0.7623892
h8:inflation_expectations_3y 0.2345911  -0.11531006 0.6704496 0.8020520
h8:inflation                 0.2883468  -0.03698031 0.8863289 0.5887477
h8:economic_activity         0.3249177   0.01630864 1.0528456 0.4312855

$diagnostic_list$`Shock: economic_activity`[[9]]
                               R-sqrd. Adj. R-sqrd.    F-stat    p-value
h9:labor_shortage            0.4416438  0.178888013 1.6808146 0.09991688
h9:inflation_expectations_1y 0.2626520 -0.084335348 0.7569498 0.71886850
h9:inflation_expectations_3y 0.2528975 -0.098680193 0.7193218 0.75567606
h9:inflation                 0.3149511 -0.007424900 0.9769682 0.50076976
h9:economic_activity         0.3176988 -0.003384103 0.9894603 0.48909770

$diagnostic_list$`Shock: economic_activity`[[10]]
                                R-sqrd. Adj. R-sqrd.    F-stat   p-value
h10:labor_shortage            0.3535728   0.04015348 1.1281143 0.3711548
h10:inflation_expectations_1y 0.3588172   0.04794067 1.1542113 0.3512064
h10:inflation_expectations_3y 0.2550296  -0.10616815 0.7060664 0.7678379
h10:inflation                 0.3814027   0.08147671 1.2716561 0.2712310
h10:economic_activity         0.3431956   0.02474495 1.0777042 0.4118874

$diagnostic_list$`Shock: economic_activity`[[11]]
                                R-sqrd. Adj. R-sqrd.    F-stat   p-value
h11:labor_shortage            0.3757231   0.06358459 1.2037063 0.3170265
h11:inflation_expectations_1y 0.2891647  -0.06625300 0.8135911 0.6617123
h11:inflation_expectations_3y 0.1954121  -0.20688180 0.4857447 0.9362987
h11:inflation                 0.3098487  -0.03522694 0.8979153 0.5777093
h11:economic_activity         0.3688529   0.05327929 1.1688332 0.3417460

$diagnostic_list$`Shock: economic_activity`[[12]]
                                R-sqrd. Adj. R-sqrd.    F-stat    p-value
h12:labor_shortage            0.4807177   0.21270099 1.7936110 0.07973739
h12:inflation_expectations_1y 0.4041784   0.09665752 1.3143121 0.24962130
h12:inflation_expectations_3y 0.3622724   0.03312261 1.1006308 0.39531507
h12:inflation                 0.3297082  -0.01624879 0.9530323 0.52487261
h12:economic_activity         0.3704051   0.04545292 1.1398757 0.36467692



$specs
$specs$lags_endog_lin
SC(n) 
    1 

$specs$lags_criterion
[1] NaN

$specs$max_lags
[1] NaN

$specs$trend
[1] 0

$specs$shock_type
[1] 0

$specs$confint
[1] 1.65

$specs$hor
[1] 12

$specs$use_nw
[1] TRUE

$specs$nw_prewhite
[1] FALSE

$specs$adjust_se
[1] FALSE

$specs$use_twosls
[1] FALSE

$specs$contemp_data
$specs$contemp_data$dummy
 [1] 0 0 0 0 0 0 0 0 0 0 0 0 0 0 0 0 0 0 0 0 0 0 0 0 0 1 1 1 1 0 1 0 1 0 0 0 0 0 0 0 0 0 0 0 0 0 0 0 0 0 0 0 0 0 0 0 0 0 0 0

$specs$contemp_data$Jan
 [1] 0 0 0 0 0 0 0 0 0 0 0 1 0 0 0 0 0 0 0 0 0 0 0 1 0 0 0 0 0 0 0 0 0 0 0 1 0 0 0 0 0 0 0 0 0 0 0 1 0 0 0 0 0 0 0 0 0 0 0 1

$specs$contemp_data$Feb
 [1] 1 0 0 0 0 0 0 0 0 0 0 0 1 0 0 0 0 0 0 0 0 0 0 0 1 0 0 0 0 0 0 0 0 0 0 0 1 0 0 0 0 0 0 0 0 0 0 0 1 0 0 0 0 0 0 0 0 0 0 0

$specs$contemp_data$Mar
 [1] 0 1 0 0 0 0 0 0 0 0 0 0 0 1 0 0 0 0 0 0 0 0 0 0 0 1 0 0 0 0 0 0 0 0 0 0 0 1 0 0 0 0 0 0 0 0 0 0 0 1 0 0 0 0 0 0 0 0 0 0

$specs$contemp_data$Apr
 [1] 0 0 1 0 0 0 0 0 0 0 0 0 0 0 1 0 0 0 0 0 0 0 0 0 0 0 1 0 0 0 0 0 0 0 0 0 0 0 1 0 0 0 0 0 0 0 0 0 0 0 1 0 0 0 0 0 0 0 0 0

$specs$contemp_data$May
 [1] 0 0 0 1 0 0 0 0 0 0 0 0 0 0 0 1 0 0 0 0 0 0 0 0 0 0 0 1 0 0 0 0 0 0 0 0 0 0 0 1 0 0 0 0 0 0 0 0 0 0 0 1 0 0 0 0 0 0 0 0

$specs$contemp_data$Jun
 [1] 0 0 0 0 1 0 0 0 0 0 0 0 0 0 0 0 1 0 0 0 0 0 0 0 0 0 0 0 1 0 0 0 0 0 0 0 0 0 0 0 1 0 0 0 0 0 0 0 0 0 0 0 1 0 0 0 0 0 0 0

$specs$contemp_data$Jul
 [1] 0 0 0 0 0 1 0 0 0 0 0 0 0 0 0 0 0 1 0 0 0 0 0 0 0 0 0 0 0 1 0 0 0 0 0 0 0 0 0 0 0 1 0 0 0 0 0 0 0 0 0 0 0 1 0 0 0 0 0 0

$specs$contemp_data$Aug
 [1] 0 0 0 0 0 0 1 0 0 0 0 0 0 0 0 0 0 0 1 0 0 0 0 0 0 0 0 0 0 0 1 0 0 0 0 0 0 0 0 0 0 0 1 0 0 0 0 0 0 0 0 0 0 0 1 0 0 0 0 0

$specs$contemp_data$Sep
 [1] 0 0 0 0 0 0 0 1 0 0 0 0 0 0 0 0 0 0 0 1 0 0 0 0 0 0 0 0 0 0 0 1 0 0 0 0 0 0 0 0 0 0 0 1 0 0 0 0 0 0 0 0 0 0 0 1 0 0 0 0

$specs$contemp_data$Oct
 [1] 0 0 0 0 0 0 0 0 1 0 0 0 0 0 0 0 0 0 0 0 1 0 0 0 0 0 0 0 0 0 0 0 1 0 0 0 0 0 0 0 0 0 0 0 1 0 0 0 0 0 0 0 0 0 0 0 1 0 0 0


$specs$model_type
[1] 0

$specs$starts
[1] 1

$specs$ends
[1] 60

$specs$column_names
[1] "labor_shortage"            "inflation_expectations_1y" "inflation_expectations_3y" "inflation"                
[5] "economic_activity"        

$specs$endog
[1] 5

$specs$y_lin
   labor_shortage inflation_expectations_1y inflation_expectations_3y    inflation economic_activity
2    9.838650e-03              -0.079620123               0.023733377  0.002310570        0.03672057
3   -1.715078e-02               0.228555441               0.061933756  0.031662657        0.02660601
4   -2.266516e-03               0.000000000              -0.007986784  0.027403122        0.04356130
5    6.682093e-03               0.000000000               0.038039923  0.010862582        0.01757053
6    1.157847e-02               0.001872778              -0.116087914  0.009406502        0.03236078
7   -1.273925e-02               0.017283440               0.116087914  0.021640425        0.02930438
8   -5.542236e-03              -0.004920721               0.000000000  0.025003951        0.02923299
9    4.012457e-03               0.004920721               0.000000000  0.028405410        0.02229492
10   4.430629e-03              -0.030053139              -0.116087914 -0.008420605        0.02323041
11  -1.641687e-02               0.030053139               0.096931696  0.008246918        0.01734758
12  -4.360702e-03              -0.030053139              -0.010896921 -0.002323999        0.03391158
13   2.227622e-03              -0.176372051              -0.201508284  0.029025084        0.02600387
14  -8.796697e-03               0.022861719               0.095972538  0.042416785        0.02691934
15   1.340793e-02              -0.218312263              -0.170893431  0.048586660        0.03757401
16  -9.995666e-03              -0.145042181              -0.100185633  0.003720327        0.02002637
17  -9.489493e-03               0.217070103               0.069105387 -0.006141925        0.02480201
18  -5.473100e-03              -0.079553127              -0.083071947  0.024993882        0.02186920
19   7.227867e-03              -0.176150560              -0.077933550  0.017681720        0.02278745
20   2.688206e-03               0.069185972              -0.126637936  0.021370449        0.03620964
21  -1.404091e-02              -0.153448343               0.004080772  0.034784574        0.01981848
22   1.366338e-02               0.017366648               0.142476082  0.026361361        0.02549842
23  -8.940636e-03               0.180090904               0.016174078  0.038444527        0.02259084
24   5.720650e-03              -0.031989813               0.000000000  0.019694440        0.03781474
25   8.552644e-03               0.041871071               0.051145554  0.009814561        0.03578346
26  -2.769043e-02               0.000000000              -0.189331532 -0.050912346       -0.07956922
27  -2.749708e-03               0.085786104               0.223972082 -0.090824177       -0.77070172
28   1.037212e-02               0.376688957              -0.012976170 -0.010450429        0.21339722
29   1.562687e-02              -0.318598032              -0.136598825  0.053592068        0.21330076
30  -6.175305e-03               0.206044197               0.257966757  0.061866907        0.02971606
31   8.109086e-03               0.112553835               0.249140978  0.053808986        0.15791953
32  -7.858137e-03              -0.019156218              -0.238733053  0.028930510        0.07717705
33   9.937348e-03              -0.144741774              -0.040002584  0.011918979        0.10115859
34   9.879608e-03               0.126406431               0.117631912  0.024543630        0.04507153
35   2.341882e-03               0.037491560               0.161103725  0.057557700        0.01677041
36   5.151831e-05               0.046669483               0.047342062  0.028496735        0.06736316
37   7.716569e-03               0.044214964              -0.028185844  0.045997380        0.05066022
38  -6.305348e-05               0.153371334               0.092952490  0.059503194        0.06160136
39   1.230241e-02               0.115923882               0.005092859  0.082225516        0.03720211
40   1.506909e-03               0.639820337               0.471664906  0.082531234        0.06412900
41   8.593741e-03               0.801745415              -0.022792339  0.098347464        0.05475905
42  -1.094407e-02               0.040705204               0.164751053  0.054649100        0.08879717
43   1.128430e-03               0.337376595               0.287992716  0.049840953        0.06602323
44  -8.986134e-03               0.130341530               0.194323301  0.052018077        0.07861505
45   1.536396e-02               0.343297958               0.017191887  0.114305741        0.06819482
46   1.305463e-03               0.346533298              -0.199976921  0.098833469        0.06879133
47   3.959317e-03              -0.009726048              -0.011199951  0.097421769        0.06937609
48   1.588964e-03              -0.201833725              -0.522751808  0.075404740        0.03542764
49  -3.582682e-03               0.211559772               0.297553301  0.088488916        0.07849205
50  -8.672501e-03               0.583898067              -0.099878550  0.126900569        0.05112829
51   8.340720e-04              -0.238460541               0.227452993  0.048497289        0.04431433
52  -9.305458e-04               0.230577469              -0.023298502  0.115684054        0.03389257
53  -1.399606e-02               0.199839592              -0.260592937  0.151285219        0.03843642
54   2.111603e-03              -0.552228928              -0.436033010 -0.004064650        0.05041760
55  -4.993848e-03              -0.477911472              -0.427183867  0.028517738        0.02896168
56  -3.453310e-03              -0.304920197               0.154703379  0.050566174        0.04915587
57  -2.066395e-03               0.503497124               0.200692415  0.060045147        0.03059615
58   7.780138e-04              -0.715742588              -0.113289595  0.024858721        0.04330825
59  -9.111051e-04              -0.235079288              -0.004589558  0.015857387        0.03585464
60  -3.993022e-03              -0.038488865              -0.280791283  0.063675095        0.04576300

$specs$x_lin
   labor_shortage_lag_1 inflation_expectations_1y_lag_1 inflation_expectations_3y_lag_1 inflation_lag_1
2         -2.554389e-03                     0.119915485                     0.090704918     0.032745451
3          9.838650e-03                    -0.079620123                     0.023733377     0.002310570
4         -1.715078e-02                     0.228555441                     0.061933756     0.031662657
5         -2.266516e-03                     0.000000000                    -0.007986784     0.027403122
6          6.682093e-03                     0.000000000                     0.038039923     0.010862582
7          1.157847e-02                     0.001872778                    -0.116087914     0.009406502
8         -1.273925e-02                     0.017283440                     0.116087914     0.021640425
9         -5.542236e-03                    -0.004920721                     0.000000000     0.025003951
10         4.012457e-03                     0.004920721                     0.000000000     0.028405410
11         4.430629e-03                    -0.030053139                    -0.116087914    -0.008420605
12        -1.641687e-02                     0.030053139                     0.096931696     0.008246918
13        -4.360702e-03                    -0.030053139                    -0.010896921    -0.002323999
14         2.227622e-03                    -0.176372051                    -0.201508284     0.029025084
15        -8.796697e-03                     0.022861719                     0.095972538     0.042416785
16         1.340793e-02                    -0.218312263                    -0.170893431     0.048586660
17        -9.995666e-03                    -0.145042181                    -0.100185633     0.003720327
18        -9.489493e-03                     0.217070103                     0.069105387    -0.006141925
19        -5.473100e-03                    -0.079553127                    -0.083071947     0.024993882
20         7.227867e-03                    -0.176150560                    -0.077933550     0.017681720
21         2.688206e-03                     0.069185972                    -0.126637936     0.021370449
22        -1.404091e-02                    -0.153448343                     0.004080772     0.034784574
23         1.366338e-02                     0.017366648                     0.142476082     0.026361361
24        -8.940636e-03                     0.180090904                     0.016174078     0.038444527
25         5.720650e-03                    -0.031989813                     0.000000000     0.019694440
26         8.552644e-03                     0.041871071                     0.051145554     0.009814561
27        -2.769043e-02                     0.000000000                    -0.189331532    -0.050912346
28        -2.749708e-03                     0.085786104                     0.223972082    -0.090824177
29         1.037212e-02                     0.376688957                    -0.012976170    -0.010450429
30         1.562687e-02                    -0.318598032                    -0.136598825     0.053592068
31        -6.175305e-03                     0.206044197                     0.257966757     0.061866907
32         8.109086e-03                     0.112553835                     0.249140978     0.053808986
33        -7.858137e-03                    -0.019156218                    -0.238733053     0.028930510
34         9.937348e-03                    -0.144741774                    -0.040002584     0.011918979
35         9.879608e-03                     0.126406431                     0.117631912     0.024543630
36         2.341882e-03                     0.037491560                     0.161103725     0.057557700
37         5.151831e-05                     0.046669483                     0.047342062     0.028496735
38         7.716569e-03                     0.044214964                    -0.028185844     0.045997380
39        -6.305348e-05                     0.153371334                     0.092952490     0.059503194
40         1.230241e-02                     0.115923882                     0.005092859     0.082225516
41         1.506909e-03                     0.639820337                     0.471664906     0.082531234
42         8.593741e-03                     0.801745415                    -0.022792339     0.098347464
43        -1.094407e-02                     0.040705204                     0.164751053     0.054649100
44         1.128430e-03                     0.337376595                     0.287992716     0.049840953
45        -8.986134e-03                     0.130341530                     0.194323301     0.052018077
46         1.536396e-02                     0.343297958                     0.017191887     0.114305741
47         1.305463e-03                     0.346533298                    -0.199976921     0.098833469
48         3.959317e-03                    -0.009726048                    -0.011199951     0.097421769
49         1.588964e-03                    -0.201833725                    -0.522751808     0.075404740
50        -3.582682e-03                     0.211559772                     0.297553301     0.088488916
51        -8.672501e-03                     0.583898067                    -0.099878550     0.126900569
52         8.340720e-04                    -0.238460541                     0.227452993     0.048497289
53        -9.305458e-04                     0.230577469                    -0.023298502     0.115684054
54        -1.399606e-02                     0.199839592                    -0.260592937     0.151285219
55         2.111603e-03                    -0.552228928                    -0.436033010    -0.004064650
56        -4.993848e-03                    -0.477911472                    -0.427183867     0.028517738
57        -3.453310e-03                    -0.304920197                     0.154703379     0.050566174
58        -2.066395e-03                     0.503497124                     0.200692415     0.060045147
59         7.780138e-04                    -0.715742588                    -0.113289595     0.024858721
60        -9.111051e-04                    -0.235079288                    -0.004589558     0.015857387
   economic_activity_lag_1 dummy Jan Feb Mar Apr May Jun Jul Aug Sep Oct
2               0.02976223     0   0   0   1   0   0   0   0   0   0   0
3               0.03672057     0   0   0   0   1   0   0   0   0   0   0
4               0.02660601     0   0   0   0   0   1   0   0   0   0   0
5               0.04356130     0   0   0   0   0   0   1   0   0   0   0
6               0.01757053     0   0   0   0   0   0   0   1   0   0   0
7               0.03236078     0   0   0   0   0   0   0   0   1   0   0
8               0.02930438     0   0   0   0   0   0   0   0   0   1   0
9               0.02923299     0   0   0   0   0   0   0   0   0   0   1
10              0.02229492     0   0   0   0   0   0   0   0   0   0   0
11              0.02323041     0   0   0   0   0   0   0   0   0   0   0
12              0.01734758     0   1   0   0   0   0   0   0   0   0   0
13              0.03391158     0   0   1   0   0   0   0   0   0   0   0
14              0.02600387     0   0   0   1   0   0   0   0   0   0   0
15              0.02691934     0   0   0   0   1   0   0   0   0   0   0
16              0.03757401     0   0   0   0   0   1   0   0   0   0   0
17              0.02002637     0   0   0   0   0   0   1   0   0   0   0
18              0.02480201     0   0   0   0   0   0   0   1   0   0   0
19              0.02186920     0   0   0   0   0   0   0   0   1   0   0
20              0.02278745     0   0   0   0   0   0   0   0   0   1   0
21              0.03620964     0   0   0   0   0   0   0   0   0   0   1
22              0.01981848     0   0   0   0   0   0   0   0   0   0   0
23              0.02549842     0   0   0   0   0   0   0   0   0   0   0
24              0.02259084     0   1   0   0   0   0   0   0   0   0   0
25              0.03781474     0   0   1   0   0   0   0   0   0   0   0
26              0.03578346     1   0   0   1   0   0   0   0   0   0   0
27             -0.07956922     1   0   0   0   1   0   0   0   0   0   0
28             -0.77070172     1   0   0   0   0   1   0   0   0   0   0
29              0.21339722     1   0   0   0   0   0   1   0   0   0   0
30              0.21330076     0   0   0   0   0   0   0   1   0   0   0
31              0.02971606     1   0   0   0   0   0   0   0   1   0   0
32              0.15791953     0   0   0   0   0   0   0   0   0   1   0
33              0.07717705     1   0   0   0   0   0   0   0   0   0   1
34              0.10115859     0   0   0   0   0   0   0   0   0   0   0
35              0.04507153     0   0   0   0   0   0   0   0   0   0   0
36              0.01677041     0   1   0   0   0   0   0   0   0   0   0
37              0.06736316     0   0   1   0   0   0   0   0   0   0   0
38              0.05066022     0   0   0   1   0   0   0   0   0   0   0
39              0.06160136     0   0   0   0   1   0   0   0   0   0   0
40              0.03720211     0   0   0   0   0   1   0   0   0   0   0
41              0.06412900     0   0   0   0   0   0   1   0   0   0   0
42              0.05475905     0   0   0   0   0   0   0   1   0   0   0
43              0.08879717     0   0   0   0   0   0   0   0   1   0   0
44              0.06602323     0   0   0   0   0   0   0   0   0   1   0
45              0.07861505     0   0   0   0   0   0   0   0   0   0   1
46              0.06819482     0   0   0   0   0   0   0   0   0   0   0
47              0.06879133     0   0   0   0   0   0   0   0   0   0   0
48              0.06937609     0   1   0   0   0   0   0   0   0   0   0
49              0.03542764     0   0   1   0   0   0   0   0   0   0   0
50              0.07849205     0   0   0   1   0   0   0   0   0   0   0
51              0.05112829     0   0   0   0   1   0   0   0   0   0   0
52              0.04431433     0   0   0   0   0   1   0   0   0   0   0
53              0.03389257     0   0   0   0   0   0   1   0   0   0   0
54              0.03843642     0   0   0   0   0   0   0   1   0   0   0
55              0.05041760     0   0   0   0   0   0   0   0   1   0   0
56              0.02896168     0   0   0   0   0   0   0   0   0   1   0
57              0.04915587     0   0   0   0   0   0   0   0   0   0   1
58              0.03059615     0   0   0   0   0   0   0   0   0   0   0
59              0.04330825     0   0   0   0   0   0   0   0   0   0   0
60              0.03585464     0   1   0   0   0   0   0   0   0   0   0


attr(,"class")
[1] "lpirfs_lin_obj"
