[1] "government_spending"  "djn level estimation"
                   1             2             3             4             5             6
AIC(n) -2.882494e+01 -2.901067e+01 -2.884376e+01 -2.917905e+01 -2.950049e+01 -3.078299e+01
HQ(n)  -2.762528e+01 -2.745816e+01 -2.693841e+01 -2.692087e+01 -2.688947e+01 -2.781912e+01
SC(n)  -2.572270e+01 -2.499600e+01 -2.391667e+01 -2.333954e+01 -2.274856e+01 -2.311863e+01
FPE(n)  3.364083e-13  3.188115e-13  4.727178e-13  4.896107e-13  6.442542e-13  4.773408e-13
                   1             2             3             4             5             6
AIC(n) -2.882494e+01 -2.901067e+01 -2.884376e+01 -2.917905e+01 -2.950049e+01 -3.078299e+01
HQ(n)  -2.762528e+01 -2.745816e+01 -2.693841e+01 -2.692087e+01 -2.688947e+01 -2.781912e+01
SC(n)  -2.572270e+01 -2.499600e+01 -2.391667e+01 -2.333954e+01 -2.274856e+01 -2.311863e+01
FPE(n)  3.364083e-13  3.188115e-13  4.727178e-13  4.896107e-13  6.442542e-13  4.773408e-13
$irf_lin_mean
, , 1

             [,1]        [,2]          [,3]         [,4]          [,5]         [,6]          [,7]          [,8]
[1,]  0.004120246 0.001781370  0.0007148305 0.0004451819 -0.0005162015 -0.000220003 -1.613658e-05 -1.846409e-05
[2,] -0.004252318 0.032177586  0.0265265096 0.0513694926  0.0958948515  0.127539900  1.346740e-01  8.577180e-02
[3,]  0.065995018 0.049853232  0.0301308482 0.0195569720  0.0355462842  0.052036819  7.773661e-02  4.456820e-02
[4,]  0.005933163 0.004642212  0.0036875444 0.0031728262  0.0066610402  0.003670511  1.685952e-03  6.185285e-03
[5,] -0.006392973 0.009822058 -0.0080112915 0.0028834304  0.0113351070 -0.014046418  2.412570e-03  2.688736e-02
              [,9]         [,10]        [,11]        [,12]         [,13]
[1,] -0.0001102815 -0.0010818545 -0.001715683 -0.001368213 -0.0012034004
[2,]  0.0593498560  0.0424118855  0.011975604 -0.006397331 -0.0048891517
[3,]  0.0164387623 -0.0255432162 -0.071623901 -0.079971779 -0.0476483648
[4,]  0.0058441235  0.0022159126 -0.001309826 -0.003647386 -0.0034336394
[5,] -0.0081766607 -0.0004844057 -0.007301427 -0.009814180 -0.0004661543

, , 2

             [,1]          [,2]          [,3]          [,4]          [,5]          [,6]         [,7]         [,8]
[1,]  0.000000000 -0.0007214790 -0.0015537829 -0.0010413905 -0.0009351903 -0.0016369407 -0.001154242 -0.001092714
[2,]  0.182300972  0.1384836702  0.0849396166  0.0672901946  0.0719625281  0.0219971223 -0.044159200 -0.044209642
[3,]  0.070766092  0.0407156031 -0.0006255118 -0.0119056225 -0.0033328743 -0.0417048232 -0.044068460 -0.049583555
[4,]  0.009470481  0.0008579982 -0.0025386551  0.0001804443 -0.0033074835 -0.0044388532 -0.006612505 -0.004273049
[5,] -0.018311335  0.0093847592 -0.0008590718 -0.0120807488 -0.0052979396  0.0001768681 -0.004162696 -0.010527314
              [,9]        [,10]         [,11]         [,12]         [,13]
[1,] -0.0012323919 -0.001185521 -0.0005078411  2.235776e-06 -0.0004093798
[2,] -0.0864186941 -0.098679933 -0.0905285064 -8.334615e-02 -0.0833343112
[3,] -0.0625359189 -0.063143015 -0.0406217869  5.035538e-04 -0.0144737667
[4,] -0.0069480498 -0.010454410 -0.0051178226 -5.295291e-03 -0.0101209826
[5,]  0.0005118025 -0.007456864  0.0020504878  2.120090e-03 -0.0260441282

, , 3

              [,1]         [,2]          [,3]          [,4]          [,5]         [,6]          [,7]        [,8]
[1,]  0.0000000000  0.000768236  1.003295e-03 -0.0003851718  0.0009636201  0.002273621  9.019954e-05 0.001682753
[2,]  0.0000000000  0.050882687 -1.563301e-03  0.0136838465 -0.0548203192 -0.031410551  7.141780e-02 0.011580181
[3,]  0.1404199387  0.071074726  3.234895e-02 -0.0160845961 -0.0544848373 -0.012978164 -3.352695e-03 0.064797269
[4,] -0.0094518052  0.005083090  6.471711e-06  0.0026764643  0.0074704824  0.007487208  2.124219e-02 0.010567141
[5,] -0.0002841389 -0.008515101  2.836146e-03 -0.0043486592  0.0054500050  0.015883034  4.669282e-02 0.025362471
              [,9]        [,10]         [,11]         [,12]         [,13]
[1,] -0.0006908501 -0.000501060 -0.0008634068 -0.0009929665  0.0003699434
[2,]  0.0707029133  0.075006503  0.1405724331  0.0443887561 -0.0110738331
[3,]  0.0302837156  0.053661020  0.0070390150 -0.0651238260 -0.0455620278
[4,]  0.0099100334  0.007182269 -0.0019941071 -0.0083192527 -0.0106283455
[5,]  0.0117903282 -0.018564357 -0.0357866218  0.0040438621 -0.0201680434

, , 4

           [,1]          [,2]         [,3]         [,4]          [,5]          [,6]          [,7]         [,8]         [,9]
[1,] 0.00000000 -0.0001020492 -0.001528068 -0.001436254 -0.0002300681  0.0005363699  0.0027354588  0.003089705  0.000532071
[2,] 0.00000000 -0.0124261340  0.013982536 -0.021149436 -0.0215609377 -0.0304950889 -0.0393190707 -0.045795535 -0.052655370
[3,] 0.00000000  0.0055408491 -0.010645640 -0.030634476 -0.0250798704 -0.0101335229  0.0009315143 -0.007379649 -0.027264700
[4,] 0.02614230  0.0092374144 -0.003816986 -0.002295508 -0.0033987393  0.0014778348  0.0060100492  0.008728181  0.003505411
[5,] 0.06830191  0.0118843942 -0.016125909  0.006603742 -0.0091599478 -0.0016370936  0.0079604612  0.004241457  0.012665062
             [,10]        [,11]         [,12]         [,13]
[1,]  6.453852e-06 0.0003231647 -3.327296e-06 -0.0002476762
[2,] -2.706449e-02 0.0334623284  1.015247e-01  0.1162278832
[3,] -2.287400e-02 0.0291286609  7.309438e-02  0.1060448981
[4,]  3.204755e-03 0.0073880637  2.019019e-03 -0.0104006143
[5,]  3.125873e-03 0.0210525657  1.168008e-02 -0.0460189576

, , 5

           [,1]          [,2]          [,3]         [,4]          [,5]          [,6]        [,7]         [,8]          [,9]
[1,] 0.00000000 -1.948508e-05  0.0008444511 -0.001006351 -0.0012674785 -7.114572e-05 0.000645105  0.001381801  0.0005622575
[2,] 0.00000000 -5.036198e-02  0.0386640192  0.029736578 -0.0303683912 -4.446539e-02 0.024025701 -0.017752300 -0.0026008620
[3,] 0.00000000 -3.933624e-03  0.0499128448  0.012876733 -0.0533812857 -1.232206e-02 0.016073137  0.007691785  0.0165906318
[4,] 0.00000000  2.841071e-03  0.0034597316 -0.002902329 -0.0018595102 -5.241265e-04 0.008002071  0.001779705 -0.0013672522
[5,] 0.09633125 -1.756575e-02 -0.0277035708  0.013738570  0.0005763899  4.772280e-03 0.002408904  0.008139224  0.0062002180
             [,10]         [,11]         [,12]         [,13]
[1,]  7.345404e-05  0.0001970868 -0.0008622143  0.0005591709
[2,] -1.402866e-02 -0.0159068529 -0.0165744356 -0.0076210632
[3,] -1.038868e-02 -0.0203405889 -0.0464975819  0.0013060848
[4,]  5.604389e-03  0.0006545559  0.0021312427 -0.0020886176
[5,]  3.627952e-03 -0.0091496875  0.0003203333 -0.0142744214


$irf_lin_low
, , 1

             [,1]          [,2]         [,3]         [,4]         [,5]         [,6]        [,7]         [,8]         [,9]
[1,]  0.004120246 -0.0004405354 -0.001529436 -0.001681280 -0.002581841 -0.002349370 -0.00251975 -0.002332244 -0.001862526
[2,] -0.004252318 -0.0351801499 -0.079809850 -0.057142497 -0.009369517  0.022813902  0.02902221 -0.035349389 -0.048251857
[3,]  0.065995018 -0.0103712956 -0.028679598 -0.056621170 -0.017572646 -0.006691899  0.03516349 -0.022345856 -0.050031257
[4,]  0.005933163 -0.0035175132 -0.009811608 -0.007032803 -0.003557550 -0.013802219 -0.01120731 -0.007304441 -0.005576733
[5,] -0.006392973 -0.0229632232 -0.034910463 -0.018178944 -0.018529775 -0.058073581 -0.06098271 -0.021786687 -0.043241666
            [,10]        [,11]        [,12]       [,13]
[1,] -0.002509846 -0.003016586 -0.003802037 -0.00405019
[2,] -0.025162683 -0.033597252 -0.069441478 -0.10673361
[3,] -0.069406361 -0.121201603 -0.157954339 -0.12632051
[4,] -0.010393693 -0.011624665 -0.011982725 -0.01689895
[5,] -0.028621593 -0.052141677 -0.053317505 -0.03173844

, , 2

             [,1]         [,2]         [,3]         [,4]         [,5]         [,6]        [,7]         [,8]         [,9]
[1,]  0.000000000 -0.002928229 -0.003787272 -0.003374003 -0.002835211 -0.004169863 -0.00395210 -0.003356464 -0.003482835
[2,]  0.182300972  0.061308724 -0.046687015 -0.084216112 -0.076834800 -0.114687010 -0.15139314 -0.174729951 -0.207797431
[3,]  0.070766092 -0.039895142 -0.085778873 -0.107270843 -0.086274024 -0.115093089 -0.08948002 -0.122305805 -0.141638541
[4,]  0.009470481 -0.008724464 -0.018584552 -0.013771194 -0.015844845 -0.019164227 -0.01997730 -0.018446001 -0.018768712
[5,] -0.018311335 -0.028315830 -0.027268845 -0.037068754 -0.032112190 -0.034526878 -0.06328585 -0.034044363 -0.027451759
            [,10]        [,11]        [,12]        [,13]
[1,] -0.003223867 -0.002410068 -0.002772342 -0.003000366
[2,] -0.187856355 -0.140626006 -0.195171200 -0.188733544
[3,] -0.123345894 -0.104566709 -0.105938191 -0.086026373
[4,] -0.023598788 -0.018390567 -0.020505253 -0.029499587
[5,] -0.039224233 -0.057653106 -0.063566528 -0.063606745

, , 3

              [,1]          [,2]          [,3]         [,4]          [,5]          [,6]         [,7]          [,8]
[1,]  0.0000000000 -0.0005869248 -0.0003050791 -0.001177446  0.0002435068  0.0011767035 -0.001149220  0.0004104853
[2,]  0.0000000000  0.0226038681 -0.0632313601 -0.051956823 -0.1207197594 -0.0728071386  0.037152661 -0.0527200193
[3,]  0.1404199387  0.0378486180 -0.0017819765 -0.055525072 -0.0711168485 -0.0326525198 -0.030354332  0.0245797249
[4,] -0.0094518052  0.0011183458 -0.0083436883 -0.004092048  0.0024873182 -0.0028790857  0.011276294 -0.0001240342
[5,] -0.0002841389 -0.0160846847 -0.0086436545 -0.018613957  0.0005896380 -0.0009723551 -0.004989337  0.0092273425
             [,9]        [,10]        [,11]        [,12]         [,13]
[1,] -0.001411940 -0.001215762 -0.001754569 -0.001861380 -0.0009786249
[2,]  0.035646230  0.048284405  0.122168137 -0.001040429 -0.0446470140
[3,] -0.006778835  0.037808699 -0.027221858 -0.101419848 -0.0613485275
[4,]  0.003173036  0.002765251 -0.008541581 -0.014569416 -0.0147278076
[5,] -0.011601979 -0.031921304 -0.063058869 -0.013692976 -0.0289905036

, , 4

           [,1]         [,2]         [,3]         [,4]         [,5]         [,6]          [,7]         [,8]         [,9]
[1,] 0.00000000 -0.001658175 -0.003149912 -0.003403865 -0.001983406 -0.001707716  0.0005984365  0.001376453 -0.001793309
[2,] 0.00000000 -0.071790245 -0.072735754 -0.121756191 -0.097421881 -0.119960181 -0.1424777480 -0.142126407 -0.165779613
[3,] 0.00000000 -0.050604695 -0.067454671 -0.095630323 -0.085648195 -0.061051614 -0.0290606618 -0.061214668 -0.083398259
[4,] 0.02614230 -0.002111281 -0.017778222 -0.015255972 -0.010787950 -0.005356873 -0.0026392067  0.001393398 -0.006642347
[5,] 0.06830191 -0.045622176 -0.051312626 -0.012583608 -0.034815545 -0.019866881 -0.0105634510 -0.013305750 -0.002371808
            [,10]        [,11]        [,12]        [,13]
[1,] -0.001877475 -0.000823751 -0.001978681 -0.002428387
[2,] -0.095545215 -0.014779901  0.031043765 -0.013501166
[3,] -0.071874131 -0.008464218 -0.015665043 -0.001445906
[4,] -0.009886103 -0.001523156 -0.006503217 -0.032217296
[5,] -0.031395510 -0.027314204 -0.037590355 -0.097879268

, , 5

           [,1]          [,2]          [,3]         [,4]         [,5]          [,6]          [,7]          [,8]
[1,] 0.00000000 -0.0008191874  2.561839e-05 -0.001679117 -0.002170399 -0.0012127600 -0.0001741431  0.0006300735
[2,] 0.00000000 -0.0762304762  1.122514e-03 -0.011615551 -0.054592666 -0.0750157306 -0.0219942149 -0.0506196258
[3,] 0.00000000 -0.0242909885  2.390094e-02 -0.016308214 -0.076310054 -0.0333594448 -0.0037938642 -0.0115024849
[4,] 0.00000000 -0.0040479454 -4.980863e-03 -0.009123479 -0.004801435 -0.0044950463  0.0043198780 -0.0016501190
[5,] 0.09633125 -0.0508011107 -5.038097e-02  0.006942436 -0.010217554 -0.0009772206 -0.0072727910 -0.0023622760
              [,9]         [,10]         [,11]        [,12]         [,13]
[1,] -0.0003135841 -0.0007623976 -0.0003432387 -0.001676027 -0.0001626956
[2,] -0.0389493366 -0.0391926362 -0.0403969228 -0.042153727 -0.0664804026
[3,] -0.0033963977 -0.0243123801 -0.0414264273 -0.087101219 -0.0375055423
[4,] -0.0064965163  0.0011752898 -0.0027662646 -0.002004199 -0.0126955958
[5,]  0.0001349039 -0.0102220955 -0.0252726491 -0.017852374 -0.0441185663


$irf_lin_up
, , 1

             [,1]        [,2]        [,3]        [,4]        [,5]        [,6]        [,7]        [,8]        [,9]
[1,]  0.004120246 0.004003275 0.002959097 0.002571644 0.001549438 0.001909364 0.002487476 0.002295316 0.001641963
[2,] -0.004252318 0.099535322 0.132862869 0.159881482 0.201159220 0.232265898 0.240325752 0.206892990 0.166951569
[3,]  0.065995018 0.110077760 0.088941294 0.095735114 0.088665215 0.110765538 0.120309728 0.111482264 0.082908781
[4,]  0.005933163 0.012801936 0.017186697 0.013378455 0.016879631 0.021143240 0.014579214 0.019675010 0.017264980
[5,] -0.006392973 0.042607339 0.018887880 0.023945805 0.041199989 0.029980745 0.065807850 0.075561406 0.026888344
            [,10]         [,11]        [,12]       [,13]
[1,] 0.0003461367 -0.0004147796  0.001065611 0.001643389
[2,] 0.1099864540  0.0575484592  0.056646817 0.096955302
[3,] 0.0183199283 -0.0220462000 -0.001989219 0.031023783
[4,] 0.0148255183  0.0090050118  0.004687952 0.010031671
[5,] 0.0276527816  0.0375388231  0.033689146 0.030806134

, , 2

             [,1]        [,2]         [,3]        [,4]        [,5]         [,6]        [,7]        [,8]        [,9]
[1,]  0.000000000 0.001485271 0.0006797067 0.001291222 0.000964830 0.0008959814 0.001643616 0.001171035 0.001018051
[2,]  0.182300972 0.215658616 0.2165662478 0.218796501 0.220759856 0.1586812546 0.063074742 0.086310667 0.034960043
[3,]  0.070766092 0.121326348 0.0845278498 0.083459598 0.079608275 0.0316834422 0.001343099 0.023138694 0.016566703
[4,]  0.009470481 0.010440460 0.0135072419 0.014132083 0.009229878 0.0102865202 0.006752289 0.009899904 0.004872612
[5,] -0.018311335 0.047085348 0.0255507009 0.012907257 0.021516311 0.0348806146 0.054960456 0.012989735 0.028475364
             [,10]        [,11]       [,12]       [,13]
[1,]  0.0008528256  0.001394386 0.002776814 0.002181606
[2,] -0.0095035113 -0.040431007 0.028478892 0.022064922
[3,] -0.0029401369  0.023323136 0.106945298 0.057078840
[4,]  0.0026899689  0.008154921 0.009914670 0.009257622
[5,]  0.0243105037  0.061754082 0.067806708 0.011518488

, , 3

              [,1]          [,2]        [,3]         [,4]         [,5]        [,6]        [,7]        [,8]         [,9]
[1,]  0.0000000000  0.0021233967 0.002311668 0.0004071024  0.001683733 0.003370539 0.001329619 0.002955021 3.023993e-05
[2,]  0.0000000000  0.0791615066 0.060104758 0.0793245163  0.011079121 0.009986036 0.105682941 0.075880381 1.057596e-01
[3,]  0.1404199387  0.1043008347 0.066479880 0.0233558800 -0.037852826 0.006696192 0.023648942 0.105014813 6.734627e-02
[4,] -0.0094518052  0.0090478347 0.008356632 0.0094449769  0.012453647 0.017853501 0.031208094 0.021258317 1.664703e-02
[5,] -0.0002841389 -0.0009455179 0.014315946 0.0099166391  0.010310372 0.032738423 0.098374973 0.041497599 3.518264e-02
             [,10]         [,11]         [,12]        [,13]
[1,]  0.0002136421  2.775531e-05 -0.0001245533  0.001718512
[2,]  0.1017286002  1.589767e-01  0.0898179410  0.022499348
[3,]  0.0695133410  4.129989e-02 -0.0288278037 -0.029775528
[4,]  0.0115992862  4.553367e-03 -0.0020690890 -0.006528883
[5,] -0.0052074103 -8.514375e-03  0.0217807004 -0.011345583

, , 4

           [,1]        [,2]         [,3]         [,4]        [,5]        [,6]        [,7]        [,8]        [,9]
[1,] 0.00000000 0.001454076 9.377567e-05 0.0005313574 0.001523270 0.002780456 0.004872481 0.004802957 0.002857451
[2,] 0.00000000 0.046937977 1.007008e-01 0.0794573192 0.054300006 0.058970003 0.063839607 0.050535337 0.060468874
[3,] 0.00000000 0.061686393 4.616339e-02 0.0343613707 0.035488454 0.040784568 0.030923690 0.046455370 0.028868859
[4,] 0.02614230 0.020586110 1.014425e-02 0.0106649566 0.003990471 0.008312543 0.014659305 0.016062965 0.013653170
[5,] 0.06830191 0.069390964 1.906081e-02 0.0257910924 0.016495649 0.016592694 0.026484373 0.021788664 0.027701932
           [,10]      [,11]       [,12]       [,13]
[1,] 0.001890383 0.00147008 0.001972026 0.001933034
[2,] 0.041416240 0.08170456 0.172005703 0.245956932
[3,] 0.026126139 0.06672154 0.161853799 0.213535703
[4,] 0.016295613 0.01629928 0.010541256 0.011416067
[5,] 0.037647256 0.06941934 0.060950517 0.005841353

, , 5

           [,1]          [,2]         [,3]          [,4]          [,5]         [,6]        [,7]        [,8]        [,9]
[1,] 0.00000000  0.0007802173  0.001663284 -0.0003335859 -0.0003645584  0.001070469 0.001464353 0.002133529 0.001438099
[2,] 0.00000000 -0.0244934791  0.076205524  0.0710887074 -0.0061441163 -0.013915043 0.070045616 0.015115026 0.033747613
[3,] 0.00000000  0.0164237409  0.075924751  0.0420616792 -0.0304525177  0.008715331 0.035940138 0.026886056 0.036577661
[4,] 0.00000000  0.0097300880  0.011900326  0.0033188215  0.0010824143  0.003446793 0.011684265 0.005209529 0.003762012
[5,] 0.09633125  0.0156696033 -0.005026175  0.0205347039  0.0113703342  0.010521780 0.012090600 0.018640725 0.012265532
            [,10]        [,11]         [,12]       [,13]
[1,] 0.0009093057 0.0007374123 -4.840186e-05 0.001281037
[2,] 0.0111353215 0.0085832171  9.004856e-03 0.051238276
[3,] 0.0035350124 0.0007452494 -5.893945e-03 0.040117712
[4,] 0.0100334886 0.0040753765  6.266685e-03 0.008518361
[5,] 0.0174779994 0.0069732742  1.849304e-02 0.015569724


$diagnostic_list
$diagnostic_list$`Shock: government_spending`
$diagnostic_list$`Shock: government_spending`[[1]]
                               R-sqrd. Adj. R-sqrd.   F-stat      p-value
h1:government_spending       0.4953379  0.307556662 2.637845 5.820417e-03
h1:inflation_expectations_1y 0.6068626  0.460578916 4.148532 9.809043e-05
h1:inflation_expectations_3y 0.4066848  0.185916378 1.842133 5.642696e-02
h1:inflation                 0.3712465  0.137291657 1.586830 1.143364e-01
h1:economic_activity         0.2753383  0.005696748 1.021127 4.547713e-01

$diagnostic_list$`Shock: government_spending`[[2]]
                               R-sqrd. Adj. R-sqrd.    F-stat    p-value
h2:government_spending       0.4357625   0.22081484 2.0272960 0.03406631
h2:inflation_expectations_1y 0.3587884   0.11451735 1.4688126 0.15781166
h2:inflation_expectations_3y 0.2130927  -0.08668152 0.7108440 0.76720385
h2:inflation                 0.1784614  -0.13450569 0.5702242 0.88822576
h2:economic_activity         0.2943940   0.02559169 1.0952064 0.38947490

$diagnostic_list$`Shock: government_spending`[[3]]
                               R-sqrd. Adj. R-sqrd.    F-stat   p-value
h3:government_spending       0.3739246   0.12960250 1.5304575 0.1353935
h3:inflation_expectations_1y 0.3205290   0.05536952 1.2088160 0.3022793
h3:inflation_expectations_3y 0.1001688  -0.25098486 0.2852563 0.9955685
h3:inflation                 0.1117501  -0.23488405 0.3223862 0.9914222
h3:economic_activity         0.2671435  -0.01884931 0.9340917 0.5397774

$diagnostic_list$`Shock: government_spending`[[4]]
                               R-sqrd. Adj. R-sqrd.    F-stat    p-value
h4:government_spending       0.3476116  0.086656189 1.3320728 0.22603186
h4:inflation_expectations_1y 0.4050953  0.167133396 1.7023536 0.08657503
h4:inflation_expectations_3y 0.2638517 -0.030607555 0.8960551 0.57833407
h4:inflation                 0.2055241 -0.112266271 0.6467285 0.82578727
h4:economic_activity         0.2847072 -0.001409969 0.9950721 0.48069219

$diagnostic_list$`Shock: government_spending`[[5]]
                               R-sqrd. Adj. R-sqrd.    F-stat    p-value
h5:government_spending       0.4159976   0.17640689 1.7362843 0.08013911
h5:inflation_expectations_1y 0.4713615   0.25448412 2.1734011 0.02434148
h5:inflation_expectations_3y 0.3296701   0.05466299 1.1987694 0.31149995
h5:inflation                 0.1760926  -0.16192069 0.5209635 0.91971090
h5:economic_activity         0.2837907  -0.01003872 0.9658349 0.50913966

$diagnostic_list$`Shock: government_spending`[[6]]
                               R-sqrd. Adj. R-sqrd.    F-stat    p-value
h6:government_spending       0.5114434   0.30573542 2.4862591 0.01071919
h6:inflation_expectations_1y 0.5161175   0.31237751 2.5332164 0.00944526
h6:inflation_expectations_3y 0.4688818   0.24525313 2.0966979 0.03081561
h6:inflation                 0.3390407   0.06074207 1.2182622 0.29900508
h6:economic_activity         0.2629839  -0.04733863 0.8474535 0.62806984

$diagnostic_list$`Shock: government_spending`[[7]]
                               R-sqrd. Adj. R-sqrd.    F-stat     p-value
h7:government_spending       0.5545382    0.3619061 2.8787426 0.003965078
h7:inflation_expectations_1y 0.4228293    0.1732420 1.6941138 0.092259838
h7:inflation_expectations_3y 0.4509982    0.2135921 1.8996904 0.053583015
h7:inflation                 0.2218145   -0.1146982 0.6591564 0.813306508
h7:economic_activity         0.1803788   -0.1740520 0.5089253 0.925956098

$diagnostic_list$`Shock: government_spending`[[8]]
                               R-sqrd. Adj. R-sqrd.    F-stat    p-value
h8:government_spending       0.2994227  -0.01194493 0.9616372 0.51439039
h8:inflation_expectations_1y 0.5013174   0.27968075 2.2618883 0.02097207
h8:inflation_expectations_3y 0.2971346  -0.01524999 0.9511820 0.52447755
h8:inflation                 0.2322451  -0.10897936 0.6806226 0.79325518
h8:economic_activity         0.2685439  -0.05654776 0.8260559 0.64975299

$diagnostic_list$`Shock: government_spending`[[9]]
                               R-sqrd. Adj. R-sqrd.    F-stat   p-value
h9:government_spending       0.2915918  -0.03225188 0.9004091 0.5746823
h9:inflation_expectations_1y 0.4577889   0.20992098 1.8469066 0.0641109
h9:inflation_expectations_3y 0.4025952   0.12949590 1.4741715 0.1653518
h9:inflation                 0.2099764  -0.15117718 0.5814048 0.8764956
h9:economic_activity         0.2714671  -0.06157655 0.8151097 0.6607250

$diagnostic_list$`Shock: government_spending`[[10]]
                                R-sqrd. Adj. R-sqrd.    F-stat    p-value
h10:government_spending       0.3768099  0.083544015 1.2848746 0.26163197
h10:inflation_expectations_1y 0.5462967  0.332789228 2.5586774 0.01049968
h10:inflation_expectations_3y 0.4414731  0.178636910 1.6796511 0.10021103
h10:inflation                 0.1989293 -0.178045087 0.5276998 0.91308016
h10:economic_activity         0.3137438 -0.009200248 0.9715113 0.50590996

$diagnostic_list$`Shock: government_spending`[[11]]
                                R-sqrd. Adj. R-sqrd.    F-stat    p-value
h11:government_spending       0.4147065    0.1309279 1.4613734 0.17405537
h11:inflation_expectations_1y 0.5113616    0.2744460 2.1584128 0.03026997
h11:inflation_expectations_3y 0.5327750    0.3062417 2.3518613 0.01852353
h11:inflation                 0.1994102   -0.1887546 0.5137256 0.92108869
h11:economic_activity         0.2761287   -0.0748392 0.7867634 0.68882439

$diagnostic_list$`Shock: government_spending`[[12]]
                                R-sqrd. Adj. R-sqrd.    F-stat     p-value
h12:government_spending       0.3272366 -0.009145147 0.9728132 0.505762776
h12:inflation_expectations_1y 0.6076378  0.411456725 3.0973312 0.003156299
h12:inflation_expectations_3y 0.4246131  0.136919602 1.4759218 0.169910245
h12:inflation                 0.3181563 -0.022765623 0.9332233 0.543331474
h12:economic_activity         0.4202088  0.130313211 1.4495177 0.180922323


$diagnostic_list$`Shock: inflation_expectations_1y`
$diagnostic_list$`Shock: inflation_expectations_1y`[[1]]
                               R-sqrd. Adj. R-sqrd.   F-stat      p-value
h1:government_spending       0.4953379  0.307556662 2.637845 5.820417e-03
h1:inflation_expectations_1y 0.6068626  0.460578916 4.148532 9.809043e-05
h1:inflation_expectations_3y 0.4066848  0.185916378 1.842133 5.642696e-02
h1:inflation                 0.3712465  0.137291657 1.586830 1.143364e-01
h1:economic_activity         0.2753383  0.005696748 1.021127 4.547713e-01

$diagnostic_list$`Shock: inflation_expectations_1y`[[2]]
                               R-sqrd. Adj. R-sqrd.    F-stat    p-value
h2:government_spending       0.4357625   0.22081484 2.0272960 0.03406631
h2:inflation_expectations_1y 0.3587884   0.11451735 1.4688126 0.15781166
h2:inflation_expectations_3y 0.2130927  -0.08668152 0.7108440 0.76720385
h2:inflation                 0.1784614  -0.13450569 0.5702242 0.88822576
h2:economic_activity         0.2943940   0.02559169 1.0952064 0.38947490

$diagnostic_list$`Shock: inflation_expectations_1y`[[3]]
                               R-sqrd. Adj. R-sqrd.    F-stat   p-value
h3:government_spending       0.3739246   0.12960250 1.5304575 0.1353935
h3:inflation_expectations_1y 0.3205290   0.05536952 1.2088160 0.3022793
h3:inflation_expectations_3y 0.1001688  -0.25098486 0.2852563 0.9955685
h3:inflation                 0.1117501  -0.23488405 0.3223862 0.9914222
h3:economic_activity         0.2671435  -0.01884931 0.9340917 0.5397774

$diagnostic_list$`Shock: inflation_expectations_1y`[[4]]
                               R-sqrd. Adj. R-sqrd.    F-stat    p-value
h4:government_spending       0.3476116  0.086656189 1.3320728 0.22603186
h4:inflation_expectations_1y 0.4050953  0.167133396 1.7023536 0.08657503
h4:inflation_expectations_3y 0.2638517 -0.030607555 0.8960551 0.57833407
h4:inflation                 0.2055241 -0.112266271 0.6467285 0.82578727
h4:economic_activity         0.2847072 -0.001409969 0.9950721 0.48069219

$diagnostic_list$`Shock: inflation_expectations_1y`[[5]]
                               R-sqrd. Adj. R-sqrd.    F-stat    p-value
h5:government_spending       0.4159976   0.17640689 1.7362843 0.08013911
h5:inflation_expectations_1y 0.4713615   0.25448412 2.1734011 0.02434148
h5:inflation_expectations_3y 0.3296701   0.05466299 1.1987694 0.31149995
h5:inflation                 0.1760926  -0.16192069 0.5209635 0.91971090
h5:economic_activity         0.2837907  -0.01003872 0.9658349 0.50913966

$diagnostic_list$`Shock: inflation_expectations_1y`[[6]]
                               R-sqrd. Adj. R-sqrd.    F-stat    p-value
h6:government_spending       0.5114434   0.30573542 2.4862591 0.01071919
h6:inflation_expectations_1y 0.5161175   0.31237751 2.5332164 0.00944526
h6:inflation_expectations_3y 0.4688818   0.24525313 2.0966979 0.03081561
h6:inflation                 0.3390407   0.06074207 1.2182622 0.29900508
h6:economic_activity         0.2629839  -0.04733863 0.8474535 0.62806984

$diagnostic_list$`Shock: inflation_expectations_1y`[[7]]
                               R-sqrd. Adj. R-sqrd.    F-stat     p-value
h7:government_spending       0.5545382    0.3619061 2.8787426 0.003965078
h7:inflation_expectations_1y 0.4228293    0.1732420 1.6941138 0.092259838
h7:inflation_expectations_3y 0.4509982    0.2135921 1.8996904 0.053583015
h7:inflation                 0.2218145   -0.1146982 0.6591564 0.813306508
h7:economic_activity         0.1803788   -0.1740520 0.5089253 0.925956098

$diagnostic_list$`Shock: inflation_expectations_1y`[[8]]
                               R-sqrd. Adj. R-sqrd.    F-stat    p-value
h8:government_spending       0.2994227  -0.01194493 0.9616372 0.51439039
h8:inflation_expectations_1y 0.5013174   0.27968075 2.2618883 0.02097207
h8:inflation_expectations_3y 0.2971346  -0.01524999 0.9511820 0.52447755
h8:inflation                 0.2322451  -0.10897936 0.6806226 0.79325518
h8:economic_activity         0.2685439  -0.05654776 0.8260559 0.64975299

$diagnostic_list$`Shock: inflation_expectations_1y`[[9]]
                               R-sqrd. Adj. R-sqrd.    F-stat   p-value
h9:government_spending       0.2915918  -0.03225188 0.9004091 0.5746823
h9:inflation_expectations_1y 0.4577889   0.20992098 1.8469066 0.0641109
h9:inflation_expectations_3y 0.4025952   0.12949590 1.4741715 0.1653518
h9:inflation                 0.2099764  -0.15117718 0.5814048 0.8764956
h9:economic_activity         0.2714671  -0.06157655 0.8151097 0.6607250

$diagnostic_list$`Shock: inflation_expectations_1y`[[10]]
                                R-sqrd. Adj. R-sqrd.    F-stat    p-value
h10:government_spending       0.3768099  0.083544015 1.2848746 0.26163197
h10:inflation_expectations_1y 0.5462967  0.332789228 2.5586774 0.01049968
h10:inflation_expectations_3y 0.4414731  0.178636910 1.6796511 0.10021103
h10:inflation                 0.1989293 -0.178045087 0.5276998 0.91308016
h10:economic_activity         0.3137438 -0.009200248 0.9715113 0.50590996

$diagnostic_list$`Shock: inflation_expectations_1y`[[11]]
                                R-sqrd. Adj. R-sqrd.    F-stat    p-value
h11:government_spending       0.4147065    0.1309279 1.4613734 0.17405537
h11:inflation_expectations_1y 0.5113616    0.2744460 2.1584128 0.03026997
h11:inflation_expectations_3y 0.5327750    0.3062417 2.3518613 0.01852353
h11:inflation                 0.1994102   -0.1887546 0.5137256 0.92108869
h11:economic_activity         0.2761287   -0.0748392 0.7867634 0.68882439

$diagnostic_list$`Shock: inflation_expectations_1y`[[12]]
                                R-sqrd. Adj. R-sqrd.    F-stat     p-value
h12:government_spending       0.3272366 -0.009145147 0.9728132 0.505762776
h12:inflation_expectations_1y 0.6076378  0.411456725 3.0973312 0.003156299
h12:inflation_expectations_3y 0.4246131  0.136919602 1.4759218 0.169910245
h12:inflation                 0.3181563 -0.022765623 0.9332233 0.543331474
h12:economic_activity         0.4202088  0.130313211 1.4495177 0.180922323


$diagnostic_list$`Shock: inflation_expectations_3y`
$diagnostic_list$`Shock: inflation_expectations_3y`[[1]]
                               R-sqrd. Adj. R-sqrd.   F-stat      p-value
h1:government_spending       0.4953379  0.307556662 2.637845 5.820417e-03
h1:inflation_expectations_1y 0.6068626  0.460578916 4.148532 9.809043e-05
h1:inflation_expectations_3y 0.4066848  0.185916378 1.842133 5.642696e-02
h1:inflation                 0.3712465  0.137291657 1.586830 1.143364e-01
h1:economic_activity         0.2753383  0.005696748 1.021127 4.547713e-01

$diagnostic_list$`Shock: inflation_expectations_3y`[[2]]
                               R-sqrd. Adj. R-sqrd.    F-stat    p-value
h2:government_spending       0.4357625   0.22081484 2.0272960 0.03406631
h2:inflation_expectations_1y 0.3587884   0.11451735 1.4688126 0.15781166
h2:inflation_expectations_3y 0.2130927  -0.08668152 0.7108440 0.76720385
h2:inflation                 0.1784614  -0.13450569 0.5702242 0.88822576
h2:economic_activity         0.2943940   0.02559169 1.0952064 0.38947490

$diagnostic_list$`Shock: inflation_expectations_3y`[[3]]
                               R-sqrd. Adj. R-sqrd.    F-stat   p-value
h3:government_spending       0.3739246   0.12960250 1.5304575 0.1353935
h3:inflation_expectations_1y 0.3205290   0.05536952 1.2088160 0.3022793
h3:inflation_expectations_3y 0.1001688  -0.25098486 0.2852563 0.9955685
h3:inflation                 0.1117501  -0.23488405 0.3223862 0.9914222
h3:economic_activity         0.2671435  -0.01884931 0.9340917 0.5397774

$diagnostic_list$`Shock: inflation_expectations_3y`[[4]]
                               R-sqrd. Adj. R-sqrd.    F-stat    p-value
h4:government_spending       0.3476116  0.086656189 1.3320728 0.22603186
h4:inflation_expectations_1y 0.4050953  0.167133396 1.7023536 0.08657503
h4:inflation_expectations_3y 0.2638517 -0.030607555 0.8960551 0.57833407
h4:inflation                 0.2055241 -0.112266271 0.6467285 0.82578727
h4:economic_activity         0.2847072 -0.001409969 0.9950721 0.48069219

$diagnostic_list$`Shock: inflation_expectations_3y`[[5]]
                               R-sqrd. Adj. R-sqrd.    F-stat    p-value
h5:government_spending       0.4159976   0.17640689 1.7362843 0.08013911
h5:inflation_expectations_1y 0.4713615   0.25448412 2.1734011 0.02434148
h5:inflation_expectations_3y 0.3296701   0.05466299 1.1987694 0.31149995
h5:inflation                 0.1760926  -0.16192069 0.5209635 0.91971090
h5:economic_activity         0.2837907  -0.01003872 0.9658349 0.50913966

$diagnostic_list$`Shock: inflation_expectations_3y`[[6]]
                               R-sqrd. Adj. R-sqrd.    F-stat    p-value
h6:government_spending       0.5114434   0.30573542 2.4862591 0.01071919
h6:inflation_expectations_1y 0.5161175   0.31237751 2.5332164 0.00944526
h6:inflation_expectations_3y 0.4688818   0.24525313 2.0966979 0.03081561
h6:inflation                 0.3390407   0.06074207 1.2182622 0.29900508
h6:economic_activity         0.2629839  -0.04733863 0.8474535 0.62806984

$diagnostic_list$`Shock: inflation_expectations_3y`[[7]]
                               R-sqrd. Adj. R-sqrd.    F-stat     p-value
h7:government_spending       0.5545382    0.3619061 2.8787426 0.003965078
h7:inflation_expectations_1y 0.4228293    0.1732420 1.6941138 0.092259838
h7:inflation_expectations_3y 0.4509982    0.2135921 1.8996904 0.053583015
h7:inflation                 0.2218145   -0.1146982 0.6591564 0.813306508
h7:economic_activity         0.1803788   -0.1740520 0.5089253 0.925956098

$diagnostic_list$`Shock: inflation_expectations_3y`[[8]]
                               R-sqrd. Adj. R-sqrd.    F-stat    p-value
h8:government_spending       0.2994227  -0.01194493 0.9616372 0.51439039
h8:inflation_expectations_1y 0.5013174   0.27968075 2.2618883 0.02097207
h8:inflation_expectations_3y 0.2971346  -0.01524999 0.9511820 0.52447755
h8:inflation                 0.2322451  -0.10897936 0.6806226 0.79325518
h8:economic_activity         0.2685439  -0.05654776 0.8260559 0.64975299

$diagnostic_list$`Shock: inflation_expectations_3y`[[9]]
                               R-sqrd. Adj. R-sqrd.    F-stat   p-value
h9:government_spending       0.2915918  -0.03225188 0.9004091 0.5746823
h9:inflation_expectations_1y 0.4577889   0.20992098 1.8469066 0.0641109
h9:inflation_expectations_3y 0.4025952   0.12949590 1.4741715 0.1653518
h9:inflation                 0.2099764  -0.15117718 0.5814048 0.8764956
h9:economic_activity         0.2714671  -0.06157655 0.8151097 0.6607250

$diagnostic_list$`Shock: inflation_expectations_3y`[[10]]
                                R-sqrd. Adj. R-sqrd.    F-stat    p-value
h10:government_spending       0.3768099  0.083544015 1.2848746 0.26163197
h10:inflation_expectations_1y 0.5462967  0.332789228 2.5586774 0.01049968
h10:inflation_expectations_3y 0.4414731  0.178636910 1.6796511 0.10021103
h10:inflation                 0.1989293 -0.178045087 0.5276998 0.91308016
h10:economic_activity         0.3137438 -0.009200248 0.9715113 0.50590996

$diagnostic_list$`Shock: inflation_expectations_3y`[[11]]
                                R-sqrd. Adj. R-sqrd.    F-stat    p-value
h11:government_spending       0.4147065    0.1309279 1.4613734 0.17405537
h11:inflation_expectations_1y 0.5113616    0.2744460 2.1584128 0.03026997
h11:inflation_expectations_3y 0.5327750    0.3062417 2.3518613 0.01852353
h11:inflation                 0.1994102   -0.1887546 0.5137256 0.92108869
h11:economic_activity         0.2761287   -0.0748392 0.7867634 0.68882439

$diagnostic_list$`Shock: inflation_expectations_3y`[[12]]
                                R-sqrd. Adj. R-sqrd.    F-stat     p-value
h12:government_spending       0.3272366 -0.009145147 0.9728132 0.505762776
h12:inflation_expectations_1y 0.6076378  0.411456725 3.0973312 0.003156299
h12:inflation_expectations_3y 0.4246131  0.136919602 1.4759218 0.169910245
h12:inflation                 0.3181563 -0.022765623 0.9332233 0.543331474
h12:economic_activity         0.4202088  0.130313211 1.4495177 0.180922323


$diagnostic_list$`Shock: inflation`
$diagnostic_list$`Shock: inflation`[[1]]
                               R-sqrd. Adj. R-sqrd.   F-stat      p-value
h1:government_spending       0.4953379  0.307556662 2.637845 5.820417e-03
h1:inflation_expectations_1y 0.6068626  0.460578916 4.148532 9.809043e-05
h1:inflation_expectations_3y 0.4066848  0.185916378 1.842133 5.642696e-02
h1:inflation                 0.3712465  0.137291657 1.586830 1.143364e-01
h1:economic_activity         0.2753383  0.005696748 1.021127 4.547713e-01

$diagnostic_list$`Shock: inflation`[[2]]
                               R-sqrd. Adj. R-sqrd.    F-stat    p-value
h2:government_spending       0.4357625   0.22081484 2.0272960 0.03406631
h2:inflation_expectations_1y 0.3587884   0.11451735 1.4688126 0.15781166
h2:inflation_expectations_3y 0.2130927  -0.08668152 0.7108440 0.76720385
h2:inflation                 0.1784614  -0.13450569 0.5702242 0.88822576
h2:economic_activity         0.2943940   0.02559169 1.0952064 0.38947490

$diagnostic_list$`Shock: inflation`[[3]]
                               R-sqrd. Adj. R-sqrd.    F-stat   p-value
h3:government_spending       0.3739246   0.12960250 1.5304575 0.1353935
h3:inflation_expectations_1y 0.3205290   0.05536952 1.2088160 0.3022793
h3:inflation_expectations_3y 0.1001688  -0.25098486 0.2852563 0.9955685
h3:inflation                 0.1117501  -0.23488405 0.3223862 0.9914222
h3:economic_activity         0.2671435  -0.01884931 0.9340917 0.5397774

$diagnostic_list$`Shock: inflation`[[4]]
                               R-sqrd. Adj. R-sqrd.    F-stat    p-value
h4:government_spending       0.3476116  0.086656189 1.3320728 0.22603186
h4:inflation_expectations_1y 0.4050953  0.167133396 1.7023536 0.08657503
h4:inflation_expectations_3y 0.2638517 -0.030607555 0.8960551 0.57833407
h4:inflation                 0.2055241 -0.112266271 0.6467285 0.82578727
h4:economic_activity         0.2847072 -0.001409969 0.9950721 0.48069219

$diagnostic_list$`Shock: inflation`[[5]]
                               R-sqrd. Adj. R-sqrd.    F-stat    p-value
h5:government_spending       0.4159976   0.17640689 1.7362843 0.08013911
h5:inflation_expectations_1y 0.4713615   0.25448412 2.1734011 0.02434148
h5:inflation_expectations_3y 0.3296701   0.05466299 1.1987694 0.31149995
h5:inflation                 0.1760926  -0.16192069 0.5209635 0.91971090
h5:economic_activity         0.2837907  -0.01003872 0.9658349 0.50913966

$diagnostic_list$`Shock: inflation`[[6]]
                               R-sqrd. Adj. R-sqrd.    F-stat    p-value
h6:government_spending       0.5114434   0.30573542 2.4862591 0.01071919
h6:inflation_expectations_1y 0.5161175   0.31237751 2.5332164 0.00944526
h6:inflation_expectations_3y 0.4688818   0.24525313 2.0966979 0.03081561
h6:inflation                 0.3390407   0.06074207 1.2182622 0.29900508
h6:economic_activity         0.2629839  -0.04733863 0.8474535 0.62806984

$diagnostic_list$`Shock: inflation`[[7]]
                               R-sqrd. Adj. R-sqrd.    F-stat     p-value
h7:government_spending       0.5545382    0.3619061 2.8787426 0.003965078
h7:inflation_expectations_1y 0.4228293    0.1732420 1.6941138 0.092259838
h7:inflation_expectations_3y 0.4509982    0.2135921 1.8996904 0.053583015
h7:inflation                 0.2218145   -0.1146982 0.6591564 0.813306508
h7:economic_activity         0.1803788   -0.1740520 0.5089253 0.925956098

$diagnostic_list$`Shock: inflation`[[8]]
                               R-sqrd. Adj. R-sqrd.    F-stat    p-value
h8:government_spending       0.2994227  -0.01194493 0.9616372 0.51439039
h8:inflation_expectations_1y 0.5013174   0.27968075 2.2618883 0.02097207
h8:inflation_expectations_3y 0.2971346  -0.01524999 0.9511820 0.52447755
h8:inflation                 0.2322451  -0.10897936 0.6806226 0.79325518
h8:economic_activity         0.2685439  -0.05654776 0.8260559 0.64975299

$diagnostic_list$`Shock: inflation`[[9]]
                               R-sqrd. Adj. R-sqrd.    F-stat   p-value
h9:government_spending       0.2915918  -0.03225188 0.9004091 0.5746823
h9:inflation_expectations_1y 0.4577889   0.20992098 1.8469066 0.0641109
h9:inflation_expectations_3y 0.4025952   0.12949590 1.4741715 0.1653518
h9:inflation                 0.2099764  -0.15117718 0.5814048 0.8764956
h9:economic_activity         0.2714671  -0.06157655 0.8151097 0.6607250

$diagnostic_list$`Shock: inflation`[[10]]
                                R-sqrd. Adj. R-sqrd.    F-stat    p-value
h10:government_spending       0.3768099  0.083544015 1.2848746 0.26163197
h10:inflation_expectations_1y 0.5462967  0.332789228 2.5586774 0.01049968
h10:inflation_expectations_3y 0.4414731  0.178636910 1.6796511 0.10021103
h10:inflation                 0.1989293 -0.178045087 0.5276998 0.91308016
h10:economic_activity         0.3137438 -0.009200248 0.9715113 0.50590996

$diagnostic_list$`Shock: inflation`[[11]]
                                R-sqrd. Adj. R-sqrd.    F-stat    p-value
h11:government_spending       0.4147065    0.1309279 1.4613734 0.17405537
h11:inflation_expectations_1y 0.5113616    0.2744460 2.1584128 0.03026997
h11:inflation_expectations_3y 0.5327750    0.3062417 2.3518613 0.01852353
h11:inflation                 0.1994102   -0.1887546 0.5137256 0.92108869
h11:economic_activity         0.2761287   -0.0748392 0.7867634 0.68882439

$diagnostic_list$`Shock: inflation`[[12]]
                                R-sqrd. Adj. R-sqrd.    F-stat     p-value
h12:government_spending       0.3272366 -0.009145147 0.9728132 0.505762776
h12:inflation_expectations_1y 0.6076378  0.411456725 3.0973312 0.003156299
h12:inflation_expectations_3y 0.4246131  0.136919602 1.4759218 0.169910245
h12:inflation                 0.3181563 -0.022765623 0.9332233 0.543331474
h12:economic_activity         0.4202088  0.130313211 1.4495177 0.180922323


$diagnostic_list$`Shock: economic_activity`
$diagnostic_list$`Shock: economic_activity`[[1]]
                               R-sqrd. Adj. R-sqrd.   F-stat      p-value
h1:government_spending       0.4953379  0.307556662 2.637845 5.820417e-03
h1:inflation_expectations_1y 0.6068626  0.460578916 4.148532 9.809043e-05
h1:inflation_expectations_3y 0.4066848  0.185916378 1.842133 5.642696e-02
h1:inflation                 0.3712465  0.137291657 1.586830 1.143364e-01
h1:economic_activity         0.2753383  0.005696748 1.021127 4.547713e-01

$diagnostic_list$`Shock: economic_activity`[[2]]
                               R-sqrd. Adj. R-sqrd.    F-stat    p-value
h2:government_spending       0.4357625   0.22081484 2.0272960 0.03406631
h2:inflation_expectations_1y 0.3587884   0.11451735 1.4688126 0.15781166
h2:inflation_expectations_3y 0.2130927  -0.08668152 0.7108440 0.76720385
h2:inflation                 0.1784614  -0.13450569 0.5702242 0.88822576
h2:economic_activity         0.2943940   0.02559169 1.0952064 0.38947490

$diagnostic_list$`Shock: economic_activity`[[3]]
                               R-sqrd. Adj. R-sqrd.    F-stat   p-value
h3:government_spending       0.3739246   0.12960250 1.5304575 0.1353935
h3:inflation_expectations_1y 0.3205290   0.05536952 1.2088160 0.3022793
h3:inflation_expectations_3y 0.1001688  -0.25098486 0.2852563 0.9955685
h3:inflation                 0.1117501  -0.23488405 0.3223862 0.9914222
h3:economic_activity         0.2671435  -0.01884931 0.9340917 0.5397774

$diagnostic_list$`Shock: economic_activity`[[4]]
                               R-sqrd. Adj. R-sqrd.    F-stat    p-value
h4:government_spending       0.3476116  0.086656189 1.3320728 0.22603186
h4:inflation_expectations_1y 0.4050953  0.167133396 1.7023536 0.08657503
h4:inflation_expectations_3y 0.2638517 -0.030607555 0.8960551 0.57833407
h4:inflation                 0.2055241 -0.112266271 0.6467285 0.82578727
h4:economic_activity         0.2847072 -0.001409969 0.9950721 0.48069219

$diagnostic_list$`Shock: economic_activity`[[5]]
                               R-sqrd. Adj. R-sqrd.    F-stat    p-value
h5:government_spending       0.4159976   0.17640689 1.7362843 0.08013911
h5:inflation_expectations_1y 0.4713615   0.25448412 2.1734011 0.02434148
h5:inflation_expectations_3y 0.3296701   0.05466299 1.1987694 0.31149995
h5:inflation                 0.1760926  -0.16192069 0.5209635 0.91971090
h5:economic_activity         0.2837907  -0.01003872 0.9658349 0.50913966

$diagnostic_list$`Shock: economic_activity`[[6]]
                               R-sqrd. Adj. R-sqrd.    F-stat    p-value
h6:government_spending       0.5114434   0.30573542 2.4862591 0.01071919
h6:inflation_expectations_1y 0.5161175   0.31237751 2.5332164 0.00944526
h6:inflation_expectations_3y 0.4688818   0.24525313 2.0966979 0.03081561
h6:inflation                 0.3390407   0.06074207 1.2182622 0.29900508
h6:economic_activity         0.2629839  -0.04733863 0.8474535 0.62806984

$diagnostic_list$`Shock: economic_activity`[[7]]
                               R-sqrd. Adj. R-sqrd.    F-stat     p-value
h7:government_spending       0.5545382    0.3619061 2.8787426 0.003965078
h7:inflation_expectations_1y 0.4228293    0.1732420 1.6941138 0.092259838
h7:inflation_expectations_3y 0.4509982    0.2135921 1.8996904 0.053583015
h7:inflation                 0.2218145   -0.1146982 0.6591564 0.813306508
h7:economic_activity         0.1803788   -0.1740520 0.5089253 0.925956098

$diagnostic_list$`Shock: economic_activity`[[8]]
                               R-sqrd. Adj. R-sqrd.    F-stat    p-value
h8:government_spending       0.2994227  -0.01194493 0.9616372 0.51439039
h8:inflation_expectations_1y 0.5013174   0.27968075 2.2618883 0.02097207
h8:inflation_expectations_3y 0.2971346  -0.01524999 0.9511820 0.52447755
h8:inflation                 0.2322451  -0.10897936 0.6806226 0.79325518
h8:economic_activity         0.2685439  -0.05654776 0.8260559 0.64975299

$diagnostic_list$`Shock: economic_activity`[[9]]
                               R-sqrd. Adj. R-sqrd.    F-stat   p-value
h9:government_spending       0.2915918  -0.03225188 0.9004091 0.5746823
h9:inflation_expectations_1y 0.4577889   0.20992098 1.8469066 0.0641109
h9:inflation_expectations_3y 0.4025952   0.12949590 1.4741715 0.1653518
h9:inflation                 0.2099764  -0.15117718 0.5814048 0.8764956
h9:economic_activity         0.2714671  -0.06157655 0.8151097 0.6607250

$diagnostic_list$`Shock: economic_activity`[[10]]
                                R-sqrd. Adj. R-sqrd.    F-stat    p-value
h10:government_spending       0.3768099  0.083544015 1.2848746 0.26163197
h10:inflation_expectations_1y 0.5462967  0.332789228 2.5586774 0.01049968
h10:inflation_expectations_3y 0.4414731  0.178636910 1.6796511 0.10021103
h10:inflation                 0.1989293 -0.178045087 0.5276998 0.91308016
h10:economic_activity         0.3137438 -0.009200248 0.9715113 0.50590996

$diagnostic_list$`Shock: economic_activity`[[11]]
                                R-sqrd. Adj. R-sqrd.    F-stat    p-value
h11:government_spending       0.4147065    0.1309279 1.4613734 0.17405537
h11:inflation_expectations_1y 0.5113616    0.2744460 2.1584128 0.03026997
h11:inflation_expectations_3y 0.5327750    0.3062417 2.3518613 0.01852353
h11:inflation                 0.1994102   -0.1887546 0.5137256 0.92108869
h11:economic_activity         0.2761287   -0.0748392 0.7867634 0.68882439

$diagnostic_list$`Shock: economic_activity`[[12]]
                                R-sqrd. Adj. R-sqrd.    F-stat     p-value
h12:government_spending       0.3272366 -0.009145147 0.9728132 0.505762776
h12:inflation_expectations_1y 0.6076378  0.411456725 3.0973312 0.003156299
h12:inflation_expectations_3y 0.4246131  0.136919602 1.4759218 0.169910245
h12:inflation                 0.3181563 -0.022765623 0.9332233 0.543331474
h12:economic_activity         0.4202088  0.130313211 1.4495177 0.180922323



$specs
$specs$lags_endog_lin
SC(n) 
    1 

$specs$lags_criterion
[1] NaN

$specs$max_lags
[1] NaN

$specs$trend
[1] 0

$specs$shock_type
[1] 0

$specs$confint
[1] 1.65

$specs$hor
[1] 12

$specs$use_nw
[1] TRUE

$specs$nw_prewhite
[1] FALSE

$specs$adjust_se
[1] FALSE

$specs$use_twosls
[1] FALSE

$specs$contemp_data
$specs$contemp_data$dummy
 [1] 0 0 0 0 0 0 0 0 0 0 0 0 0 0 0 0 0 0 0 0 0 0 0 0 0 0 1 1 1 1 0 1 0 1 0 0 0 0 0 0 0 0 0 0 0 0 0 0 0 0 0 0 0 0 0 0 0 0 0 0
[61] 0

$specs$contemp_data$Jan
 [1] 0 0 0 0 0 0 0 0 0 0 0 1 0 0 0 0 0 0 0 0 0 0 0 1 0 0 0 0 0 0 0 0 0 0 0 1 0 0 0 0 0 0 0 0 0 0 0 1 0 0 0 0 0 0 0 0 0 0 0 1
[61] 0

$specs$contemp_data$Feb
 [1] 1 0 0 0 0 0 0 0 0 0 0 0 1 0 0 0 0 0 0 0 0 0 0 0 1 0 0 0 0 0 0 0 0 0 0 0 1 0 0 0 0 0 0 0 0 0 0 0 1 0 0 0 0 0 0 0 0 0 0 0
[61] 1

$specs$contemp_data$Mar
 [1] 0 1 0 0 0 0 0 0 0 0 0 0 0 1 0 0 0 0 0 0 0 0 0 0 0 1 0 0 0 0 0 0 0 0 0 0 0 1 0 0 0 0 0 0 0 0 0 0 0 1 0 0 0 0 0 0 0 0 0 0
[61] 0

$specs$contemp_data$Apr
 [1] 0 0 1 0 0 0 0 0 0 0 0 0 0 0 1 0 0 0 0 0 0 0 0 0 0 0 1 0 0 0 0 0 0 0 0 0 0 0 1 0 0 0 0 0 0 0 0 0 0 0 1 0 0 0 0 0 0 0 0 0
[61] 0

$specs$contemp_data$May
 [1] 0 0 0 1 0 0 0 0 0 0 0 0 0 0 0 1 0 0 0 0 0 0 0 0 0 0 0 1 0 0 0 0 0 0 0 0 0 0 0 1 0 0 0 0 0 0 0 0 0 0 0 1 0 0 0 0 0 0 0 0
[61] 0

$specs$contemp_data$Jun
 [1] 0 0 0 0 1 0 0 0 0 0 0 0 0 0 0 0 1 0 0 0 0 0 0 0 0 0 0 0 1 0 0 0 0 0 0 0 0 0 0 0 1 0 0 0 0 0 0 0 0 0 0 0 1 0 0 0 0 0 0 0
[61] 0

$specs$contemp_data$Jul
 [1] 0 0 0 0 0 1 0 0 0 0 0 0 0 0 0 0 0 1 0 0 0 0 0 0 0 0 0 0 0 1 0 0 0 0 0 0 0 0 0 0 0 1 0 0 0 0 0 0 0 0 0 0 0 1 0 0 0 0 0 0
[61] 0

$specs$contemp_data$Aug
 [1] 0 0 0 0 0 0 1 0 0 0 0 0 0 0 0 0 0 0 1 0 0 0 0 0 0 0 0 0 0 0 1 0 0 0 0 0 0 0 0 0 0 0 1 0 0 0 0 0 0 0 0 0 0 0 1 0 0 0 0 0
[61] 0

$specs$contemp_data$Sep
 [1] 0 0 0 0 0 0 0 1 0 0 0 0 0 0 0 0 0 0 0 1 0 0 0 0 0 0 0 0 0 0 0 1 0 0 0 0 0 0 0 0 0 0 0 1 0 0 0 0 0 0 0 0 0 0 0 1 0 0 0 0
[61] 0

$specs$contemp_data$Oct
 [1] 0 0 0 0 0 0 0 0 1 0 0 0 0 0 0 0 0 0 0 0 1 0 0 0 0 0 0 0 0 0 0 0 1 0 0 0 0 0 0 0 0 0 0 0 1 0 0 0 0 0 0 0 0 0 0 0 1 0 0 0
[61] 0


$specs$model_type
[1] 0

$specs$starts
[1] 1

$specs$ends
[1] 61

$specs$column_names
[1] "government_spending"       "inflation_expectations_1y" "inflation_expectations_3y" "inflation"                
[5] "economic_activity"        

$specs$endog
[1] 5

$specs$y_lin
   government_spending inflation_expectations_1y inflation_expectations_3y     inflation economic_activity
2        -0.0020998043              -0.093069017              -0.116992518  0.0118791283      0.0132147973
3        -0.0013262583              -0.179841030              -0.082446768 -0.0180540196      0.0197042191
4        -0.0010251759               0.042644040              -0.009027443  0.0117895324      0.0091204916
5         0.0008516676               0.038628823              -0.004366708  0.0080067127      0.0256060314
6        -0.0009058727               0.037587716               0.047957221 -0.0080781182     -0.0008554676
7         0.0029975746               0.042232388              -0.051764649 -0.0091070197      0.0134624669
8         0.0005735234               0.066831950               0.083116914  0.0035186802      0.0099315901
9        -0.0001792386               0.074361879               0.104697282  0.0072325549      0.0093828680
10        0.0028540229               0.097256869               0.129269948  0.0109363479      0.0019638250
11        0.0030451645               0.090859949               0.040770491 -0.0256428615      0.0024138617
12       -0.0026684277               0.150130443               0.168118070 -0.0087928721     -0.0039597521
13       -0.0005526864               0.154457901               0.190173118 -0.0192514804      0.0121072497
14        0.0020707954               0.016860856               0.023610225  0.0121350319      0.0036954885
15        0.0039967989               0.081748607               0.155708559  0.0254869151      0.0040989018
16        0.0003654039              -0.092583911               0.021248402  0.0315361282      0.0142325513
17        0.0056352947              -0.193230976              -0.043276262 -0.0135380408     -0.0038460784
18        0.0021100514               0.067156473               0.059606826 -0.0237050248      0.0003874938
19        0.0007167187               0.028570973               0.007379959  0.0070212946     -0.0030995371
20        0.0021685101              -0.110390831              -0.043736816 -0.0008099038     -0.0027487440
21       -0.0094555284              -0.009296058              -0.148649219  0.0022449886      0.0100916736
22        0.0025651435              -0.137446744              -0.128886832  0.0149056931     -0.0068965871
23        0.0053754990              -0.102682542               0.022526063  0.0056048268     -0.0018302030
24       -0.0084455331               0.085885577               0.040433270  0.0166801358     -0.0053688531
25        0.0009938626               0.052676001               0.034575991 -0.0032142186      0.0092054021
26        0.0025713532               0.082834189               0.071948279 -0.0143825022      0.0065049140
27       -0.0070227338               0.059890764              -0.139321440 -0.0765488966     -0.1095376270
28       -0.0025427246               0.110803355               0.054336359 -0.1180561839     -0.8013817712
29       -0.0035733703               0.440086455               0.002754213 -0.0394295123      0.1819834628
30       -0.0016921805               0.060988570              -0.180594733  0.0227326525      0.1811371292
31        0.0024897887               0.192429026               0.022748256  0.0290171471     -0.0032090982
32       -0.0039825295               0.215418333               0.210000612  0.0188797606      0.1242242661
33       -0.0126619881               0.090842219              -0.097192097 -0.0081495346      0.0427062365
34       -0.0144659972              -0.176135374              -0.211683475 -0.0273674729      0.0659089440
35       -0.0142320519              -0.189613815              -0.173824252 -0.0169879726      0.0090416110
36       -0.0061795461              -0.309955966              -0.096708136  0.0137622962     -0.0200398947
37        0.0050623959              -0.438829199              -0.136241740 -0.0175590348      0.0297735978
38        0.0071902810              -0.586924618              -0.252722198 -0.0022948550      0.0122939477
39        0.0114237192              -0.640823289              -0.247849266  0.0090208096      0.0224621217
40        0.0069013757              -0.744269330              -0.328708352  0.0296218439     -0.0027052872
41        0.0067105270              -0.331977245               0.061289940  0.0278964532      0.0234591779
42        0.0082534217               0.239203704              -0.036411180  0.0417894154      0.0133334691
43        0.0007091922               0.051907720               0.062479848 -0.0037102132      0.0466232530
44        0.0014921752               0.168972059               0.295863311 -0.0101886004      0.0231090359
45        0.0036721204               0.091561951               0.448800361 -0.0095415708      0.0349689544
46        0.0162285947               0.244040498               0.439272896  0.0513660931      0.0238252787
47        0.0046859559               0.420618875               0.227962584  0.0346746044      0.0237066681
48       -0.0018187439               0.265010741               0.220814479  0.0322088457      0.0235842891
49       -0.0007400321              -0.056457642              -0.282966474  0.0093029159     -0.0110638564
50        0.0019044778               0.063072574               0.047559850  0.0216592661      0.0313075917
51       -0.0010230681               0.583575145              -0.006092132  0.0594986810      0.0032570089
52        0.0021686873               0.310877420               0.279880828 -0.0193295446     -0.0042385199
53        0.0025155950               0.535617968               0.326312135  0.0475641271     -0.0153374760
54        0.0024146484               0.756444779               0.145136221  0.0829906319     -0.0114672989
55       -0.0084115084               0.249347053              -0.203776953 -0.0724345513     -0.0001570211
56       -0.0141650496              -0.163336671              -0.538329081 -0.0398569237     -0.0222817013
57       -0.0013738096              -0.387472074              -0.287419250 -0.0177631399     -0.0027547779
58        0.0005156817               0.208077418               0.011815895 -0.0082045127     -0.0219807589
59        0.0001899102              -0.407923836              -0.001392901 -0.0432906191     -0.0099343622
60       -0.0017486630              -0.539237661               0.094962482 -0.0521834854     -0.0180533987
61       -0.0003762362              -0.472610574              -0.084508752 -0.0042564185     -0.0088103979

$specs$x_lin
   government_spending_lag_1 inflation_expectations_1y_lag_1 inflation_expectations_3y_lag_1 inflation_lag_1
2              -0.0007511741                    -0.205402860                    -0.218241259    0.0307655897
3              -0.0020998043                    -0.093069017                    -0.116992518    0.0118791283
4              -0.0013262583                    -0.179841030                    -0.082446768   -0.0180540196
5              -0.0010251759                     0.042644040                    -0.009027443    0.0117895324
6               0.0008516676                     0.038628823                    -0.004366708    0.0080067127
7              -0.0009058727                     0.037587716                     0.047957221   -0.0080781182
8               0.0029975746                     0.042232388                    -0.051764649   -0.0091070197
9               0.0005735234                     0.066831950                     0.083116914    0.0035186802
10             -0.0001792386                     0.074361879                     0.104697282    0.0072325549
11              0.0028540229                     0.097256869                     0.129269948    0.0109363479
12              0.0030451645                     0.090859949                     0.040770491   -0.0256428615
13             -0.0026684277                     0.150130443                     0.168118070   -0.0087928721
14             -0.0005526864                     0.154457901                     0.190173118   -0.0192514804
15              0.0020707954                     0.016860856                     0.023610225    0.0121350319
16              0.0039967989                     0.081748607                     0.155708559    0.0254869151
17              0.0003654039                    -0.092583911                     0.021248402    0.0315361282
18              0.0056352947                    -0.193230976                    -0.043276262   -0.0135380408
19              0.0021100514                     0.067156473                     0.059606826   -0.0237050248
20              0.0007167187                     0.028570973                     0.007379959    0.0070212946
21              0.0021685101                    -0.110390831                    -0.043736816   -0.0008099038
22             -0.0094555284                    -0.009296058                    -0.148649219    0.0022449886
23              0.0025651435                    -0.137446744                    -0.128886832    0.0149056931
24              0.0053754990                    -0.102682542                     0.022526063    0.0056048268
25             -0.0084455331                     0.085885577                     0.040433270    0.0166801358
26              0.0009938626                     0.052676001                     0.034575991   -0.0032142186
27              0.0025713532                     0.082834189                     0.071948279   -0.0143825022
28             -0.0070227338                     0.059890764                    -0.139321440   -0.0765488966
29             -0.0025427246                     0.110803355                     0.054336359   -0.1180561839
30             -0.0035733703                     0.440086455                     0.002754213   -0.0394295123
31             -0.0016921805                     0.060988570                    -0.180594733    0.0227326525
32              0.0024897887                     0.192429026                     0.022748256    0.0290171471
33             -0.0039825295                     0.215418333                     0.210000612    0.0188797606
34             -0.0126619881                     0.090842219                    -0.097192097   -0.0081495346
35             -0.0144659972                    -0.176135374                    -0.211683475   -0.0273674729
36             -0.0142320519                    -0.189613815                    -0.173824252   -0.0169879726
37             -0.0061795461                    -0.309955966                    -0.096708136    0.0137622962
38              0.0050623959                    -0.438829199                    -0.136241740   -0.0175590348
39              0.0071902810                    -0.586924618                    -0.252722198   -0.0022948550
40              0.0114237192                    -0.640823289                    -0.247849266    0.0090208096
41              0.0069013757                    -0.744269330                    -0.328708352    0.0296218439
42              0.0067105270                    -0.331977245                     0.061289940    0.0278964532
43              0.0082534217                     0.239203704                    -0.036411180    0.0417894154
44              0.0007091922                     0.051907720                     0.062479848   -0.0037102132
45              0.0014921752                     0.168972059                     0.295863311   -0.0101886004
46              0.0036721204                     0.091561951                     0.448800361   -0.0095415708
47              0.0162285947                     0.244040498                     0.439272896    0.0513660931
48              0.0046859559                     0.420618875                     0.227962584    0.0346746044
49             -0.0018187439                     0.265010741                     0.220814479    0.0322088457
50             -0.0007400321                    -0.056457642                    -0.282966474    0.0093029159
51              0.0019044778                     0.063072574                     0.047559850    0.0216592661
52             -0.0010230681                     0.583575145                    -0.006092132    0.0594986810
53              0.0021686873                     0.310877420                     0.279880828   -0.0193295446
54              0.0025155950                     0.535617968                     0.326312135    0.0475641271
55              0.0024146484                     0.756444779                     0.145136221    0.0829906319
56             -0.0084115084                     0.249347053                    -0.203776953   -0.0724345513
57             -0.0141650496                    -0.163336671                    -0.538329081   -0.0398569237
58             -0.0013738096                    -0.387472074                    -0.287419250   -0.0177631399
59              0.0005156817                     0.208077418                     0.011815895   -0.0082045127
60              0.0001899102                    -0.407923836                    -0.001392901   -0.0432906191
61             -0.0017486630                    -0.539237661                     0.094962482   -0.0521834854
   economic_activity_lag_1 dummy Jan Feb Mar Apr May Jun Jul Aug Sep Oct
2             0.0097286005     0   0   0   1   0   0   0   0   0   0   0
3             0.0132147973     0   0   0   0   1   0   0   0   0   0   0
4             0.0197042191     0   0   0   0   0   1   0   0   0   0   0
5             0.0091204916     0   0   0   0   0   0   1   0   0   0   0
6             0.0256060314     0   0   0   0   0   0   0   1   0   0   0
7            -0.0008554676     0   0   0   0   0   0   0   0   1   0   0
8             0.0134624669     0   0   0   0   0   0   0   0   0   1   0
9             0.0099315901     0   0   0   0   0   0   0   0   0   0   1
10            0.0093828680     0   0   0   0   0   0   0   0   0   0   0
11            0.0019638250     0   0   0   0   0   0   0   0   0   0   0
12            0.0024138617     0   1   0   0   0   0   0   0   0   0   0
13           -0.0039597521     0   0   1   0   0   0   0   0   0   0   0
14            0.0121072497     0   0   0   1   0   0   0   0   0   0   0
15            0.0036954885     0   0   0   0   1   0   0   0   0   0   0
16            0.0040989018     0   0   0   0   0   1   0   0   0   0   0
17            0.0142325513     0   0   0   0   0   0   1   0   0   0   0
18           -0.0038460784     0   0   0   0   0   0   0   1   0   0   0
19            0.0003874938     0   0   0   0   0   0   0   0   1   0   0
20           -0.0030995371     0   0   0   0   0   0   0   0   0   1   0
21           -0.0027487440     0   0   0   0   0   0   0   0   0   0   1
22            0.0100916736     0   0   0   0   0   0   0   0   0   0   0
23           -0.0068965871     0   0   0   0   0   0   0   0   0   0   0
24           -0.0018302030     0   1   0   0   0   0   0   0   0   0   0
25           -0.0053688531     0   0   1   0   0   0   0   0   0   0   0
26            0.0092054021     0   0   0   1   0   0   0   0   0   0   0
27            0.0065049140     1   0   0   0   1   0   0   0   0   0   0
28           -0.1095376270     1   0   0   0   0   1   0   0   0   0   0
29           -0.8013817712     1   0   0   0   0   0   1   0   0   0   0
30            0.1819834628     1   0   0   0   0   0   0   1   0   0   0
31            0.1811371292     0   0   0   0   0   0   0   0   1   0   0
32           -0.0032090982     1   0   0   0   0   0   0   0   0   1   0
33            0.1242242661     0   0   0   0   0   0   0   0   0   0   1
34            0.0427062365     1   0   0   0   0   0   0   0   0   0   0
35            0.0659089440     0   0   0   0   0   0   0   0   0   0   0
36            0.0090416110     0   1   0   0   0   0   0   0   0   0   0
37           -0.0200398947     0   0   1   0   0   0   0   0   0   0   0
38            0.0297735978     0   0   0   1   0   0   0   0   0   0   0
39            0.0122939477     0   0   0   0   1   0   0   0   0   0   0
40            0.0224621217     0   0   0   0   0   1   0   0   0   0   0
41           -0.0027052872     0   0   0   0   0   0   1   0   0   0   0
42            0.0234591779     0   0   0   0   0   0   0   1   0   0   0
43            0.0133334691     0   0   0   0   0   0   0   0   1   0   0
44            0.0466232530     0   0   0   0   0   0   0   0   0   1   0
45            0.0231090359     0   0   0   0   0   0   0   0   0   0   1
46            0.0349689544     0   0   0   0   0   0   0   0   0   0   0
47            0.0238252787     0   0   0   0   0   0   0   0   0   0   0
48            0.0237066681     0   1   0   0   0   0   0   0   0   0   0
49            0.0235842891     0   0   1   0   0   0   0   0   0   0   0
50           -0.0110638564     0   0   0   1   0   0   0   0   0   0   0
51            0.0313075917     0   0   0   0   1   0   0   0   0   0   0
52            0.0032570089     0   0   0   0   0   1   0   0   0   0   0
53           -0.0042385199     0   0   0   0   0   0   1   0   0   0   0
54           -0.0153374760     0   0   0   0   0   0   0   1   0   0   0
55           -0.0114672989     0   0   0   0   0   0   0   0   1   0   0
56           -0.0001570211     0   0   0   0   0   0   0   0   0   1   0
57           -0.0222817013     0   0   0   0   0   0   0   0   0   0   1
58           -0.0027547779     0   0   0   0   0   0   0   0   0   0   0
59           -0.0219807589     0   0   0   0   0   0   0   0   0   0   0
60           -0.0099343622     0   1   0   0   0   0   0   0   0   0   0
61           -0.0180533987     0   0   1   0   0   0   0   0   0   0   0


attr(,"class")
[1] "lpirfs_lin_obj"
