[1] "pandemic"             "djn level estimation"
                   1             2             3             4             5             6
AIC(n) -2.561173e+01 -2.620105e+01 -2.627203e+01 -2.702790e+01 -2.853732e+01 -2.934912e+01
HQ(n)  -2.441207e+01 -2.464855e+01 -2.436669e+01 -2.476971e+01 -2.592629e+01 -2.638525e+01
SC(n)  -2.250949e+01 -2.218639e+01 -2.134494e+01 -2.118838e+01 -2.178538e+01 -2.168475e+01
FPE(n)  8.362662e-12  5.293384e-12  6.187125e-12  4.208094e-12  1.687949e-12  2.002403e-12
                   1             2             3             4             5             6
AIC(n) -2.561173e+01 -2.620105e+01 -2.627203e+01 -2.702790e+01 -2.853732e+01 -2.934912e+01
HQ(n)  -2.441207e+01 -2.464855e+01 -2.436669e+01 -2.476971e+01 -2.592629e+01 -2.638525e+01
SC(n)  -2.250949e+01 -2.218639e+01 -2.134494e+01 -2.118838e+01 -2.178538e+01 -2.168475e+01
FPE(n)  8.362662e-12  5.293384e-12  6.187125e-12  4.208094e-12  1.687949e-12  2.002403e-12
$irf_lin_mean
, , 1

            [,1]         [,2]          [,3]         [,4]          [,5]         [,6]          [,7]         [,8]         [,9]
[1,]  0.01866360  0.012284795  0.0020192419 -0.003193381 -0.0076436661 -0.005758632 -0.0028776544 -0.002675377 0.0001937721
[2,] -0.04285769 -0.054016134  0.0003259835  0.010361108  0.0003392589  0.003552961  0.0271248001  0.021122820 0.0114661456
[3,] -0.01212495 -0.010564887  0.0024586144 -0.002284392 -0.0087208654  0.007228098  0.0314348198  0.007913095 0.0032746855
[4,]  0.01179613  0.004569145 -0.0033320834 -0.007630045 -0.0071323213 -0.001773583  0.0023222592  0.003858433 0.0018200219
[5,]  0.04898599  0.010838597 -0.0379618728 -0.010424986 -0.0189234494 -0.012149130 -0.0003007504  0.001569088 0.0088616318
             [,10]         [,11]         [,12]        [,13]
[1,] -0.0005970175 -0.0050124599 -0.0082283509 -0.010235581
[2,]  0.0384103850  0.0537079350  0.0769097074  0.060310013
[3,] -0.0148944838  0.0048383483  0.0119629213  0.035075491
[4,]  0.0046758570  0.0018764082  0.0001844682 -0.004232907
[5,]  0.0072066168 -0.0002456987  0.0034938643 -0.008637161

, , 2

             [,1]         [,2]          [,3]         [,4]         [,5]         [,6]         [,7]         [,8]          [,9]
[1,]  0.000000000 -0.002573815 -0.0063737556 -0.008289006 -0.008521773 -0.008476913 -0.004709877 -0.002303860 -0.0003359419
[2,]  0.180947183  0.128756370  0.0911053496  0.078432205  0.075829509  0.024024937 -0.037737684 -0.037536307 -0.0865118160
[3,]  0.068716225  0.037975321  0.0006715969 -0.011501083 -0.006819499 -0.043825167 -0.037418994 -0.052927136 -0.0651247711
[4,]  0.012782906  0.001853833 -0.0037823304 -0.003043884 -0.006895985 -0.006175873 -0.007154407 -0.004300429 -0.0074994039
[5,] -0.005287982  0.012920632 -0.0148307286 -0.018526894 -0.014190932 -0.004985287 -0.006029368 -0.013290251  0.0034290435
            [,10]         [,11]        [,12]        [,13]
[1,]  0.002219726  0.0033385076  0.001584510 -0.006970354
[2,] -0.090100134 -0.0850595362 -0.071663015 -0.082335906
[3,] -0.076212124 -0.0488693625 -0.006483271 -0.016871208
[4,] -0.009914231 -0.0057018892 -0.006023248 -0.011319944
[5,] -0.004579419  0.0003402825  0.001753607 -0.024606102

, , 3

             [,1]          [,2]         [,3]         [,4]         [,5]         [,6]        [,7]       [,8]         [,9]
[1,]  0.000000000 -0.0029571097 -0.003181469 0.0001330494  0.002314705 0.0035740119 0.008681283 0.01060785  0.007561523
[2,]  0.000000000  0.0581010812  0.019925099 0.0466026516  0.036823795 0.0785448856 0.154681876 0.07896241  0.093990964
[3,]  0.140032745  0.0828881302  0.045708677 0.0056898389 -0.008860877 0.0321577867 0.059949672 0.07790070  0.035347267
[4,] -0.003200572  0.0062833706  0.003358035 0.0050662351  0.011008000 0.0077452685 0.014446811 0.01100517  0.010494056
[5,] -0.005240582 -0.0001375568 -0.001200219 0.0022013351  0.015589617 0.0005481782 0.030175108 0.03961169 -0.001726835
            [,10]        [,11]        [,12]         [,13]
[1,]  0.003956478 -0.003088440 -0.003544661 -0.0004309871
[2,]  0.074725550  0.083365355  0.004506511 -0.0210849837
[3,]  0.011884451 -0.060809310 -0.114410925 -0.0739105374
[4,]  0.006030731 -0.002682099 -0.007604187 -0.0082536357
[5,] -0.011971300 -0.028906037 -0.006847694 -0.0115685439

, , 4

           [,1]        [,2]         [,3]         [,4]        [,5]          [,6]         [,7]         [,8]         [,9]
[1,] 0.00000000 0.004376432  0.005905211  0.005425591 0.004664653  0.0051717564  0.002119768  0.004878980  0.008948410
[2,] 0.00000000 0.015518198  0.014296459 -0.031632639 0.023719274  0.0353097847 -0.005825567 -0.018837688 -0.041415342
[3,] 0.00000000 0.021953483 -0.006019325 -0.021221086 0.010696577  0.0243971622  0.027809430  0.008369118 -0.019070550
[4,] 0.02612525 0.008955652  0.001642947  0.006828674 0.006843446  0.0056036073  0.002941763  0.010054040  0.005853026
[5,] 0.04204254 0.008349656  0.016554944  0.027842114 0.017088547 -0.0009657843  0.001303130  0.021179732 -0.004720476
            [,10]       [,11]        [,12]        [,13]
[1,]  0.014111644  0.01204430 0.0014629387 -0.006208442
[2,] -0.056583783 -0.04793618 0.0347430393  0.104855057
[3,] -0.033838488 -0.02091798 0.0340642688  0.081473216
[4,]  0.001287771  0.00943835 0.0046705391 -0.004790154
[5,]  0.003292691  0.03630419 0.0007856632 -0.040325997

, , 5

           [,1]          [,2]         [,3]          [,4]          [,5]         [,6]         [,7]         [,8]          [,9]
[1,] 0.00000000 -0.0008707299 -0.001653862  0.0012472323 -0.0015448399  0.009512876  0.008111770  0.006280612  0.0089328222
[2,] 0.00000000 -0.0446793233  0.027834964  0.0039169886 -0.0627662154 -0.077159760 -0.008048501 -0.045851700 -0.0164811068
[3,] 0.00000000 -0.0038694375  0.041637813  0.0006181604 -0.0651827646 -0.022558756 -0.004135861  0.005825958  0.0129841436
[4,] 0.00000000  0.0031654593  0.003140080 -0.0006494648  0.0001648625  0.001155651  0.010657039  0.002998900 -0.0004773936
[5,] 0.09534405 -0.0210264263 -0.014278668  0.0196663266  0.0050780163  0.012526042  0.008618190  0.007529922  0.0085536641
             [,10]        [,11]        [,12]         [,13]
[1,]  0.0064477163  0.004656394  0.002911739  0.0002573246
[2,] -0.0256762604  0.003138969  0.004305549  0.0132375402
[3,]  0.0062777191  0.010919272 -0.013296609  0.0277533781
[4,]  0.0057852250  0.002354557  0.002672757 -0.0033472605
[5,]  0.0003870332 -0.006262720  0.005563048 -0.0238393904


$irf_lin_low
, , 1

            [,1]         [,2]        [,3]        [,4]        [,5]        [,6]         [,7]         [,8]         [,9]
[1,]  0.01866360  0.003471610 -0.01082448 -0.02007989 -0.02438220 -0.02071094 -0.016167023 -0.014027311 -0.010452154
[2,] -0.04285769 -0.114515436 -0.06772913 -0.07949896 -0.08430718 -0.09522009 -0.053621414 -0.057607379 -0.075735019
[3,] -0.01212495 -0.052032241 -0.04391039 -0.05173684 -0.06715210 -0.04231466 -0.017609858 -0.033543932 -0.032828241
[4,]  0.01179613 -0.006118659 -0.01669378 -0.02125052 -0.01914998 -0.01365356 -0.007726609 -0.005743659 -0.006749739
[5,]  0.04898599 -0.038739270 -0.08225268 -0.04790229 -0.05571688 -0.03560610 -0.028350146 -0.023943550 -0.008424283
           [,10]        [,11]        [,12]       [,13]
[1,] -0.01410403 -0.019051612 -0.018046446 -0.02078843
[2,] -0.02468864 -0.021224744  0.018371788 -0.01468660
[3,] -0.07410348 -0.056033609 -0.034198861 -0.03342807
[4,] -0.01122025 -0.009477645 -0.005743149 -0.01625220
[5,] -0.01514619 -0.048277330 -0.011075862 -0.04147135

, , 2

             [,1]         [,2]        [,3]        [,4]        [,5]        [,6]        [,7]        [,8]        [,9]
[1,]  0.000000000 -0.009716293 -0.01811155 -0.02531728 -0.02235459 -0.01878231 -0.02229524 -0.02274868 -0.01785019
[2,]  0.180947183  0.048565924 -0.03521022 -0.06056396 -0.05104132 -0.09781479 -0.12858997 -0.18393907 -0.24633071
[3,]  0.068716225 -0.043907112 -0.08967369 -0.10292395 -0.08965942 -0.11643272 -0.10219149 -0.14139406 -0.14136446
[4,]  0.012782906 -0.007946376 -0.02007065 -0.02023811 -0.01839473 -0.01565938 -0.01973977 -0.02258173 -0.02171101
[5,] -0.005287982 -0.014355967 -0.04690386 -0.05892554 -0.04993661 -0.03567594 -0.04158787 -0.08875590 -0.02340480
           [,10]        [,11]       [,12]       [,13]
[1,] -0.01389276 -0.009503768 -0.01331405 -0.02229860
[2,] -0.18749334 -0.158922365 -0.18004028 -0.18569649
[3,] -0.17127384 -0.145944399 -0.08718087 -0.11741657
[4,] -0.02397796 -0.022299916 -0.02192787 -0.02961220
[5,] -0.03229395 -0.050632994 -0.05654753 -0.06958213

, , 3

             [,1]         [,2]         [,3]         [,4]         [,5]         [,6]         [,7]          [,8]         [,9]
[1,]  0.000000000 -0.004949258 -0.006869313 -0.003944142 -0.001299615 -0.001062570 -0.004049857 -0.0041670045 -0.003689921
[2,]  0.000000000  0.040186359 -0.036326111 -0.005815001 -0.011346410  0.040866968  0.101771620 -0.0030288847  0.026195463
[3,]  0.140032745  0.052979817  0.011990934 -0.027261478 -0.021013892  0.012240274  0.031572711  0.0398750441  0.001700958
[4,] -0.003200572  0.002800594 -0.003353552 -0.001599800  0.006994592  0.003143938  0.006065805  0.0006513879  0.003474677
[5,] -0.005240582 -0.005938477 -0.013187249 -0.008254507  0.003006992 -0.008142691  0.002646862 -0.0021474459 -0.013675308
            [,10]        [,11]        [,12]        [,13]
[1,] -0.003539532 -0.006910153 -0.007156637 -0.002616638
[2,]  0.037971646  0.066505308 -0.034795954 -0.075073407
[3,] -0.016884251 -0.101327157 -0.151419617 -0.125100175
[4,]  0.002881888 -0.009448220 -0.013563594 -0.011296749
[5,] -0.021500145 -0.046692693 -0.026012639 -0.021392977

, , 4

           [,1]          [,2]         [,3]         [,4]          [,5]         [,6]         [,7]          [,8]         [,9]
[1,] 0.00000000 -0.0025347992 -0.003147646 -0.005284696 -0.0054826469 -0.003250133 -0.006310529 -4.430704e-03 -0.001790519
[2,] 0.00000000 -0.0368235064 -0.054466048 -0.120750987 -0.0487490096 -0.056149138 -0.089920135 -1.197494e-01 -0.153020562
[3,] 0.00000000 -0.0300779454 -0.056356198 -0.079650084 -0.0465423436 -0.025478912 -0.020502922 -3.443640e-02 -0.055377282
[4,] 0.02612525 -0.0006050834 -0.010531015 -0.004828850 -0.0007851244 -0.002156311 -0.005593248 -9.652451e-06 -0.003587744
[5,] 0.04204254 -0.0269649643 -0.006994751 -0.001203512 -0.0047543195 -0.019325352 -0.020541469 -1.053670e-02 -0.021021518
            [,10]        [,11]        [,12]        [,13]
[1,] -0.001182032 -0.002499271 -0.009636414 -0.018011009
[2,] -0.128042031 -0.113193232 -0.036360114  0.015842293
[3,] -0.102684717 -0.085013220 -0.013117648  0.007367895
[4,] -0.016315175 -0.002975486 -0.002932254 -0.022545239
[5,] -0.026107127 -0.017780679 -0.027525187 -0.082158541

, , 5

           [,1]         [,2]         [,3]         [,4]         [,5]         [,6]         [,7]          [,8]         [,9]
[1,] 0.00000000 -0.005182924 -0.006394125 -0.002487927 -0.006487380  0.003350623  0.000507640 -0.0009682539  0.002330538
[2,] 0.00000000 -0.072292524 -0.014938476 -0.041250765 -0.106216872 -0.125203346 -0.067276150 -0.0847498445 -0.048830485
[3,] 0.00000000 -0.025987063  0.012014337 -0.031690026 -0.090122530 -0.050192656 -0.029514976 -0.0091003272 -0.002998180
[4,] 0.00000000 -0.003720626 -0.004475745 -0.005671219 -0.004124385 -0.004885638  0.005044643 -0.0016628110 -0.005729507
[5,] 0.09534405 -0.058628247 -0.025325720  0.008468516 -0.006677474  0.002875015 -0.010559298 -0.0025358832 -0.002557202
             [,10]         [,11]        [,12]        [,13]
[1,]  0.0017460800  0.0002941263 -0.001389285 -0.004566839
[2,] -0.0579871096 -0.0248495701 -0.021233109 -0.039307059
[3,] -0.0095672067 -0.0147031986 -0.043114294 -0.005313773
[4,]  0.0008213675 -0.0012258061 -0.001321025 -0.013691035
[5,] -0.0114566572 -0.0214361693 -0.008294510 -0.056599588


$irf_lin_up
, , 1

            [,1]        [,2]        [,3]       [,4]        [,5]        [,6]       [,7]        [,8]       [,9]      [,10]
[1,]  0.01866360 0.021097980 0.014862959 0.01369313 0.009094869 0.009193677 0.01041171 0.008676556 0.01083970 0.01290999
[2,] -0.04285769 0.006483168 0.068381099 0.10022118 0.084985702 0.102326015 0.10787101 0.099853020 0.09866731 0.10150941
[3,] -0.01212495 0.030902468 0.048827615 0.04716806 0.049710370 0.056770854 0.08047950 0.049370122 0.03937761 0.04431451
[4,]  0.01179613 0.015256948 0.010029618 0.00599043 0.004885337 0.010106394 0.01237113 0.013460525 0.01038978 0.02057196
[5,]  0.04898599 0.060416465 0.006328933 0.02705232 0.017869979 0.011307840 0.02774865 0.027081725 0.02614755 0.02955942
           [,11]       [,12]        [,13]
[1,] 0.009026692 0.001589744 0.0003172679
[2,] 0.128640614 0.135447627 0.1353066231
[3,] 0.065710306 0.058124703 0.1035790527
[4,] 0.013230462 0.006112085 0.0077863820
[5,] 0.047785932 0.018063591 0.0241970271

, , 2

             [,1]        [,2]        [,3]        [,4]        [,5]        [,6]       [,7]       [,8]        [,9]       [,10]
[1,]  0.000000000 0.004568664 0.005364034 0.008739266 0.005311042 0.001828482 0.01287548 0.01814096 0.017178303 0.018332213
[2,]  0.180947183 0.208946816 0.217420923 0.217428370 0.202700340 0.145864660 0.05311460 0.10886646 0.073307078 0.007293067
[3,]  0.068716225 0.119857754 0.091016888 0.079921784 0.076020417 0.028782390 0.02735350 0.03553978 0.011114919 0.018849595
[4,]  0.012782906 0.011654043 0.012505985 0.014150337 0.004602765 0.003307632 0.00543096 0.01398088 0.006712202 0.004149495
[5,] -0.005287982 0.040197232 0.017242399 0.021871751 0.021554747 0.025705365 0.02952913 0.06217540 0.030262885 0.023135115
           [,11]       [,12]       [,13]
[1,]  0.01618078 0.016483068 0.008357891
[2,] -0.01119671 0.036714250 0.021024680
[3,]  0.04820567 0.074214328 0.083674157
[4,]  0.01089614 0.009881371 0.006972314
[5,]  0.05131356 0.060054742 0.020369922

, , 3

             [,1]          [,2]        [,3]        [,4]        [,5]        [,6]       [,7]       [,8]       [,9]
[1,]  0.000000000 -0.0009649613 0.000506376 0.004210241 0.005929024 0.008210594 0.02141242 0.02538270 0.01881297
[2,]  0.000000000  0.0760158032 0.076176308 0.099020304 0.084994001 0.116222804 0.20759213 0.16095371 0.16178646
[3,]  0.140032745  0.1127964437 0.079426420 0.038641156 0.003292138 0.052075300 0.08832663 0.11592637 0.06899358
[4,] -0.003200572  0.0097661470 0.010069622 0.011732270 0.015021409 0.012346599 0.02282782 0.02135895 0.01751343
[5,] -0.005240582  0.0056633632 0.010786811 0.012657178 0.028172241 0.009239047 0.05770335 0.08137084 0.01022164
            [,10]         [,11]         [,12]        [,13]
[1,]  0.011452488  0.0007332733  6.731498e-05  0.001754664
[2,]  0.111479454  0.1002254019  4.380898e-02  0.032903440
[3,]  0.040653152 -0.0202914627 -7.740223e-02 -0.022720900
[4,]  0.009179575  0.0040840216 -1.644781e-03 -0.005210523
[5,] -0.002442456 -0.0111193804  1.231725e-02 -0.001744111

, , 4

           [,1]       [,2]       [,3]       [,4]       [,5]       [,6]       [,7]       [,8]       [,9]      [,10]
[1,] 0.00000000 0.01128766 0.01495807 0.01613588 0.01481195 0.01359365 0.01055007 0.01418866 0.01968734 0.02940532
[2,] 0.00000000 0.06785990 0.08305897 0.05748571 0.09618756 0.12676871 0.07826900 0.08207402 0.07018988 0.01487446
[3,] 0.00000000 0.07398491 0.04431755 0.03720791 0.06793550 0.07427324 0.07612178 0.05117464 0.01723618 0.03500774
[4,] 0.02612525 0.01851639 0.01381691 0.01848620 0.01447202 0.01336353 0.01147677 0.02011773 0.01529380 0.01889072
[5,] 0.04204254 0.04366428 0.04010464 0.05688774 0.03893141 0.01739378 0.02314773 0.05289616 0.01158057 0.03269251
          [,11]      [,12]       [,13]
[1,] 0.02658786 0.01256229 0.005594125
[2,] 0.01732088 0.10584619 0.193867821
[3,] 0.04317727 0.08124619 0.155578538
[4,] 0.02185218 0.01227333 0.012964931
[5,] 0.09038907 0.02909651 0.001506547

, , 5

           [,1]         [,2]         [,3]        [,4]        [,5]         [,6]       [,7]         [,8]       [,9]
[1,] 0.00000000  0.003441464  0.003086402 0.004982392  0.00339770  0.015675129 0.01571590  0.013529479 0.01553511
[2,] 0.00000000 -0.017066122  0.070608404 0.049084742 -0.01931556 -0.029116174 0.05117915 -0.006953555 0.01586827
[3,] 0.00000000  0.018248188  0.071261290 0.032926347 -0.04024300  0.005075144 0.02124325  0.020752243 0.02896647
[4,] 0.00000000  0.010051545  0.010755904 0.004372290  0.00445411  0.007196941 0.01626944  0.007660611 0.00477472
[5,] 0.09534405  0.016575395 -0.003231617 0.030864138  0.01683351  0.022177070 0.02779568  0.017595727 0.01966453
           [,10]       [,11]       [,12]       [,13]
[1,] 0.011149353 0.009018663 0.007212764 0.005081488
[2,] 0.006634589 0.031127508 0.029844208 0.065782139
[3,] 0.022122645 0.036541742 0.016521076 0.060820529
[4,] 0.010749083 0.005934920 0.006666539 0.006996514
[5,] 0.012230724 0.008910729 0.019420607 0.008920807


$diagnostic_list
$diagnostic_list$`Shock: pandemic`
$diagnostic_list$`Shock: pandemic`[[1]]
                               R-sqrd. Adj. R-sqrd.   F-stat      p-value
h1:pandemic                  0.7022451   0.59145263 6.338381 6.413492e-07
h1:inflation_expectations_1y 0.6126799   0.46856078 4.251205 7.568982e-05
h1:inflation_expectations_3y 0.4099523   0.19039969 1.867217 5.257715e-02
h1:inflation                 0.3720667   0.13841710 1.592413 1.126210e-01
h1:economic_activity         0.2901148   0.02597146 1.098323 3.861250e-01

$diagnostic_list$`Shock: pandemic`[[2]]
                               R-sqrd. Adj. R-sqrd.    F-stat     p-value
h2:pandemic                  0.4855793   0.28960954 2.4778276 0.009498628
h2:inflation_expectations_1y 0.3471140   0.09839554 1.3956101 0.190591737
h2:inflation_expectations_3y 0.1840505  -0.12678738 0.5921109 0.871860809
h2:inflation                 0.1821783  -0.12937278 0.5847462 0.877486998
h2:economic_activity         0.4482109   0.23800551 2.1322523 0.025310514

$diagnostic_list$`Shock: pandemic`[[3]]
                               R-sqrd. Adj. R-sqrd.    F-stat   p-value
h3:pandemic                  0.3137119   0.04589216 1.1713546 0.3295135
h3:inflation_expectations_1y 0.3051175   0.03394380 1.1251737 0.3654825
h3:inflation_expectations_3y 0.0583236  -0.30915987 0.1587108 0.9998743
h3:inflation                 0.2377219  -0.05975254 0.7991338 0.6781157
h3:economic_activity         0.3563763   0.10520609 1.4188637 0.1807976

$diagnostic_list$`Shock: pandemic`[[4]]
                               R-sqrd.  Adj. R-sqrd.    F-stat   p-value
h4:pandemic                  0.3203707  0.0485189503 1.1784758 0.3251820
h4:inflation_expectations_1y 0.2859535  0.0003349017 1.0011725 0.4749308
h4:inflation_expectations_3y 0.2049032 -0.1131355768 0.6442711 0.8279386
h4:inflation                 0.3415773  0.0782081973 1.2969528 0.2462116
h4:economic_activity         0.3579664  0.1011530208 1.3938775 0.1938909

$diagnostic_list$`Shock: pandemic`[[5]]
                               R-sqrd. Adj. R-sqrd.    F-stat   p-value
h5:pandemic                  0.3036599   0.01798196 1.0629449 0.4194015
h5:inflation_expectations_1y 0.3133635   0.03166647 1.1124132 0.3775522
h5:inflation_expectations_3y 0.2665007  -0.03442212 0.8856115 0.5890646
h5:inflation                 0.2158408  -0.10586559 0.6709248 0.8036305
h5:economic_activity         0.2817025  -0.01298365 0.9559408 0.5187667

$diagnostic_list$`Shock: pandemic`[[6]]
                               R-sqrd. Adj. R-sqrd.    F-stat   p-value
h6:pandemic                  0.2505538  -0.06500253 0.7940065 0.6827700
h6:inflation_expectations_1y 0.3955113   0.14098977 1.5539404 0.1311558
h6:inflation_expectations_3y 0.3250596   0.04087411 1.1438290 0.3534503
h6:inflation                 0.3100576   0.01955548 1.0673161 0.4163397
h6:economic_activity         0.2381010  -0.08269864 0.7422109 0.7349584

$diagnostic_list$`Shock: pandemic`[[7]]
                               R-sqrd. Adj. R-sqrd.    F-stat    p-value
h7:pandemic                  0.2564071  -0.06514663 0.7974005 0.67909739
h7:inflation_expectations_1y 0.3675848   0.09410792 1.3441166 0.22344030
h7:inflation_expectations_3y 0.4490985   0.21087077 1.8851648 0.05569714
h7:inflation                 0.2323511  -0.09960524 0.6999447 0.77563232
h7:economic_activity         0.1868829  -0.16473527 0.5314939 0.91225413

$diagnostic_list$`Shock: pandemic`[[8]]
                               R-sqrd. Adj. R-sqrd.    F-stat    p-value
h8:pandemic                  0.2707959  -0.05329479 0.8355559 0.64008427
h8:inflation_expectations_1y 0.4888094   0.26161356 2.1514893 0.02809728
h8:inflation_expectations_3y 0.2917706  -0.02299796 0.9269369 0.54817095
h8:inflation                 0.2414517  -0.09568088 0.7161921 0.75962185
h8:economic_activity         0.2611868  -0.06717466 0.7954246 0.68088073

$diagnostic_list$`Shock: pandemic`[[9]]
                               R-sqrd. Adj. R-sqrd.    F-stat    p-value
h9:pandemic                  0.3159159  0.003191769 1.0102063 0.46935854
h9:inflation_expectations_1y 0.4867626  0.252139831 2.0746604 0.03538801
h9:inflation_expectations_3y 0.3657740  0.075842144 1.2615861 0.27444548
h9:inflation                 0.2096161 -0.151702269 0.5801424 0.87744275
h9:economic_activity         0.2694327 -0.064540907 0.8067485 0.66919453

$diagnostic_list$`Shock: pandemic`[[10]]
                                R-sqrd. Adj. R-sqrd.    F-stat    p-value
h10:pandemic                  0.3471923   0.03998861 1.1301697 0.36837640
h10:inflation_expectations_1y 0.5356578   0.31714377 2.4513660 0.01380286
h10:inflation_expectations_3y 0.2668503  -0.07816132 0.7734531 0.70244319
h10:inflation                 0.2157223  -0.15334956 0.5844995 0.87355701
h10:economic_activity         0.3362865   0.02395073 1.0766826 0.41176401

$diagnostic_list$`Shock: pandemic`[[11]]
                                R-sqrd. Adj. R-sqrd.    F-stat    p-value
h11:pandemic                  0.3605027   0.05044342 1.1626896 0.34489556
h11:inflation_expectations_1y 0.4821056   0.23100526 1.9199720 0.05554012
h11:inflation_expectations_3y 0.3577242   0.04631778 1.1487374 0.35532522
h11:inflation                 0.2144912  -0.16636162 0.5631865 0.88862066
h11:economic_activity         0.2634081  -0.09372738 0.7375579 0.73752387

$diagnostic_list$`Shock: pandemic`[[12]]
                                R-sqrd. Adj. R-sqrd.    F-stat     p-value
h12:pandemic                  0.4390949   0.15864233 1.5656655 0.136894540
h12:inflation_expectations_1y 0.5923342   0.38850133 2.9059796 0.004971045
h12:inflation_expectations_3y 0.3425066   0.01375987 1.0418555 0.443426716
h12:inflation                 0.3113104  -0.03303441 0.9040659 0.571671402
h12:economic_activity         0.4104150   0.11562250 1.3922165 0.207043222


$diagnostic_list$`Shock: inflation_expectations_1y`
$diagnostic_list$`Shock: inflation_expectations_1y`[[1]]
                               R-sqrd. Adj. R-sqrd.   F-stat      p-value
h1:pandemic                  0.7022451   0.59145263 6.338381 6.413492e-07
h1:inflation_expectations_1y 0.6126799   0.46856078 4.251205 7.568982e-05
h1:inflation_expectations_3y 0.4099523   0.19039969 1.867217 5.257715e-02
h1:inflation                 0.3720667   0.13841710 1.592413 1.126210e-01
h1:economic_activity         0.2901148   0.02597146 1.098323 3.861250e-01

$diagnostic_list$`Shock: inflation_expectations_1y`[[2]]
                               R-sqrd. Adj. R-sqrd.    F-stat     p-value
h2:pandemic                  0.4855793   0.28960954 2.4778276 0.009498628
h2:inflation_expectations_1y 0.3471140   0.09839554 1.3956101 0.190591737
h2:inflation_expectations_3y 0.1840505  -0.12678738 0.5921109 0.871860809
h2:inflation                 0.1821783  -0.12937278 0.5847462 0.877486998
h2:economic_activity         0.4482109   0.23800551 2.1322523 0.025310514

$diagnostic_list$`Shock: inflation_expectations_1y`[[3]]
                               R-sqrd. Adj. R-sqrd.    F-stat   p-value
h3:pandemic                  0.3137119   0.04589216 1.1713546 0.3295135
h3:inflation_expectations_1y 0.3051175   0.03394380 1.1251737 0.3654825
h3:inflation_expectations_3y 0.0583236  -0.30915987 0.1587108 0.9998743
h3:inflation                 0.2377219  -0.05975254 0.7991338 0.6781157
h3:economic_activity         0.3563763   0.10520609 1.4188637 0.1807976

$diagnostic_list$`Shock: inflation_expectations_1y`[[4]]
                               R-sqrd.  Adj. R-sqrd.    F-stat   p-value
h4:pandemic                  0.3203707  0.0485189503 1.1784758 0.3251820
h4:inflation_expectations_1y 0.2859535  0.0003349017 1.0011725 0.4749308
h4:inflation_expectations_3y 0.2049032 -0.1131355768 0.6442711 0.8279386
h4:inflation                 0.3415773  0.0782081973 1.2969528 0.2462116
h4:economic_activity         0.3579664  0.1011530208 1.3938775 0.1938909

$diagnostic_list$`Shock: inflation_expectations_1y`[[5]]
                               R-sqrd. Adj. R-sqrd.    F-stat   p-value
h5:pandemic                  0.3036599   0.01798196 1.0629449 0.4194015
h5:inflation_expectations_1y 0.3133635   0.03166647 1.1124132 0.3775522
h5:inflation_expectations_3y 0.2665007  -0.03442212 0.8856115 0.5890646
h5:inflation                 0.2158408  -0.10586559 0.6709248 0.8036305
h5:economic_activity         0.2817025  -0.01298365 0.9559408 0.5187667

$diagnostic_list$`Shock: inflation_expectations_1y`[[6]]
                               R-sqrd. Adj. R-sqrd.    F-stat   p-value
h6:pandemic                  0.2505538  -0.06500253 0.7940065 0.6827700
h6:inflation_expectations_1y 0.3955113   0.14098977 1.5539404 0.1311558
h6:inflation_expectations_3y 0.3250596   0.04087411 1.1438290 0.3534503
h6:inflation                 0.3100576   0.01955548 1.0673161 0.4163397
h6:economic_activity         0.2381010  -0.08269864 0.7422109 0.7349584

$diagnostic_list$`Shock: inflation_expectations_1y`[[7]]
                               R-sqrd. Adj. R-sqrd.    F-stat    p-value
h7:pandemic                  0.2564071  -0.06514663 0.7974005 0.67909739
h7:inflation_expectations_1y 0.3675848   0.09410792 1.3441166 0.22344030
h7:inflation_expectations_3y 0.4490985   0.21087077 1.8851648 0.05569714
h7:inflation                 0.2323511  -0.09960524 0.6999447 0.77563232
h7:economic_activity         0.1868829  -0.16473527 0.5314939 0.91225413

$diagnostic_list$`Shock: inflation_expectations_1y`[[8]]
                               R-sqrd. Adj. R-sqrd.    F-stat    p-value
h8:pandemic                  0.2707959  -0.05329479 0.8355559 0.64008427
h8:inflation_expectations_1y 0.4888094   0.26161356 2.1514893 0.02809728
h8:inflation_expectations_3y 0.2917706  -0.02299796 0.9269369 0.54817095
h8:inflation                 0.2414517  -0.09568088 0.7161921 0.75962185
h8:economic_activity         0.2611868  -0.06717466 0.7954246 0.68088073

$diagnostic_list$`Shock: inflation_expectations_1y`[[9]]
                               R-sqrd. Adj. R-sqrd.    F-stat    p-value
h9:pandemic                  0.3159159  0.003191769 1.0102063 0.46935854
h9:inflation_expectations_1y 0.4867626  0.252139831 2.0746604 0.03538801
h9:inflation_expectations_3y 0.3657740  0.075842144 1.2615861 0.27444548
h9:inflation                 0.2096161 -0.151702269 0.5801424 0.87744275
h9:economic_activity         0.2694327 -0.064540907 0.8067485 0.66919453

$diagnostic_list$`Shock: inflation_expectations_1y`[[10]]
                                R-sqrd. Adj. R-sqrd.    F-stat    p-value
h10:pandemic                  0.3471923   0.03998861 1.1301697 0.36837640
h10:inflation_expectations_1y 0.5356578   0.31714377 2.4513660 0.01380286
h10:inflation_expectations_3y 0.2668503  -0.07816132 0.7734531 0.70244319
h10:inflation                 0.2157223  -0.15334956 0.5844995 0.87355701
h10:economic_activity         0.3362865   0.02395073 1.0766826 0.41176401

$diagnostic_list$`Shock: inflation_expectations_1y`[[11]]
                                R-sqrd. Adj. R-sqrd.    F-stat    p-value
h11:pandemic                  0.3605027   0.05044342 1.1626896 0.34489556
h11:inflation_expectations_1y 0.4821056   0.23100526 1.9199720 0.05554012
h11:inflation_expectations_3y 0.3577242   0.04631778 1.1487374 0.35532522
h11:inflation                 0.2144912  -0.16636162 0.5631865 0.88862066
h11:economic_activity         0.2634081  -0.09372738 0.7375579 0.73752387

$diagnostic_list$`Shock: inflation_expectations_1y`[[12]]
                                R-sqrd. Adj. R-sqrd.    F-stat     p-value
h12:pandemic                  0.4390949   0.15864233 1.5656655 0.136894540
h12:inflation_expectations_1y 0.5923342   0.38850133 2.9059796 0.004971045
h12:inflation_expectations_3y 0.3425066   0.01375987 1.0418555 0.443426716
h12:inflation                 0.3113104  -0.03303441 0.9040659 0.571671402
h12:economic_activity         0.4104150   0.11562250 1.3922165 0.207043222


$diagnostic_list$`Shock: inflation_expectations_3y`
$diagnostic_list$`Shock: inflation_expectations_3y`[[1]]
                               R-sqrd. Adj. R-sqrd.   F-stat      p-value
h1:pandemic                  0.7022451   0.59145263 6.338381 6.413492e-07
h1:inflation_expectations_1y 0.6126799   0.46856078 4.251205 7.568982e-05
h1:inflation_expectations_3y 0.4099523   0.19039969 1.867217 5.257715e-02
h1:inflation                 0.3720667   0.13841710 1.592413 1.126210e-01
h1:economic_activity         0.2901148   0.02597146 1.098323 3.861250e-01

$diagnostic_list$`Shock: inflation_expectations_3y`[[2]]
                               R-sqrd. Adj. R-sqrd.    F-stat     p-value
h2:pandemic                  0.4855793   0.28960954 2.4778276 0.009498628
h2:inflation_expectations_1y 0.3471140   0.09839554 1.3956101 0.190591737
h2:inflation_expectations_3y 0.1840505  -0.12678738 0.5921109 0.871860809
h2:inflation                 0.1821783  -0.12937278 0.5847462 0.877486998
h2:economic_activity         0.4482109   0.23800551 2.1322523 0.025310514

$diagnostic_list$`Shock: inflation_expectations_3y`[[3]]
                               R-sqrd. Adj. R-sqrd.    F-stat   p-value
h3:pandemic                  0.3137119   0.04589216 1.1713546 0.3295135
h3:inflation_expectations_1y 0.3051175   0.03394380 1.1251737 0.3654825
h3:inflation_expectations_3y 0.0583236  -0.30915987 0.1587108 0.9998743
h3:inflation                 0.2377219  -0.05975254 0.7991338 0.6781157
h3:economic_activity         0.3563763   0.10520609 1.4188637 0.1807976

$diagnostic_list$`Shock: inflation_expectations_3y`[[4]]
                               R-sqrd.  Adj. R-sqrd.    F-stat   p-value
h4:pandemic                  0.3203707  0.0485189503 1.1784758 0.3251820
h4:inflation_expectations_1y 0.2859535  0.0003349017 1.0011725 0.4749308
h4:inflation_expectations_3y 0.2049032 -0.1131355768 0.6442711 0.8279386
h4:inflation                 0.3415773  0.0782081973 1.2969528 0.2462116
h4:economic_activity         0.3579664  0.1011530208 1.3938775 0.1938909

$diagnostic_list$`Shock: inflation_expectations_3y`[[5]]
                               R-sqrd. Adj. R-sqrd.    F-stat   p-value
h5:pandemic                  0.3036599   0.01798196 1.0629449 0.4194015
h5:inflation_expectations_1y 0.3133635   0.03166647 1.1124132 0.3775522
h5:inflation_expectations_3y 0.2665007  -0.03442212 0.8856115 0.5890646
h5:inflation                 0.2158408  -0.10586559 0.6709248 0.8036305
h5:economic_activity         0.2817025  -0.01298365 0.9559408 0.5187667

$diagnostic_list$`Shock: inflation_expectations_3y`[[6]]
                               R-sqrd. Adj. R-sqrd.    F-stat   p-value
h6:pandemic                  0.2505538  -0.06500253 0.7940065 0.6827700
h6:inflation_expectations_1y 0.3955113   0.14098977 1.5539404 0.1311558
h6:inflation_expectations_3y 0.3250596   0.04087411 1.1438290 0.3534503
h6:inflation                 0.3100576   0.01955548 1.0673161 0.4163397
h6:economic_activity         0.2381010  -0.08269864 0.7422109 0.7349584

$diagnostic_list$`Shock: inflation_expectations_3y`[[7]]
                               R-sqrd. Adj. R-sqrd.    F-stat    p-value
h7:pandemic                  0.2564071  -0.06514663 0.7974005 0.67909739
h7:inflation_expectations_1y 0.3675848   0.09410792 1.3441166 0.22344030
h7:inflation_expectations_3y 0.4490985   0.21087077 1.8851648 0.05569714
h7:inflation                 0.2323511  -0.09960524 0.6999447 0.77563232
h7:economic_activity         0.1868829  -0.16473527 0.5314939 0.91225413

$diagnostic_list$`Shock: inflation_expectations_3y`[[8]]
                               R-sqrd. Adj. R-sqrd.    F-stat    p-value
h8:pandemic                  0.2707959  -0.05329479 0.8355559 0.64008427
h8:inflation_expectations_1y 0.4888094   0.26161356 2.1514893 0.02809728
h8:inflation_expectations_3y 0.2917706  -0.02299796 0.9269369 0.54817095
h8:inflation                 0.2414517  -0.09568088 0.7161921 0.75962185
h8:economic_activity         0.2611868  -0.06717466 0.7954246 0.68088073

$diagnostic_list$`Shock: inflation_expectations_3y`[[9]]
                               R-sqrd. Adj. R-sqrd.    F-stat    p-value
h9:pandemic                  0.3159159  0.003191769 1.0102063 0.46935854
h9:inflation_expectations_1y 0.4867626  0.252139831 2.0746604 0.03538801
h9:inflation_expectations_3y 0.3657740  0.075842144 1.2615861 0.27444548
h9:inflation                 0.2096161 -0.151702269 0.5801424 0.87744275
h9:economic_activity         0.2694327 -0.064540907 0.8067485 0.66919453

$diagnostic_list$`Shock: inflation_expectations_3y`[[10]]
                                R-sqrd. Adj. R-sqrd.    F-stat    p-value
h10:pandemic                  0.3471923   0.03998861 1.1301697 0.36837640
h10:inflation_expectations_1y 0.5356578   0.31714377 2.4513660 0.01380286
h10:inflation_expectations_3y 0.2668503  -0.07816132 0.7734531 0.70244319
h10:inflation                 0.2157223  -0.15334956 0.5844995 0.87355701
h10:economic_activity         0.3362865   0.02395073 1.0766826 0.41176401

$diagnostic_list$`Shock: inflation_expectations_3y`[[11]]
                                R-sqrd. Adj. R-sqrd.    F-stat    p-value
h11:pandemic                  0.3605027   0.05044342 1.1626896 0.34489556
h11:inflation_expectations_1y 0.4821056   0.23100526 1.9199720 0.05554012
h11:inflation_expectations_3y 0.3577242   0.04631778 1.1487374 0.35532522
h11:inflation                 0.2144912  -0.16636162 0.5631865 0.88862066
h11:economic_activity         0.2634081  -0.09372738 0.7375579 0.73752387

$diagnostic_list$`Shock: inflation_expectations_3y`[[12]]
                                R-sqrd. Adj. R-sqrd.    F-stat     p-value
h12:pandemic                  0.4390949   0.15864233 1.5656655 0.136894540
h12:inflation_expectations_1y 0.5923342   0.38850133 2.9059796 0.004971045
h12:inflation_expectations_3y 0.3425066   0.01375987 1.0418555 0.443426716
h12:inflation                 0.3113104  -0.03303441 0.9040659 0.571671402
h12:economic_activity         0.4104150   0.11562250 1.3922165 0.207043222


$diagnostic_list$`Shock: inflation`
$diagnostic_list$`Shock: inflation`[[1]]
                               R-sqrd. Adj. R-sqrd.   F-stat      p-value
h1:pandemic                  0.7022451   0.59145263 6.338381 6.413492e-07
h1:inflation_expectations_1y 0.6126799   0.46856078 4.251205 7.568982e-05
h1:inflation_expectations_3y 0.4099523   0.19039969 1.867217 5.257715e-02
h1:inflation                 0.3720667   0.13841710 1.592413 1.126210e-01
h1:economic_activity         0.2901148   0.02597146 1.098323 3.861250e-01

$diagnostic_list$`Shock: inflation`[[2]]
                               R-sqrd. Adj. R-sqrd.    F-stat     p-value
h2:pandemic                  0.4855793   0.28960954 2.4778276 0.009498628
h2:inflation_expectations_1y 0.3471140   0.09839554 1.3956101 0.190591737
h2:inflation_expectations_3y 0.1840505  -0.12678738 0.5921109 0.871860809
h2:inflation                 0.1821783  -0.12937278 0.5847462 0.877486998
h2:economic_activity         0.4482109   0.23800551 2.1322523 0.025310514

$diagnostic_list$`Shock: inflation`[[3]]
                               R-sqrd. Adj. R-sqrd.    F-stat   p-value
h3:pandemic                  0.3137119   0.04589216 1.1713546 0.3295135
h3:inflation_expectations_1y 0.3051175   0.03394380 1.1251737 0.3654825
h3:inflation_expectations_3y 0.0583236  -0.30915987 0.1587108 0.9998743
h3:inflation                 0.2377219  -0.05975254 0.7991338 0.6781157
h3:economic_activity         0.3563763   0.10520609 1.4188637 0.1807976

$diagnostic_list$`Shock: inflation`[[4]]
                               R-sqrd.  Adj. R-sqrd.    F-stat   p-value
h4:pandemic                  0.3203707  0.0485189503 1.1784758 0.3251820
h4:inflation_expectations_1y 0.2859535  0.0003349017 1.0011725 0.4749308
h4:inflation_expectations_3y 0.2049032 -0.1131355768 0.6442711 0.8279386
h4:inflation                 0.3415773  0.0782081973 1.2969528 0.2462116
h4:economic_activity         0.3579664  0.1011530208 1.3938775 0.1938909

$diagnostic_list$`Shock: inflation`[[5]]
                               R-sqrd. Adj. R-sqrd.    F-stat   p-value
h5:pandemic                  0.3036599   0.01798196 1.0629449 0.4194015
h5:inflation_expectations_1y 0.3133635   0.03166647 1.1124132 0.3775522
h5:inflation_expectations_3y 0.2665007  -0.03442212 0.8856115 0.5890646
h5:inflation                 0.2158408  -0.10586559 0.6709248 0.8036305
h5:economic_activity         0.2817025  -0.01298365 0.9559408 0.5187667

$diagnostic_list$`Shock: inflation`[[6]]
                               R-sqrd. Adj. R-sqrd.    F-stat   p-value
h6:pandemic                  0.2505538  -0.06500253 0.7940065 0.6827700
h6:inflation_expectations_1y 0.3955113   0.14098977 1.5539404 0.1311558
h6:inflation_expectations_3y 0.3250596   0.04087411 1.1438290 0.3534503
h6:inflation                 0.3100576   0.01955548 1.0673161 0.4163397
h6:economic_activity         0.2381010  -0.08269864 0.7422109 0.7349584

$diagnostic_list$`Shock: inflation`[[7]]
                               R-sqrd. Adj. R-sqrd.    F-stat    p-value
h7:pandemic                  0.2564071  -0.06514663 0.7974005 0.67909739
h7:inflation_expectations_1y 0.3675848   0.09410792 1.3441166 0.22344030
h7:inflation_expectations_3y 0.4490985   0.21087077 1.8851648 0.05569714
h7:inflation                 0.2323511  -0.09960524 0.6999447 0.77563232
h7:economic_activity         0.1868829  -0.16473527 0.5314939 0.91225413

$diagnostic_list$`Shock: inflation`[[8]]
                               R-sqrd. Adj. R-sqrd.    F-stat    p-value
h8:pandemic                  0.2707959  -0.05329479 0.8355559 0.64008427
h8:inflation_expectations_1y 0.4888094   0.26161356 2.1514893 0.02809728
h8:inflation_expectations_3y 0.2917706  -0.02299796 0.9269369 0.54817095
h8:inflation                 0.2414517  -0.09568088 0.7161921 0.75962185
h8:economic_activity         0.2611868  -0.06717466 0.7954246 0.68088073

$diagnostic_list$`Shock: inflation`[[9]]
                               R-sqrd. Adj. R-sqrd.    F-stat    p-value
h9:pandemic                  0.3159159  0.003191769 1.0102063 0.46935854
h9:inflation_expectations_1y 0.4867626  0.252139831 2.0746604 0.03538801
h9:inflation_expectations_3y 0.3657740  0.075842144 1.2615861 0.27444548
h9:inflation                 0.2096161 -0.151702269 0.5801424 0.87744275
h9:economic_activity         0.2694327 -0.064540907 0.8067485 0.66919453

$diagnostic_list$`Shock: inflation`[[10]]
                                R-sqrd. Adj. R-sqrd.    F-stat    p-value
h10:pandemic                  0.3471923   0.03998861 1.1301697 0.36837640
h10:inflation_expectations_1y 0.5356578   0.31714377 2.4513660 0.01380286
h10:inflation_expectations_3y 0.2668503  -0.07816132 0.7734531 0.70244319
h10:inflation                 0.2157223  -0.15334956 0.5844995 0.87355701
h10:economic_activity         0.3362865   0.02395073 1.0766826 0.41176401

$diagnostic_list$`Shock: inflation`[[11]]
                                R-sqrd. Adj. R-sqrd.    F-stat    p-value
h11:pandemic                  0.3605027   0.05044342 1.1626896 0.34489556
h11:inflation_expectations_1y 0.4821056   0.23100526 1.9199720 0.05554012
h11:inflation_expectations_3y 0.3577242   0.04631778 1.1487374 0.35532522
h11:inflation                 0.2144912  -0.16636162 0.5631865 0.88862066
h11:economic_activity         0.2634081  -0.09372738 0.7375579 0.73752387

$diagnostic_list$`Shock: inflation`[[12]]
                                R-sqrd. Adj. R-sqrd.    F-stat     p-value
h12:pandemic                  0.4390949   0.15864233 1.5656655 0.136894540
h12:inflation_expectations_1y 0.5923342   0.38850133 2.9059796 0.004971045
h12:inflation_expectations_3y 0.3425066   0.01375987 1.0418555 0.443426716
h12:inflation                 0.3113104  -0.03303441 0.9040659 0.571671402
h12:economic_activity         0.4104150   0.11562250 1.3922165 0.207043222


$diagnostic_list$`Shock: economic_activity`
$diagnostic_list$`Shock: economic_activity`[[1]]
                               R-sqrd. Adj. R-sqrd.   F-stat      p-value
h1:pandemic                  0.7022451   0.59145263 6.338381 6.413492e-07
h1:inflation_expectations_1y 0.6126799   0.46856078 4.251205 7.568982e-05
h1:inflation_expectations_3y 0.4099523   0.19039969 1.867217 5.257715e-02
h1:inflation                 0.3720667   0.13841710 1.592413 1.126210e-01
h1:economic_activity         0.2901148   0.02597146 1.098323 3.861250e-01

$diagnostic_list$`Shock: economic_activity`[[2]]
                               R-sqrd. Adj. R-sqrd.    F-stat     p-value
h2:pandemic                  0.4855793   0.28960954 2.4778276 0.009498628
h2:inflation_expectations_1y 0.3471140   0.09839554 1.3956101 0.190591737
h2:inflation_expectations_3y 0.1840505  -0.12678738 0.5921109 0.871860809
h2:inflation                 0.1821783  -0.12937278 0.5847462 0.877486998
h2:economic_activity         0.4482109   0.23800551 2.1322523 0.025310514

$diagnostic_list$`Shock: economic_activity`[[3]]
                               R-sqrd. Adj. R-sqrd.    F-stat   p-value
h3:pandemic                  0.3137119   0.04589216 1.1713546 0.3295135
h3:inflation_expectations_1y 0.3051175   0.03394380 1.1251737 0.3654825
h3:inflation_expectations_3y 0.0583236  -0.30915987 0.1587108 0.9998743
h3:inflation                 0.2377219  -0.05975254 0.7991338 0.6781157
h3:economic_activity         0.3563763   0.10520609 1.4188637 0.1807976

$diagnostic_list$`Shock: economic_activity`[[4]]
                               R-sqrd.  Adj. R-sqrd.    F-stat   p-value
h4:pandemic                  0.3203707  0.0485189503 1.1784758 0.3251820
h4:inflation_expectations_1y 0.2859535  0.0003349017 1.0011725 0.4749308
h4:inflation_expectations_3y 0.2049032 -0.1131355768 0.6442711 0.8279386
h4:inflation                 0.3415773  0.0782081973 1.2969528 0.2462116
h4:economic_activity         0.3579664  0.1011530208 1.3938775 0.1938909

$diagnostic_list$`Shock: economic_activity`[[5]]
                               R-sqrd. Adj. R-sqrd.    F-stat   p-value
h5:pandemic                  0.3036599   0.01798196 1.0629449 0.4194015
h5:inflation_expectations_1y 0.3133635   0.03166647 1.1124132 0.3775522
h5:inflation_expectations_3y 0.2665007  -0.03442212 0.8856115 0.5890646
h5:inflation                 0.2158408  -0.10586559 0.6709248 0.8036305
h5:economic_activity         0.2817025  -0.01298365 0.9559408 0.5187667

$diagnostic_list$`Shock: economic_activity`[[6]]
                               R-sqrd. Adj. R-sqrd.    F-stat   p-value
h6:pandemic                  0.2505538  -0.06500253 0.7940065 0.6827700
h6:inflation_expectations_1y 0.3955113   0.14098977 1.5539404 0.1311558
h6:inflation_expectations_3y 0.3250596   0.04087411 1.1438290 0.3534503
h6:inflation                 0.3100576   0.01955548 1.0673161 0.4163397
h6:economic_activity         0.2381010  -0.08269864 0.7422109 0.7349584

$diagnostic_list$`Shock: economic_activity`[[7]]
                               R-sqrd. Adj. R-sqrd.    F-stat    p-value
h7:pandemic                  0.2564071  -0.06514663 0.7974005 0.67909739
h7:inflation_expectations_1y 0.3675848   0.09410792 1.3441166 0.22344030
h7:inflation_expectations_3y 0.4490985   0.21087077 1.8851648 0.05569714
h7:inflation                 0.2323511  -0.09960524 0.6999447 0.77563232
h7:economic_activity         0.1868829  -0.16473527 0.5314939 0.91225413

$diagnostic_list$`Shock: economic_activity`[[8]]
                               R-sqrd. Adj. R-sqrd.    F-stat    p-value
h8:pandemic                  0.2707959  -0.05329479 0.8355559 0.64008427
h8:inflation_expectations_1y 0.4888094   0.26161356 2.1514893 0.02809728
h8:inflation_expectations_3y 0.2917706  -0.02299796 0.9269369 0.54817095
h8:inflation                 0.2414517  -0.09568088 0.7161921 0.75962185
h8:economic_activity         0.2611868  -0.06717466 0.7954246 0.68088073

$diagnostic_list$`Shock: economic_activity`[[9]]
                               R-sqrd. Adj. R-sqrd.    F-stat    p-value
h9:pandemic                  0.3159159  0.003191769 1.0102063 0.46935854
h9:inflation_expectations_1y 0.4867626  0.252139831 2.0746604 0.03538801
h9:inflation_expectations_3y 0.3657740  0.075842144 1.2615861 0.27444548
h9:inflation                 0.2096161 -0.151702269 0.5801424 0.87744275
h9:economic_activity         0.2694327 -0.064540907 0.8067485 0.66919453

$diagnostic_list$`Shock: economic_activity`[[10]]
                                R-sqrd. Adj. R-sqrd.    F-stat    p-value
h10:pandemic                  0.3471923   0.03998861 1.1301697 0.36837640
h10:inflation_expectations_1y 0.5356578   0.31714377 2.4513660 0.01380286
h10:inflation_expectations_3y 0.2668503  -0.07816132 0.7734531 0.70244319
h10:inflation                 0.2157223  -0.15334956 0.5844995 0.87355701
h10:economic_activity         0.3362865   0.02395073 1.0766826 0.41176401

$diagnostic_list$`Shock: economic_activity`[[11]]
                                R-sqrd. Adj. R-sqrd.    F-stat    p-value
h11:pandemic                  0.3605027   0.05044342 1.1626896 0.34489556
h11:inflation_expectations_1y 0.4821056   0.23100526 1.9199720 0.05554012
h11:inflation_expectations_3y 0.3577242   0.04631778 1.1487374 0.35532522
h11:inflation                 0.2144912  -0.16636162 0.5631865 0.88862066
h11:economic_activity         0.2634081  -0.09372738 0.7375579 0.73752387

$diagnostic_list$`Shock: economic_activity`[[12]]
                                R-sqrd. Adj. R-sqrd.    F-stat     p-value
h12:pandemic                  0.4390949   0.15864233 1.5656655 0.136894540
h12:inflation_expectations_1y 0.5923342   0.38850133 2.9059796 0.004971045
h12:inflation_expectations_3y 0.3425066   0.01375987 1.0418555 0.443426716
h12:inflation                 0.3113104  -0.03303441 0.9040659 0.571671402
h12:economic_activity         0.4104150   0.11562250 1.3922165 0.207043222



$specs
$specs$lags_endog_lin
SC(n) 
    1 

$specs$lags_criterion
[1] NaN

$specs$max_lags
[1] NaN

$specs$trend
[1] 0

$specs$shock_type
[1] 0

$specs$confint
[1] 1.65

$specs$hor
[1] 12

$specs$use_nw
[1] TRUE

$specs$nw_prewhite
[1] FALSE

$specs$adjust_se
[1] FALSE

$specs$use_twosls
[1] FALSE

$specs$contemp_data
$specs$contemp_data$dummy
 [1] 0 0 0 0 0 0 0 0 0 0 0 0 0 0 0 0 0 0 0 0 0 0 0 0 0 0 1 1 1 1 0 1 0 1 0 0 0 0 0 0 0 0 0 0 0 0 0 0 0 0 0 0 0 0 0 0 0 0 0 0
[61] 0

$specs$contemp_data$Jan
 [1] 0 0 0 0 0 0 0 0 0 0 0 1 0 0 0 0 0 0 0 0 0 0 0 1 0 0 0 0 0 0 0 0 0 0 0 1 0 0 0 0 0 0 0 0 0 0 0 1 0 0 0 0 0 0 0 0 0 0 0 1
[61] 0

$specs$contemp_data$Feb
 [1] 1 0 0 0 0 0 0 0 0 0 0 0 1 0 0 0 0 0 0 0 0 0 0 0 1 0 0 0 0 0 0 0 0 0 0 0 1 0 0 0 0 0 0 0 0 0 0 0 1 0 0 0 0 0 0 0 0 0 0 0
[61] 1

$specs$contemp_data$Mar
 [1] 0 1 0 0 0 0 0 0 0 0 0 0 0 1 0 0 0 0 0 0 0 0 0 0 0 1 0 0 0 0 0 0 0 0 0 0 0 1 0 0 0 0 0 0 0 0 0 0 0 1 0 0 0 0 0 0 0 0 0 0
[61] 0

$specs$contemp_data$Apr
 [1] 0 0 1 0 0 0 0 0 0 0 0 0 0 0 1 0 0 0 0 0 0 0 0 0 0 0 1 0 0 0 0 0 0 0 0 0 0 0 1 0 0 0 0 0 0 0 0 0 0 0 1 0 0 0 0 0 0 0 0 0
[61] 0

$specs$contemp_data$May
 [1] 0 0 0 1 0 0 0 0 0 0 0 0 0 0 0 1 0 0 0 0 0 0 0 0 0 0 0 1 0 0 0 0 0 0 0 0 0 0 0 1 0 0 0 0 0 0 0 0 0 0 0 1 0 0 0 0 0 0 0 0
[61] 0

$specs$contemp_data$Jun
 [1] 0 0 0 0 1 0 0 0 0 0 0 0 0 0 0 0 1 0 0 0 0 0 0 0 0 0 0 0 1 0 0 0 0 0 0 0 0 0 0 0 1 0 0 0 0 0 0 0 0 0 0 0 1 0 0 0 0 0 0 0
[61] 0

$specs$contemp_data$Jul
 [1] 0 0 0 0 0 1 0 0 0 0 0 0 0 0 0 0 0 1 0 0 0 0 0 0 0 0 0 0 0 1 0 0 0 0 0 0 0 0 0 0 0 1 0 0 0 0 0 0 0 0 0 0 0 1 0 0 0 0 0 0
[61] 0

$specs$contemp_data$Aug
 [1] 0 0 0 0 0 0 1 0 0 0 0 0 0 0 0 0 0 0 1 0 0 0 0 0 0 0 0 0 0 0 1 0 0 0 0 0 0 0 0 0 0 0 1 0 0 0 0 0 0 0 0 0 0 0 1 0 0 0 0 0
[61] 0

$specs$contemp_data$Sep
 [1] 0 0 0 0 0 0 0 1 0 0 0 0 0 0 0 0 0 0 0 1 0 0 0 0 0 0 0 0 0 0 0 1 0 0 0 0 0 0 0 0 0 0 0 1 0 0 0 0 0 0 0 0 0 0 0 1 0 0 0 0
[61] 0

$specs$contemp_data$Oct
 [1] 0 0 0 0 0 0 0 0 1 0 0 0 0 0 0 0 0 0 0 0 1 0 0 0 0 0 0 0 0 0 0 0 1 0 0 0 0 0 0 0 0 0 0 0 1 0 0 0 0 0 0 0 0 0 0 0 1 0 0 0
[61] 0


$specs$model_type
[1] 0

$specs$starts
[1] 1

$specs$ends
[1] 61

$specs$column_names
[1] "pandemic"                  "inflation_expectations_1y" "inflation_expectations_3y" "inflation"                
[5] "economic_activity"        

$specs$endog
[1] 5

$specs$y_lin
        pandemic inflation_expectations_1y inflation_expectations_3y     inflation economic_activity
2  -0.0025954186              -0.093069017              -0.116992518  0.0118791283      0.0132147973
3  -0.0029588217              -0.179841030              -0.082446768 -0.0180540196      0.0197042191
4  -0.0022342816               0.042644040              -0.009027443  0.0117895324      0.0091204916
5  -0.0028454985               0.038628823              -0.004366708  0.0080067127      0.0256060314
6  -0.0031799091               0.037587716               0.047957221 -0.0080781182     -0.0008554676
7  -0.0045692448               0.042232388              -0.051764649 -0.0091070197      0.0134624669
8  -0.0074346767               0.066831950               0.083116914  0.0035186802      0.0099315901
9  -0.0061226869               0.074361879               0.104697282  0.0072325549      0.0093828680
10 -0.0065506138               0.097256869               0.129269948  0.0109363479      0.0019638250
11 -0.0062978419               0.090859949               0.040770491 -0.0256428615      0.0024138617
12 -0.0045836976               0.150130443               0.168118070 -0.0087928721     -0.0039597521
13 -0.0047155655               0.154457901               0.190173118 -0.0192514804      0.0121072497
14  0.0005670997               0.016860856               0.023610225  0.0121350319      0.0036954885
15  0.0051661350               0.081748607               0.155708559  0.0254869151      0.0040989018
16  0.0080940020              -0.092583911               0.021248402  0.0315361282      0.0142325513
17  0.0124540758              -0.193230976              -0.043276262 -0.0135380408     -0.0038460784
18  0.0174273342               0.067156473               0.059606826 -0.0237050248      0.0003874938
19  0.0214875171               0.028570973               0.007379959  0.0070212946     -0.0030995371
20  0.0263870320              -0.110390831              -0.043736816 -0.0008099038     -0.0027487440
21  0.0381919476              -0.009296058              -0.148649219  0.0022449886      0.0100916736
22  0.0460415297              -0.137446744              -0.128886832  0.0149056931     -0.0068965871
23  0.0500583678              -0.102682542               0.022526063  0.0056048268     -0.0018302030
24  0.0637312034               0.085885577               0.040433270  0.0166801358     -0.0053688531
25  0.0397927828               0.052676001               0.034575991 -0.0032142186      0.0092054021
26 -0.0074294643               0.082834189               0.071948279 -0.0143825022      0.0065049140
27 -0.1243131755               0.059890764              -0.139321440 -0.0765488966     -0.1095376270
28 -0.1375276917               0.110803355               0.054336359 -0.1180561839     -0.8013817712
29 -0.0994189293               0.440086455               0.002754213 -0.0394295123      0.1819834628
30 -0.0367829575               0.060988570              -0.180594733  0.0227326525      0.1811371292
31 -0.0164125675               0.192429026               0.022748256  0.0290171471     -0.0032090982
32  0.0244263992               0.215418333               0.210000612  0.0188797606      0.1242242661
33 -0.0264149902               0.090842219              -0.097192097 -0.0081495346      0.0427062365
34  0.0025980900              -0.176135374              -0.211683475 -0.0273674729      0.0659089440
35  0.0126746011              -0.189613815              -0.173824252 -0.0169879726      0.0090416110
36 -0.0009123313              -0.309955966              -0.096708136  0.0137622962     -0.0200398947
37  0.0147676426              -0.438829199              -0.136241740 -0.0175590348      0.0297735978
38  0.0244413453              -0.586924618              -0.252722198 -0.0022948550      0.0122939477
39  0.0290010841              -0.640823289              -0.247849266  0.0090208096      0.0224621217
40  0.0554292787              -0.744269330              -0.328708352  0.0296218439     -0.0027052872
41  0.0292201438              -0.331977245               0.061289940  0.0278964532      0.0234591779
42  0.0183306087               0.239203704              -0.036411180  0.0417894154      0.0133334691
43  0.0085840509               0.051907720               0.062479848 -0.0037102132      0.0466232530
44 -0.0004439639               0.168972059               0.295863311 -0.0101886004      0.0231090359
45  0.0084144166               0.091561951               0.448800361 -0.0095415708      0.0349689544
46  0.0028701860               0.244040498               0.439272896  0.0513660931      0.0238252787
47 -0.0069731980               0.420618875               0.227962584  0.0346746044      0.0237066681
48  0.0079945319               0.265010741               0.220814479  0.0322088457      0.0235842891
49  0.0102117331              -0.056457642              -0.282966474  0.0093029159     -0.0110638564
50 -0.0076758466               0.063072574               0.047559850  0.0216592661      0.0313075917
51 -0.0144868363               0.583575145              -0.006092132  0.0594986810      0.0032570089
52 -0.0125948870               0.310877420               0.279880828 -0.0193295446     -0.0042385199
53 -0.0192329118               0.535617968               0.326312135  0.0475641271     -0.0153374760
54 -0.0182992670               0.756444779               0.145136221  0.0829906319     -0.0114672989
55 -0.0113954999               0.249347053              -0.203776953 -0.0724345513     -0.0001570211
56 -0.0088620611              -0.163336671              -0.538329081 -0.0398569237     -0.0222817013
57 -0.0033397290              -0.387472074              -0.287419250 -0.0177631399     -0.0027547779
58  0.0029664507               0.208077418               0.011815895 -0.0082045127     -0.0219807589
59  0.0050735517              -0.407923836              -0.001392901 -0.0432906191     -0.0099343622
60  0.0050610915              -0.539237661               0.094962482 -0.0521834854     -0.0180533987
61  0.0145676344              -0.472610574              -0.084508752 -0.0042564185     -0.0088103979

$specs$x_lin
   pandemic_lag_1 inflation_expectations_1y_lag_1 inflation_expectations_3y_lag_1 inflation_lag_1 economic_activity_lag_1
2    0.0005726966                    -0.205402860                    -0.218241259    0.0307655897            0.0097286005
3   -0.0025954186                    -0.093069017                    -0.116992518    0.0118791283            0.0132147973
4   -0.0029588217                    -0.179841030                    -0.082446768   -0.0180540196            0.0197042191
5   -0.0022342816                     0.042644040                    -0.009027443    0.0117895324            0.0091204916
6   -0.0028454985                     0.038628823                    -0.004366708    0.0080067127            0.0256060314
7   -0.0031799091                     0.037587716                     0.047957221   -0.0080781182           -0.0008554676
8   -0.0045692448                     0.042232388                    -0.051764649   -0.0091070197            0.0134624669
9   -0.0074346767                     0.066831950                     0.083116914    0.0035186802            0.0099315901
10  -0.0061226869                     0.074361879                     0.104697282    0.0072325549            0.0093828680
11  -0.0065506138                     0.097256869                     0.129269948    0.0109363479            0.0019638250
12  -0.0062978419                     0.090859949                     0.040770491   -0.0256428615            0.0024138617
13  -0.0045836976                     0.150130443                     0.168118070   -0.0087928721           -0.0039597521
14  -0.0047155655                     0.154457901                     0.190173118   -0.0192514804            0.0121072497
15   0.0005670997                     0.016860856                     0.023610225    0.0121350319            0.0036954885
16   0.0051661350                     0.081748607                     0.155708559    0.0254869151            0.0040989018
17   0.0080940020                    -0.092583911                     0.021248402    0.0315361282            0.0142325513
18   0.0124540758                    -0.193230976                    -0.043276262   -0.0135380408           -0.0038460784
19   0.0174273342                     0.067156473                     0.059606826   -0.0237050248            0.0003874938
20   0.0214875171                     0.028570973                     0.007379959    0.0070212946           -0.0030995371
21   0.0263870320                    -0.110390831                    -0.043736816   -0.0008099038           -0.0027487440
22   0.0381919476                    -0.009296058                    -0.148649219    0.0022449886            0.0100916736
23   0.0460415297                    -0.137446744                    -0.128886832    0.0149056931           -0.0068965871
24   0.0500583678                    -0.102682542                     0.022526063    0.0056048268           -0.0018302030
25   0.0637312034                     0.085885577                     0.040433270    0.0166801358           -0.0053688531
26   0.0397927828                     0.052676001                     0.034575991   -0.0032142186            0.0092054021
27  -0.0074294643                     0.082834189                     0.071948279   -0.0143825022            0.0065049140
28  -0.1243131755                     0.059890764                    -0.139321440   -0.0765488966           -0.1095376270
29  -0.1375276917                     0.110803355                     0.054336359   -0.1180561839           -0.8013817712
30  -0.0994189293                     0.440086455                     0.002754213   -0.0394295123            0.1819834628
31  -0.0367829575                     0.060988570                    -0.180594733    0.0227326525            0.1811371292
32  -0.0164125675                     0.192429026                     0.022748256    0.0290171471           -0.0032090982
33   0.0244263992                     0.215418333                     0.210000612    0.0188797606            0.1242242661
34  -0.0264149902                     0.090842219                    -0.097192097   -0.0081495346            0.0427062365
35   0.0025980900                    -0.176135374                    -0.211683475   -0.0273674729            0.0659089440
36   0.0126746011                    -0.189613815                    -0.173824252   -0.0169879726            0.0090416110
37  -0.0009123313                    -0.309955966                    -0.096708136    0.0137622962           -0.0200398947
38   0.0147676426                    -0.438829199                    -0.136241740   -0.0175590348            0.0297735978
39   0.0244413453                    -0.586924618                    -0.252722198   -0.0022948550            0.0122939477
40   0.0290010841                    -0.640823289                    -0.247849266    0.0090208096            0.0224621217
41   0.0554292787                    -0.744269330                    -0.328708352    0.0296218439           -0.0027052872
42   0.0292201438                    -0.331977245                     0.061289940    0.0278964532            0.0234591779
43   0.0183306087                     0.239203704                    -0.036411180    0.0417894154            0.0133334691
44   0.0085840509                     0.051907720                     0.062479848   -0.0037102132            0.0466232530
45  -0.0004439639                     0.168972059                     0.295863311   -0.0101886004            0.0231090359
46   0.0084144166                     0.091561951                     0.448800361   -0.0095415708            0.0349689544
47   0.0028701860                     0.244040498                     0.439272896    0.0513660931            0.0238252787
48  -0.0069731980                     0.420618875                     0.227962584    0.0346746044            0.0237066681
49   0.0079945319                     0.265010741                     0.220814479    0.0322088457            0.0235842891
50   0.0102117331                    -0.056457642                    -0.282966474    0.0093029159           -0.0110638564
51  -0.0076758466                     0.063072574                     0.047559850    0.0216592661            0.0313075917
52  -0.0144868363                     0.583575145                    -0.006092132    0.0594986810            0.0032570089
53  -0.0125948870                     0.310877420                     0.279880828   -0.0193295446           -0.0042385199
54  -0.0192329118                     0.535617968                     0.326312135    0.0475641271           -0.0153374760
55  -0.0182992670                     0.756444779                     0.145136221    0.0829906319           -0.0114672989
56  -0.0113954999                     0.249347053                    -0.203776953   -0.0724345513           -0.0001570211
57  -0.0088620611                    -0.163336671                    -0.538329081   -0.0398569237           -0.0222817013
58  -0.0033397290                    -0.387472074                    -0.287419250   -0.0177631399           -0.0027547779
59   0.0029664507                     0.208077418                     0.011815895   -0.0082045127           -0.0219807589
60   0.0050735517                    -0.407923836                    -0.001392901   -0.0432906191           -0.0099343622
61   0.0050610915                    -0.539237661                     0.094962482   -0.0521834854           -0.0180533987
   dummy Jan Feb Mar Apr May Jun Jul Aug Sep Oct
2      0   0   0   1   0   0   0   0   0   0   0
3      0   0   0   0   1   0   0   0   0   0   0
4      0   0   0   0   0   1   0   0   0   0   0
5      0   0   0   0   0   0   1   0   0   0   0
6      0   0   0   0   0   0   0   1   0   0   0
7      0   0   0   0   0   0   0   0   1   0   0
8      0   0   0   0   0   0   0   0   0   1   0
9      0   0   0   0   0   0   0   0   0   0   1
10     0   0   0   0   0   0   0   0   0   0   0
11     0   0   0   0   0   0   0   0   0   0   0
12     0   1   0   0   0   0   0   0   0   0   0
13     0   0   1   0   0   0   0   0   0   0   0
14     0   0   0   1   0   0   0   0   0   0   0
15     0   0   0   0   1   0   0   0   0   0   0
16     0   0   0   0   0   1   0   0   0   0   0
17     0   0   0   0   0   0   1   0   0   0   0
18     0   0   0   0   0   0   0   1   0   0   0
19     0   0   0   0   0   0   0   0   1   0   0
20     0   0   0   0   0   0   0   0   0   1   0
21     0   0   0   0   0   0   0   0   0   0   1
22     0   0   0   0   0   0   0   0   0   0   0
23     0   0   0   0   0   0   0   0   0   0   0
24     0   1   0   0   0   0   0   0   0   0   0
25     0   0   1   0   0   0   0   0   0   0   0
26     0   0   0   1   0   0   0   0   0   0   0
27     1   0   0   0   1   0   0   0   0   0   0
28     1   0   0   0   0   1   0   0   0   0   0
29     1   0   0   0   0   0   1   0   0   0   0
30     1   0   0   0   0   0   0   1   0   0   0
31     0   0   0   0   0   0   0   0   1   0   0
32     1   0   0   0   0   0   0   0   0   1   0
33     0   0   0   0   0   0   0   0   0   0   1
34     1   0   0   0   0   0   0   0   0   0   0
35     0   0   0   0   0   0   0   0   0   0   0
36     0   1   0   0   0   0   0   0   0   0   0
37     0   0   1   0   0   0   0   0   0   0   0
38     0   0   0   1   0   0   0   0   0   0   0
39     0   0   0   0   1   0   0   0   0   0   0
40     0   0   0   0   0   1   0   0   0   0   0
41     0   0   0   0   0   0   1   0   0   0   0
42     0   0   0   0   0   0   0   1   0   0   0
43     0   0   0   0   0   0   0   0   1   0   0
44     0   0   0   0   0   0   0   0   0   1   0
45     0   0   0   0   0   0   0   0   0   0   1
46     0   0   0   0   0   0   0   0   0   0   0
47     0   0   0   0   0   0   0   0   0   0   0
48     0   1   0   0   0   0   0   0   0   0   0
49     0   0   1   0   0   0   0   0   0   0   0
50     0   0   0   1   0   0   0   0   0   0   0
51     0   0   0   0   1   0   0   0   0   0   0
52     0   0   0   0   0   1   0   0   0   0   0
53     0   0   0   0   0   0   1   0   0   0   0
54     0   0   0   0   0   0   0   1   0   0   0
55     0   0   0   0   0   0   0   0   1   0   0
56     0   0   0   0   0   0   0   0   0   1   0
57     0   0   0   0   0   0   0   0   0   0   1
58     0   0   0   0   0   0   0   0   0   0   0
59     0   0   0   0   0   0   0   0   0   0   0
60     0   1   0   0   0   0   0   0   0   0   0
61     0   0   1   0   0   0   0   0   0   0   0


attr(,"class")
[1] "lpirfs_lin_obj"
