[1] "supply_chain"         "djn level estimation"
                   1             2             3             4             5             6
AIC(n) -2.560276e+01 -2.616004e+01 -2.620538e+01 -2.692352e+01 -2.803432e+01 -3.065408e+01
HQ(n)  -2.440310e+01 -2.460753e+01 -2.430004e+01 -2.466533e+01 -2.542329e+01 -2.769021e+01
SC(n)  -2.250052e+01 -2.214537e+01 -2.127829e+01 -2.108400e+01 -2.128238e+01 -2.298972e+01
FPE(n)  8.438062e-12  5.515010e-12  6.613565e-12  4.671089e-12  2.791306e-12  5.430180e-13
                   1             2             3             4             5             6
AIC(n) -2.560276e+01 -2.616004e+01 -2.620538e+01 -2.692352e+01 -2.803432e+01 -3.065408e+01
HQ(n)  -2.440310e+01 -2.460753e+01 -2.430004e+01 -2.466533e+01 -2.542329e+01 -2.769021e+01
SC(n)  -2.250052e+01 -2.214537e+01 -2.127829e+01 -2.108400e+01 -2.128238e+01 -2.298972e+01
FPE(n)  8.438062e-12  5.515010e-12  6.613565e-12  4.671089e-12  2.791306e-12  5.430180e-13
$irf_lin_mean
, , 1

              [,1]        [,2]         [,3]        [,4]         [,5]         [,6]         [,7]         [,8]         [,9]
[1,]  5.051098e-03 0.001358225 0.0010154661 0.005074154  0.004063044  0.006413182  0.006499779 -0.005908727  0.002663469
[2,]  2.330452e-02 0.054554316 0.1023042048 0.085189610  0.069012263  0.136080232  0.024188243  0.050758491  0.100024622
[3,] -4.362899e-05 0.012017129 0.0672238645 0.042410221  0.071002847  0.097981765 -0.014483202 -0.002481021 -0.001206707
[4,]  1.104812e-02 0.006162450 0.0047873093 0.004120162 -0.004090905  0.013110299  0.010687581 -0.010102989  0.006596120
[5,]  2.454027e-02 0.015000183 0.0001944979 0.011251024  0.011362358 -0.002762572  0.044917374 -0.008604989 -0.030879257
            [,10]         [,11]         [,12]        [,13]
[1,] -0.001225911 -0.0004589621 -4.004012e-03 -0.004224606
[2,] -0.082597895 -0.1868490954 -2.292499e-01 -0.021194744
[3,] -0.054891424 -0.0660758119 -3.417059e-02  0.100843827
[4,] -0.007585331 -0.0023721636  8.257428e-05  0.002373045
[5,]  0.025337084 -0.0009368878  8.898348e-02 -0.060850410

, , 2

             [,1]          [,2]         [,3]         [,4]          [,5]         [,6]        [,7]          [,8]          [,9]
[1,]  0.000000000  0.0009618832 0.0002553338  0.002210212  0.0053715299  0.002179585 0.001128873 -0.0013829311  0.0045843086
[2,]  0.062598079  0.0486204303 0.0215134477  0.064689450  0.1275608305  0.157205758 0.105258420  0.0852205767  0.1449292893
[3,]  0.009599670 -0.0151243666 0.0023586021  0.031054900  0.0610251804  0.051257147 0.019358642 -0.0256218085  0.0058641058
[4,]  0.007585399  0.0015653972 0.0011614002  0.005267539 -0.0001283976 -0.002734503 0.001306721  0.0008561855  0.0001559813
[5,] -0.023886078  0.0221006536 0.0145930430 -0.009257683 -0.0042054164 -0.031718884 0.026107884 -0.0232038437 -0.0220792440
            [,10]        [,11]        [,12]        [,13]
[1,] 0.0003803856 -0.004895878 -0.003422346 -0.007928356
[2,] 0.1470907138 -0.118147984 -0.192616534 -0.181560624
[3,] 0.0048786209 -0.100404900 -0.071692661 -0.039788040
[4,] 0.0031150875 -0.003540757 -0.005577198  0.007053943
[5,] 0.0026654646  0.064197296  0.007649039  0.043765607

, , 3

             [,1]          [,2]         [,3]        [,4]          [,5]         [,6]        [,7]        [,8]        [,9]
[1,]  0.000000000  0.0032651903  0.002954594 0.002293231 -0.0011033337  0.004069867 0.004561454 0.007549482 0.004589360
[2,]  0.000000000 -0.0096889592  0.002640936 0.032263631 -0.0263066474  0.024591299 0.090434584 0.084006380 0.087641462
[3,]  0.052471177  0.0270277188  0.052354196 0.019388028  0.0057715492  0.052669657 0.054878058 0.094867496 0.088158963
[4,] -0.006194852  0.0005366595  0.003618580 0.002570839 -0.0007055602  0.001288167 0.007560258 0.010403924 0.005276743
[5,]  0.002164478  0.0104920249 -0.014008763 0.035934389 -0.0123615804 -0.007509121 0.013575401 0.009749211 0.040534243
            [,10]         [,11]        [,12]         [,13]
[1,] -0.007449417 -0.0002432502  0.003248040  0.0008059122
[2,] -0.306636507 -0.0573026739  0.071359925 -0.0081444495
[3,] -0.049600306  0.0469922983  0.016205545 -0.0675945272
[4,] -0.006620263 -0.0020122510 -0.002740923 -0.0139744623
[5,]  0.024472333 -0.1082504729  0.013023366 -0.1099398858

, , 4

           [,1]         [,2]         [,3]          [,4]         [,5]         [,6]          [,7]        [,8]         [,9]
[1,] 0.00000000 -0.001424767 -0.005721331 -0.0023429283 -0.005887652 -0.001253550  0.0007867993 -0.01579602 -0.005281588
[2,] 0.00000000 -0.040780143 -0.003718785 -0.0062918758 -0.042416356  0.123557690 -0.0537351628 -0.11970629 -0.070003022
[3,] 0.00000000 -0.061723354 -0.083678499 -0.1197518120 -0.083780625  0.084948882 -0.1037807883 -0.08932192 -0.145955834
[4,] 0.01797513  0.006990814 -0.012794615  0.0007141179 -0.003792898  0.001713378  0.0039466559 -0.03015528 -0.003284388
[5,] 0.02287701  0.020521749 -0.053031414 -0.0034235831  0.016903206 -0.024256713  0.0105772994 -0.02022567 -0.032257810
           [,10]      [,11]      [,12]      [,13]
[1,]  0.05316718 0.03433990 0.01235520 0.02975391
[2,]  1.95869758 1.64165967 1.11696820 1.33295693
[3,]  0.64985385 0.36392483 0.23992195 0.57069104
[4,]  0.03658132 0.03047749 0.04010979 0.06387391
[5,] -0.22964919 0.24058416 0.10650694 0.38583151

, , 5

           [,1]          [,2]         [,3]        [,4]          [,5]          [,6]          [,7]         [,8]          [,9]
[1,] 0.00000000 -0.0030042263 -0.001168902  0.00103160 -0.0018920142  0.0002328213  1.792452e-07 -0.001938525 -0.0025885702
[2,] 0.00000000 -0.0168901575  0.014341337 -0.04970944 -0.0982958992 -0.1114302268 -1.058855e-01 -0.055502056 -0.0644955197
[3,] 0.00000000  0.0235978581  0.047644927 -0.01924323 -0.0366443007 -0.0473877828 -2.790043e-02 -0.016999975 -0.0114163568
[4,] 0.00000000  0.0009986399  0.003746353 -0.00114890 -0.0006675793  0.0037790092 -2.664278e-03 -0.002946623  0.0009435102
[5,] 0.04488354 -0.0185308551 -0.010086436  0.02170247 -0.0020737566  0.0290368303 -1.043319e-02 -0.026718389  0.0221267835
            [,10]        [,11]       [,12]        [,13]
[1,] -0.010407887  0.001752704 0.008055398  0.005788918
[2,] -0.451742009 -0.047360446 0.202654367  0.228078414
[3,] -0.186804404  0.099040047 0.127487867  0.061124880
[4,] -0.006153357  0.001900841 0.012972489 -0.011776521
[5,]  0.041217914 -0.102939374 0.024007079 -0.152326969


$irf_lin_low
, , 1

              [,1]         [,2]         [,3]          [,4]         [,5]          [,6]         [,7]        [,8]         [,9]
[1,]  5.051098e-03 -0.001586338 -0.003073287 -0.0002874881 -0.002300065 -0.0009955182 -0.001135156 -0.01483933 -0.005247659
[2,]  2.330452e-02  0.014715679  0.042695057  0.0058218547 -0.036665697 -0.0177594356 -0.160568538 -0.16876195 -0.117721008
[3,] -4.362899e-05 -0.016252141  0.019572694 -0.0301668636 -0.018409969  0.0124400701 -0.106789725 -0.10614984 -0.119826577
[4,]  1.104812e-02 -0.003940016 -0.009272976 -0.0106624371 -0.019413400 -0.0006589068 -0.004125794 -0.01565691 -0.004045243
[5,]  2.454027e-02 -0.013284167 -0.036548536 -0.0244385403 -0.039567865 -0.0591367624  0.003887837 -0.04504395 -0.078599643
           [,10]        [,11]       [,12]       [,13]
[1,] -0.01647027 -0.008808581 -0.01802294 -0.01265002
[2,] -0.57392496 -0.378173070 -0.55930029 -0.43134053
[3,] -0.30796719 -0.198080191 -0.23095142 -0.06316892
[4,] -0.02764148 -0.020896131 -0.02035087 -0.02424000
[5,] -0.07233400 -0.048899794 -0.02162753 -0.11583165

, , 2

             [,1]          [,2]         [,3]          [,4]         [,5]         [,6]          [,7]         [,8]
[1,]  0.000000000 -0.0006940893 -0.002351253 -0.0006052421  0.001807981 -0.001911157 -0.0044308099 -0.006736299
[2,]  0.062598079  0.0257741542 -0.011464080  0.0119583374  0.065661723  0.070100186 -0.0082185931 -0.058140303
[3,]  0.009599670 -0.0293894531 -0.025222318 -0.0135119578  0.015941183 -0.003428907 -0.0448465783 -0.090603556
[4,]  0.007585399 -0.0042963012 -0.008484662 -0.0041534541 -0.008306637 -0.012710684 -0.0065315006 -0.002183447
[5,] -0.023886078  0.0063057028 -0.012128829 -0.0270688171 -0.040090574 -0.067796946 -0.0001675401 -0.049898531
              [,9]        [,10]       [,11]       [,12]        [,13]
[1,] -0.0003418727 -0.009253752 -0.01033297 -0.01110337 -0.012785227
[2,]  0.0071220792 -0.173663921 -0.25759471 -0.36803563 -0.413583016
[3,] -0.0785239653 -0.161418545 -0.20046396 -0.17848401 -0.132811689
[4,] -0.0044995235 -0.011744440 -0.01546231 -0.01759395 -0.008270063
[5,] -0.0581037485 -0.073944842  0.03485230 -0.05255110  0.010049282

, , 3

             [,1]          [,2]         [,3]          [,4]         [,5]          [,6]        [,7]        [,8]        [,9]
[1,]  0.000000000  0.0027341989  0.002611052  0.0011722025 -0.002877002  0.0023863425 0.003093753 0.005656600 0.002734811
[2,]  0.000000000 -0.0144402114 -0.005669827  0.0169663888 -0.043530235 -0.0174841194 0.044581797 0.009415576 0.013609069
[3,]  0.052471177  0.0244530576  0.041869326  0.0069909282 -0.007004035  0.0301539574 0.034138734 0.065927794 0.057566398
[4,] -0.006194852 -0.0009685866  0.002669266 -0.0007305409 -0.004449085 -0.0004187334 0.005859486 0.010486193 0.005356966
[5,]  0.002164478  0.0048322261 -0.017608785  0.0283447337 -0.024969867 -0.0126122446 0.008396754 0.008860483 0.034978050
            [,10]         [,11]        [,12]        [,13]
[1,] -0.007750779  0.0003635210  0.004563568  0.001574095
[2,] -0.301322631 -0.0337873560  0.104827275  0.029617953
[3,] -0.034442638  0.0596397418  0.034880255 -0.054226379
[4,] -0.005834121  0.0004344414 -0.000256471 -0.010935971
[5,]  0.027771946 -0.1070036867  0.015706758 -0.099925257

, , 4

           [,1]          [,2]         [,3]         [,4]        [,5]         [,6]         [,7]        [,8]         [,9]
[1,] 0.00000000 -0.0035836627 -0.009195513 -0.006559609 -0.01088977 -0.007120293 -0.005194398 -0.02263369 -0.011295381
[2,] 0.00000000 -0.0717504596 -0.047633331 -0.063263321 -0.12653658 -0.005161822 -0.196594790 -0.28466835 -0.234104583
[3,] 0.00000000 -0.0833719174 -0.123293394 -0.176076400 -0.15111021  0.011954266 -0.174595270 -0.17406763 -0.237382466
[4,] 0.01797513 -0.0006732461 -0.024187629 -0.010192351 -0.01438239 -0.009201133 -0.005912910 -0.03404873 -0.009874854
[5,] 0.02287701 -0.0028820634 -0.084807825 -0.029040632 -0.01847017 -0.065593625 -0.017641374 -0.04817234 -0.072837381
           [,10]      [,11]        [,12]      [,13]
[1,]  0.04132485 0.02671319 0.0008436895 0.02295735
[2,]  1.55845613 1.47721108 0.8339224173 0.97769179
[3,]  0.42877417 0.23758875 0.0759147541 0.43718429
[4,]  0.02154026 0.01462247 0.0232164551 0.03932295
[5,] -0.30975981 0.20059594 0.0123303304 0.32914293

, , 5

           [,1]         [,2]          [,3]         [,4]         [,5]          [,6]         [,7]         [,8]          [,9]
[1,] 0.00000000 -0.004162711 -2.200484e-03 -0.001040001 -0.004584100 -2.135416e-03 -0.001671262 -0.004433792 -0.0044538649
[2,] 0.00000000 -0.028771315 -4.674947e-03 -0.073222700 -0.130326815 -1.618305e-01 -0.157129324 -0.126895525 -0.1347305503
[3,] 0.00000000  0.013976033  2.801235e-02 -0.041824787 -0.065702730 -7.393344e-02 -0.050245513 -0.050340594 -0.0426259744
[4,] 0.00000000 -0.002486858  5.331882e-05 -0.005680212 -0.006260403  9.109102e-05 -0.006935670 -0.004131884 -0.0007186315
[5,] 0.04488354 -0.030534564 -1.832109e-02  0.007847472 -0.014513077  1.214345e-02 -0.025316305 -0.035475754  0.0136418108
            [,10]         [,11]        [,12]        [,13]
[1,] -0.012925699 -6.137926e-05  0.004517829  0.004201121
[2,] -0.531085594 -7.893309e-02  0.111214679  0.128474160
[3,] -0.226678697  6.584856e-02  0.075782228  0.026824552
[4,] -0.008838422 -1.282506e-03  0.008633855 -0.018764790
[5,]  0.028611710 -1.158803e-01 -0.007969014 -0.167367865


$irf_lin_up
, , 1

              [,1]        [,2]        [,3]       [,4]       [,5]       [,6]       [,7]         [,8]       [,9]      [,10]
[1,]  5.051098e-03 0.004302789 0.005104219 0.01043580 0.01042615 0.01382188 0.01413471  0.003021872 0.01057460 0.01401845
[2,]  2.330452e-02 0.094392953 0.161913352 0.16455737 0.17469022 0.28991990 0.20894502  0.270278935 0.31777025 0.40872917
[3,] -4.362899e-05 0.040286399 0.114875035 0.11498731 0.16041566 0.18352346 0.07782332  0.101187800 0.11741316 0.19818434
[4,]  1.104812e-02 0.016264917 0.018847595 0.01890276 0.01123159 0.02687951 0.02550096 -0.004549068 0.01723748 0.01247082
[5,]  2.454027e-02 0.043284534 0.036937532 0.04694059 0.06229258 0.05361162 0.08594691  0.027833971 0.01684113 0.12300816
           [,11]      [,12]        [,13]
[1,] 0.007890657 0.01001492  0.004200807
[2,] 0.004474879 0.10080054  0.388951042
[3,] 0.065928568 0.16261024  0.264856573
[4,] 0.016151804 0.02051602  0.028986090
[5,] 0.047026018 0.19959449 -0.005869165

, , 2

             [,1]         [,2]        [,3]        [,4]        [,5]        [,6]        [,7]        [,8]        [,9]
[1,]  0.000000000  0.002617856 0.002861921 0.005025666 0.008935079 0.006270326 0.006688555 0.003970437 0.009510490
[2,]  0.062598079  0.071466706 0.054490976 0.117420562 0.189459938 0.244311329 0.218735433 0.228581457 0.282736499
[3,]  0.009599670 -0.000859280 0.029939522 0.075621757 0.106109178 0.105943201 0.083563863 0.039359939 0.090252177
[4,]  0.007585399  0.007427096 0.010807462 0.014688532 0.008049842 0.007241679 0.009144943 0.003895818 0.004811486
[5,] -0.023886078  0.037895604 0.041314915 0.008553452 0.031679741 0.004359179 0.052383307 0.003490844 0.013945261
          [,10]         [,11]        [,12]        [,13]
[1,] 0.01001452  0.0005412115  0.004258675 -0.003071486
[2,] 0.46784535  0.0212987429 -0.017197438  0.050461767
[3,] 0.17117579 -0.0003458363  0.035098691  0.053235609
[4,] 0.01797462  0.0083807953  0.006439551  0.022377950
[5,] 0.07927577  0.0935422914  0.067849173  0.077481933

, , 3

             [,1]         [,2]         [,3]        [,4]          [,5]         [,6]        [,7]        [,8]        [,9]
[1,]  0.000000000  0.003796182  0.003298136 0.003414260  0.0006703344  0.005753391 0.006029156 0.009442364 0.006443908
[2,]  0.000000000 -0.004937707  0.010951699 0.047560874 -0.0090830598  0.066666718 0.136287372 0.158597184 0.161673855
[3,]  0.052471177  0.029602380  0.062839066 0.031785127  0.0185471333  0.075185358 0.075617383 0.123807198 0.118751528
[4,] -0.006194852  0.002041906  0.004567894 0.005872219  0.0030379649  0.002995067 0.009261030 0.010321655 0.005196519
[5,]  0.002164478  0.016151824 -0.010408740 0.043524044  0.0002467060 -0.002405997 0.018754049 0.010637938 0.046090435
            [,10]         [,11]        [,12]         [,13]
[1,] -0.007148055 -0.0008500215  0.001932511  3.772985e-05
[2,] -0.311950384 -0.0808179918  0.037892575 -4.590685e-02
[3,] -0.064757975  0.0343448547 -0.002469165 -8.096268e-02
[4,] -0.007406404 -0.0044589435 -0.005225375 -1.701295e-02
[5,]  0.021172719 -0.1094972591  0.010339974 -1.199545e-01

, , 4

           [,1]         [,2]        [,3]         [,4]          [,5]        [,6]         [,7]         [,8]          [,9]
[1,] 0.00000000  0.000734129 -0.00224715  0.001873753 -0.0008855336 0.004613192  0.006767996 -0.008958339  0.0007322048
[2,] 0.00000000 -0.009809826  0.04019576  0.050679570  0.0417038730 0.252277202  0.089124464  0.045255772  0.0940985395
[3,] 0.00000000 -0.040074791 -0.04406361 -0.063427224 -0.0164510442 0.157943499 -0.032966307 -0.004576208 -0.0545292021
[4,] 0.01797513  0.014654874 -0.00140160  0.011620587  0.0067965907 0.012627889  0.013806222 -0.026261836  0.0033060776
[5,] 0.02287701  0.043925562 -0.02125500  0.022193466  0.0522765839 0.017080199  0.038795973  0.007720998  0.0083217599
           [,10]     [,11]      [,12]      [,13]
[1,]  0.06500951 0.0419666 0.02386670 0.03655048
[2,]  2.35893904 1.8061083 1.40001399 1.68822207
[3,]  0.87093354 0.4902609 0.40392915 0.70419780
[4,]  0.05162237 0.0463325 0.05700312 0.08842486
[5,] -0.14953856 0.2805724 0.20068354 0.44252009

, , 5

           [,1]         [,2]          [,3]         [,4]         [,5]         [,6]         [,7]         [,8]          [,9]
[1,] 0.00000000 -0.001845742 -0.0001373211  0.003103202  0.000800072  0.002601058  0.001671620  0.000556742 -0.0007232755
[2,] 0.00000000 -0.005009000  0.0333576215 -0.026196181 -0.066264984 -0.061029939 -0.054641659  0.015891414  0.0057395109
[3,] 0.00000000  0.033219683  0.0672775041  0.003338320 -0.007585871 -0.020842128 -0.005555345  0.016340644  0.0197932608
[4,] 0.00000000  0.004484137  0.0074393874  0.003382411  0.004925245  0.007466927  0.001607115 -0.001761363  0.0026056518
[5,] 0.04488354 -0.006527146 -0.0018517837  0.035557466  0.010365564  0.045930207  0.004449929 -0.017961024  0.0306117562
            [,10]        [,11]      [,12]        [,13]
[1,] -0.007890075  0.003566787 0.01159297  0.007376715
[2,] -0.372398423 -0.015787799 0.29409405  0.327682668
[3,] -0.146930111  0.132231532 0.17919351  0.095425207
[4,] -0.003468292  0.005084189 0.01731112 -0.004788252
[5,]  0.053824118 -0.089998423 0.05598317 -0.137286074


$diagnostic_list
$diagnostic_list$`Shock: supply_chain`
$diagnostic_list$`Shock: supply_chain`[[1]]
                               R-sqrd. Adj. R-sqrd.     F-stat      p-value
h1:supply_chain              0.9768122    0.9036813  13.357049 6.360157e-06
h1:inflation_expectations_1y 0.9981856    0.9924632 174.434298 5.875833e-13
h1:inflation_expectations_3y 0.9894264    0.9560788  29.670104 4.788558e-08
h1:inflation                 0.8197868    0.2514220   1.442360 2.417435e-01
h1:economic_activity         0.8577858    0.4092641   1.912474 1.030531e-01

$diagnostic_list$`Shock: supply_chain`[[2]]
                               R-sqrd. Adj. R-sqrd.     F-stat      p-value
h2:supply_chain              0.9522531   0.78911783  5.8371995 1.068355e-03
h2:inflation_expectations_1y 0.9962928   0.98362647 78.6568805 4.933621e-10
h2:inflation_expectations_3y 0.9781744   0.90360356 13.1173857 1.514569e-05
h2:inflation                 0.7128801  -0.26811295  0.7266923 7.836498e-01
h2:economic_activity         0.7877473   0.06255073  1.0862535 4.642581e-01

$diagnostic_list$`Shock: supply_chain`[[3]]
                               R-sqrd. Adj. R-sqrd.     F-stat      p-value
h3:supply_chain              0.9255573   0.64808926  3.3357254 1.785684e-02
h3:inflation_expectations_1y 0.9935886   0.96969135 41.5775992 7.776370e-08
h3:inflation_expectations_3y 0.9553117   0.78874644  5.7353584 1.783269e-03
h3:inflation                 0.6321604  -0.73887798  0.4610815 9.638208e-01
h3:economic_activity         0.7979653   0.04492693  1.0596609 4.897808e-01

$diagnostic_list$`Shock: supply_chain`[[4]]
                               R-sqrd. Adj. R-sqrd.     F-stat      p-value
h4:supply_chain              0.9081959    0.5317990  2.4128674 6.832562e-02
h4:inflation_expectations_1y 0.9860026    0.9286134 17.1809757 2.035221e-05
h4:inflation_expectations_3y 0.9287737    0.6367458  3.1804282 2.703980e-02
h4:inflation                 0.6961060   -0.5498592  0.5586882 9.066422e-01
h4:economic_activity         0.6632046   -0.7176564  0.4802834 9.512322e-01

$diagnostic_list$`Shock: supply_chain`[[5]]
                               R-sqrd. Adj. R-sqrd.    F-stat      p-value
h5:supply_chain              0.8863305    0.3685026 1.7116313 0.1978236050
h5:inflation_expectations_1y 0.9767954    0.8710858 9.2403621 0.0006679288
h5:inflation_expectations_3y 0.9453878    0.6965990 3.7999608 0.0189594736
h5:inflation                 0.7859920   -0.1889334 0.8062073 0.7018402633
h5:economic_activity         0.7660672   -0.2996265 0.7188437 0.7762733335

$diagnostic_list$`Shock: supply_chain`[[6]]
                               R-sqrd. Adj. R-sqrd.   F-stat     p-value
h6:supply_chain              0.8775461    0.2499698 1.398310 0.323205709
h6:inflation_expectations_1y 0.9672027    0.7991167 5.754214 0.006727644
h6:inflation_expectations_3y 0.9319206    0.5830138 2.670972 0.071881881
h6:inflation                 0.8952885    0.3586423 1.668303 0.227302599
h6:economic_activity         0.8703881    0.2061274 1.310311 0.363430065

$diagnostic_list$`Shock: supply_chain`[[7]]
                               R-sqrd. Adj. R-sqrd.   F-stat     p-value
h7:supply_chain              0.8636674   0.06514819 1.081586 0.502153401
h7:inflation_expectations_1y 0.9520274   0.67104531 3.388213 0.048062799
h7:inflation_expectations_3y 0.9016066   0.32530219 1.564462 0.279149907
h7:inflation                 0.9785892   0.85318310 7.803362 0.004267226
h7:economic_activity         0.8696601   0.10624068 1.139164 0.467797542

$diagnostic_list$`Shock: supply_chain`[[8]]
                               R-sqrd. Adj. R-sqrd.    F-stat   p-value
h8:supply_chain              0.8299805   -0.3318198 0.7143917 0.7620152
h8:inflation_expectations_1y 0.9371637    0.5077823 2.1825902 0.1650383
h8:inflation_expectations_3y 0.8564181   -0.1247248 0.8728781 0.6461698
h8:inflation                 0.9479962    0.5926368 2.6677112 0.1092561
h8:economic_activity         0.8424267   -0.2343245 0.7823782 0.7114172

$diagnostic_list$`Shock: supply_chain`[[9]]
                               R-sqrd. Adj. R-sqrd.   F-stat    p-value
h9:supply_chain              0.9388757   0.43765669 1.873184 0.25063655
h9:inflation_expectations_1y 0.9680970   0.70649285 3.700617 0.07320637
h9:inflation_expectations_3y 0.9270030   0.32842803 1.548683 0.33375994
h9:inflation                 0.9662835   0.68980800 3.495006 0.08200086
h9:economic_activity         0.8983174   0.06451985 1.077381 0.52727022

$diagnostic_list$`Shock: supply_chain`[[10]]
                                R-sqrd. Adj. R-sqrd.    F-stat    p-value
h10:supply_chain              0.9816189    0.7932124  5.210111 0.05875118
h10:inflation_expectations_1y 0.9922485    0.9127953 12.488465 0.01197639
h10:inflation_expectations_3y 0.9827718    0.8061824  5.565295 0.05237839
h10:inflation                 0.9617327    0.5694927  2.451898 0.19808863
h10:economic_activity         0.9778908    0.7512714  4.315125 0.08105547

$diagnostic_list$`Shock: supply_chain`[[11]]
                                R-sqrd. Adj. R-sqrd.    F-stat   p-value
h11:supply_chain              0.9673873    0.5216809 2.1704584 0.2887770
h11:inflation_expectations_1y 0.9906225    0.8624632 7.7296167 0.0578948
h11:inflation_expectations_3y 0.9739290    0.6176259 2.7334283 0.2219933
h11:inflation                 0.9589242    0.3975555 1.7081895 0.3720014
h11:economic_activity         0.8826155   -0.7216398 0.5501715 0.8409629

$diagnostic_list$`Shock: supply_chain`[[12]]
                                R-sqrd. Adj. R-sqrd.   F-stat   p-value
h12:supply_chain              0.9889275   0.76194182 4.356783 0.2040761
h12:inflation_expectations_1y 0.9893913   0.77191321 4.549384 0.1963890
h12:inflation_expectations_3y 0.9842767   0.66195006 3.053662 0.2773914
h12:inflation                 0.9553014   0.03898023 1.042540 0.6083677
h12:economic_activity         0.9810148   0.59181843 2.520616 0.3249296


$diagnostic_list$`Shock: inflation_expectations_1y`
$diagnostic_list$`Shock: inflation_expectations_1y`[[1]]
                               R-sqrd. Adj. R-sqrd.     F-stat      p-value
h1:supply_chain              0.9768122    0.9036813  13.357049 6.360157e-06
h1:inflation_expectations_1y 0.9981856    0.9924632 174.434298 5.875833e-13
h1:inflation_expectations_3y 0.9894264    0.9560788  29.670104 4.788558e-08
h1:inflation                 0.8197868    0.2514220   1.442360 2.417435e-01
h1:economic_activity         0.8577858    0.4092641   1.912474 1.030531e-01

$diagnostic_list$`Shock: inflation_expectations_1y`[[2]]
                               R-sqrd. Adj. R-sqrd.     F-stat      p-value
h2:supply_chain              0.9522531   0.78911783  5.8371995 1.068355e-03
h2:inflation_expectations_1y 0.9962928   0.98362647 78.6568805 4.933621e-10
h2:inflation_expectations_3y 0.9781744   0.90360356 13.1173857 1.514569e-05
h2:inflation                 0.7128801  -0.26811295  0.7266923 7.836498e-01
h2:economic_activity         0.7877473   0.06255073  1.0862535 4.642581e-01

$diagnostic_list$`Shock: inflation_expectations_1y`[[3]]
                               R-sqrd. Adj. R-sqrd.     F-stat      p-value
h3:supply_chain              0.9255573   0.64808926  3.3357254 1.785684e-02
h3:inflation_expectations_1y 0.9935886   0.96969135 41.5775992 7.776370e-08
h3:inflation_expectations_3y 0.9553117   0.78874644  5.7353584 1.783269e-03
h3:inflation                 0.6321604  -0.73887798  0.4610815 9.638208e-01
h3:economic_activity         0.7979653   0.04492693  1.0596609 4.897808e-01

$diagnostic_list$`Shock: inflation_expectations_1y`[[4]]
                               R-sqrd. Adj. R-sqrd.     F-stat      p-value
h4:supply_chain              0.9081959    0.5317990  2.4128674 6.832562e-02
h4:inflation_expectations_1y 0.9860026    0.9286134 17.1809757 2.035221e-05
h4:inflation_expectations_3y 0.9287737    0.6367458  3.1804282 2.703980e-02
h4:inflation                 0.6961060   -0.5498592  0.5586882 9.066422e-01
h4:economic_activity         0.6632046   -0.7176564  0.4802834 9.512322e-01

$diagnostic_list$`Shock: inflation_expectations_1y`[[5]]
                               R-sqrd. Adj. R-sqrd.    F-stat      p-value
h5:supply_chain              0.8863305    0.3685026 1.7116313 0.1978236050
h5:inflation_expectations_1y 0.9767954    0.8710858 9.2403621 0.0006679288
h5:inflation_expectations_3y 0.9453878    0.6965990 3.7999608 0.0189594736
h5:inflation                 0.7859920   -0.1889334 0.8062073 0.7018402633
h5:economic_activity         0.7660672   -0.2996265 0.7188437 0.7762733335

$diagnostic_list$`Shock: inflation_expectations_1y`[[6]]
                               R-sqrd. Adj. R-sqrd.   F-stat     p-value
h6:supply_chain              0.8775461    0.2499698 1.398310 0.323205709
h6:inflation_expectations_1y 0.9672027    0.7991167 5.754214 0.006727644
h6:inflation_expectations_3y 0.9319206    0.5830138 2.670972 0.071881881
h6:inflation                 0.8952885    0.3586423 1.668303 0.227302599
h6:economic_activity         0.8703881    0.2061274 1.310311 0.363430065

$diagnostic_list$`Shock: inflation_expectations_1y`[[7]]
                               R-sqrd. Adj. R-sqrd.   F-stat     p-value
h7:supply_chain              0.8636674   0.06514819 1.081586 0.502153401
h7:inflation_expectations_1y 0.9520274   0.67104531 3.388213 0.048062799
h7:inflation_expectations_3y 0.9016066   0.32530219 1.564462 0.279149907
h7:inflation                 0.9785892   0.85318310 7.803362 0.004267226
h7:economic_activity         0.8696601   0.10624068 1.139164 0.467797542

$diagnostic_list$`Shock: inflation_expectations_1y`[[8]]
                               R-sqrd. Adj. R-sqrd.    F-stat   p-value
h8:supply_chain              0.8299805   -0.3318198 0.7143917 0.7620152
h8:inflation_expectations_1y 0.9371637    0.5077823 2.1825902 0.1650383
h8:inflation_expectations_3y 0.8564181   -0.1247248 0.8728781 0.6461698
h8:inflation                 0.9479962    0.5926368 2.6677112 0.1092561
h8:economic_activity         0.8424267   -0.2343245 0.7823782 0.7114172

$diagnostic_list$`Shock: inflation_expectations_1y`[[9]]
                               R-sqrd. Adj. R-sqrd.   F-stat    p-value
h9:supply_chain              0.9388757   0.43765669 1.873184 0.25063655
h9:inflation_expectations_1y 0.9680970   0.70649285 3.700617 0.07320637
h9:inflation_expectations_3y 0.9270030   0.32842803 1.548683 0.33375994
h9:inflation                 0.9662835   0.68980800 3.495006 0.08200086
h9:economic_activity         0.8983174   0.06451985 1.077381 0.52727022

$diagnostic_list$`Shock: inflation_expectations_1y`[[10]]
                                R-sqrd. Adj. R-sqrd.    F-stat    p-value
h10:supply_chain              0.9816189    0.7932124  5.210111 0.05875118
h10:inflation_expectations_1y 0.9922485    0.9127953 12.488465 0.01197639
h10:inflation_expectations_3y 0.9827718    0.8061824  5.565295 0.05237839
h10:inflation                 0.9617327    0.5694927  2.451898 0.19808863
h10:economic_activity         0.9778908    0.7512714  4.315125 0.08105547

$diagnostic_list$`Shock: inflation_expectations_1y`[[11]]
                                R-sqrd. Adj. R-sqrd.    F-stat   p-value
h11:supply_chain              0.9673873    0.5216809 2.1704584 0.2887770
h11:inflation_expectations_1y 0.9906225    0.8624632 7.7296167 0.0578948
h11:inflation_expectations_3y 0.9739290    0.6176259 2.7334283 0.2219933
h11:inflation                 0.9589242    0.3975555 1.7081895 0.3720014
h11:economic_activity         0.8826155   -0.7216398 0.5501715 0.8409629

$diagnostic_list$`Shock: inflation_expectations_1y`[[12]]
                                R-sqrd. Adj. R-sqrd.   F-stat   p-value
h12:supply_chain              0.9889275   0.76194182 4.356783 0.2040761
h12:inflation_expectations_1y 0.9893913   0.77191321 4.549384 0.1963890
h12:inflation_expectations_3y 0.9842767   0.66195006 3.053662 0.2773914
h12:inflation                 0.9553014   0.03898023 1.042540 0.6083677
h12:economic_activity         0.9810148   0.59181843 2.520616 0.3249296


$diagnostic_list$`Shock: inflation_expectations_3y`
$diagnostic_list$`Shock: inflation_expectations_3y`[[1]]
                               R-sqrd. Adj. R-sqrd.     F-stat      p-value
h1:supply_chain              0.9768122    0.9036813  13.357049 6.360157e-06
h1:inflation_expectations_1y 0.9981856    0.9924632 174.434298 5.875833e-13
h1:inflation_expectations_3y 0.9894264    0.9560788  29.670104 4.788558e-08
h1:inflation                 0.8197868    0.2514220   1.442360 2.417435e-01
h1:economic_activity         0.8577858    0.4092641   1.912474 1.030531e-01

$diagnostic_list$`Shock: inflation_expectations_3y`[[2]]
                               R-sqrd. Adj. R-sqrd.     F-stat      p-value
h2:supply_chain              0.9522531   0.78911783  5.8371995 1.068355e-03
h2:inflation_expectations_1y 0.9962928   0.98362647 78.6568805 4.933621e-10
h2:inflation_expectations_3y 0.9781744   0.90360356 13.1173857 1.514569e-05
h2:inflation                 0.7128801  -0.26811295  0.7266923 7.836498e-01
h2:economic_activity         0.7877473   0.06255073  1.0862535 4.642581e-01

$diagnostic_list$`Shock: inflation_expectations_3y`[[3]]
                               R-sqrd. Adj. R-sqrd.     F-stat      p-value
h3:supply_chain              0.9255573   0.64808926  3.3357254 1.785684e-02
h3:inflation_expectations_1y 0.9935886   0.96969135 41.5775992 7.776370e-08
h3:inflation_expectations_3y 0.9553117   0.78874644  5.7353584 1.783269e-03
h3:inflation                 0.6321604  -0.73887798  0.4610815 9.638208e-01
h3:economic_activity         0.7979653   0.04492693  1.0596609 4.897808e-01

$diagnostic_list$`Shock: inflation_expectations_3y`[[4]]
                               R-sqrd. Adj. R-sqrd.     F-stat      p-value
h4:supply_chain              0.9081959    0.5317990  2.4128674 6.832562e-02
h4:inflation_expectations_1y 0.9860026    0.9286134 17.1809757 2.035221e-05
h4:inflation_expectations_3y 0.9287737    0.6367458  3.1804282 2.703980e-02
h4:inflation                 0.6961060   -0.5498592  0.5586882 9.066422e-01
h4:economic_activity         0.6632046   -0.7176564  0.4802834 9.512322e-01

$diagnostic_list$`Shock: inflation_expectations_3y`[[5]]
                               R-sqrd. Adj. R-sqrd.    F-stat      p-value
h5:supply_chain              0.8863305    0.3685026 1.7116313 0.1978236050
h5:inflation_expectations_1y 0.9767954    0.8710858 9.2403621 0.0006679288
h5:inflation_expectations_3y 0.9453878    0.6965990 3.7999608 0.0189594736
h5:inflation                 0.7859920   -0.1889334 0.8062073 0.7018402633
h5:economic_activity         0.7660672   -0.2996265 0.7188437 0.7762733335

$diagnostic_list$`Shock: inflation_expectations_3y`[[6]]
                               R-sqrd. Adj. R-sqrd.   F-stat     p-value
h6:supply_chain              0.8775461    0.2499698 1.398310 0.323205709
h6:inflation_expectations_1y 0.9672027    0.7991167 5.754214 0.006727644
h6:inflation_expectations_3y 0.9319206    0.5830138 2.670972 0.071881881
h6:inflation                 0.8952885    0.3586423 1.668303 0.227302599
h6:economic_activity         0.8703881    0.2061274 1.310311 0.363430065

$diagnostic_list$`Shock: inflation_expectations_3y`[[7]]
                               R-sqrd. Adj. R-sqrd.   F-stat     p-value
h7:supply_chain              0.8636674   0.06514819 1.081586 0.502153401
h7:inflation_expectations_1y 0.9520274   0.67104531 3.388213 0.048062799
h7:inflation_expectations_3y 0.9016066   0.32530219 1.564462 0.279149907
h7:inflation                 0.9785892   0.85318310 7.803362 0.004267226
h7:economic_activity         0.8696601   0.10624068 1.139164 0.467797542

$diagnostic_list$`Shock: inflation_expectations_3y`[[8]]
                               R-sqrd. Adj. R-sqrd.    F-stat   p-value
h8:supply_chain              0.8299805   -0.3318198 0.7143917 0.7620152
h8:inflation_expectations_1y 0.9371637    0.5077823 2.1825902 0.1650383
h8:inflation_expectations_3y 0.8564181   -0.1247248 0.8728781 0.6461698
h8:inflation                 0.9479962    0.5926368 2.6677112 0.1092561
h8:economic_activity         0.8424267   -0.2343245 0.7823782 0.7114172

$diagnostic_list$`Shock: inflation_expectations_3y`[[9]]
                               R-sqrd. Adj. R-sqrd.   F-stat    p-value
h9:supply_chain              0.9388757   0.43765669 1.873184 0.25063655
h9:inflation_expectations_1y 0.9680970   0.70649285 3.700617 0.07320637
h9:inflation_expectations_3y 0.9270030   0.32842803 1.548683 0.33375994
h9:inflation                 0.9662835   0.68980800 3.495006 0.08200086
h9:economic_activity         0.8983174   0.06451985 1.077381 0.52727022

$diagnostic_list$`Shock: inflation_expectations_3y`[[10]]
                                R-sqrd. Adj. R-sqrd.    F-stat    p-value
h10:supply_chain              0.9816189    0.7932124  5.210111 0.05875118
h10:inflation_expectations_1y 0.9922485    0.9127953 12.488465 0.01197639
h10:inflation_expectations_3y 0.9827718    0.8061824  5.565295 0.05237839
h10:inflation                 0.9617327    0.5694927  2.451898 0.19808863
h10:economic_activity         0.9778908    0.7512714  4.315125 0.08105547

$diagnostic_list$`Shock: inflation_expectations_3y`[[11]]
                                R-sqrd. Adj. R-sqrd.    F-stat   p-value
h11:supply_chain              0.9673873    0.5216809 2.1704584 0.2887770
h11:inflation_expectations_1y 0.9906225    0.8624632 7.7296167 0.0578948
h11:inflation_expectations_3y 0.9739290    0.6176259 2.7334283 0.2219933
h11:inflation                 0.9589242    0.3975555 1.7081895 0.3720014
h11:economic_activity         0.8826155   -0.7216398 0.5501715 0.8409629

$diagnostic_list$`Shock: inflation_expectations_3y`[[12]]
                                R-sqrd. Adj. R-sqrd.   F-stat   p-value
h12:supply_chain              0.9889275   0.76194182 4.356783 0.2040761
h12:inflation_expectations_1y 0.9893913   0.77191321 4.549384 0.1963890
h12:inflation_expectations_3y 0.9842767   0.66195006 3.053662 0.2773914
h12:inflation                 0.9553014   0.03898023 1.042540 0.6083677
h12:economic_activity         0.9810148   0.59181843 2.520616 0.3249296


$diagnostic_list$`Shock: inflation`
$diagnostic_list$`Shock: inflation`[[1]]
                               R-sqrd. Adj. R-sqrd.     F-stat      p-value
h1:supply_chain              0.9768122    0.9036813  13.357049 6.360157e-06
h1:inflation_expectations_1y 0.9981856    0.9924632 174.434298 5.875833e-13
h1:inflation_expectations_3y 0.9894264    0.9560788  29.670104 4.788558e-08
h1:inflation                 0.8197868    0.2514220   1.442360 2.417435e-01
h1:economic_activity         0.8577858    0.4092641   1.912474 1.030531e-01

$diagnostic_list$`Shock: inflation`[[2]]
                               R-sqrd. Adj. R-sqrd.     F-stat      p-value
h2:supply_chain              0.9522531   0.78911783  5.8371995 1.068355e-03
h2:inflation_expectations_1y 0.9962928   0.98362647 78.6568805 4.933621e-10
h2:inflation_expectations_3y 0.9781744   0.90360356 13.1173857 1.514569e-05
h2:inflation                 0.7128801  -0.26811295  0.7266923 7.836498e-01
h2:economic_activity         0.7877473   0.06255073  1.0862535 4.642581e-01

$diagnostic_list$`Shock: inflation`[[3]]
                               R-sqrd. Adj. R-sqrd.     F-stat      p-value
h3:supply_chain              0.9255573   0.64808926  3.3357254 1.785684e-02
h3:inflation_expectations_1y 0.9935886   0.96969135 41.5775992 7.776370e-08
h3:inflation_expectations_3y 0.9553117   0.78874644  5.7353584 1.783269e-03
h3:inflation                 0.6321604  -0.73887798  0.4610815 9.638208e-01
h3:economic_activity         0.7979653   0.04492693  1.0596609 4.897808e-01

$diagnostic_list$`Shock: inflation`[[4]]
                               R-sqrd. Adj. R-sqrd.     F-stat      p-value
h4:supply_chain              0.9081959    0.5317990  2.4128674 6.832562e-02
h4:inflation_expectations_1y 0.9860026    0.9286134 17.1809757 2.035221e-05
h4:inflation_expectations_3y 0.9287737    0.6367458  3.1804282 2.703980e-02
h4:inflation                 0.6961060   -0.5498592  0.5586882 9.066422e-01
h4:economic_activity         0.6632046   -0.7176564  0.4802834 9.512322e-01

$diagnostic_list$`Shock: inflation`[[5]]
                               R-sqrd. Adj. R-sqrd.    F-stat      p-value
h5:supply_chain              0.8863305    0.3685026 1.7116313 0.1978236050
h5:inflation_expectations_1y 0.9767954    0.8710858 9.2403621 0.0006679288
h5:inflation_expectations_3y 0.9453878    0.6965990 3.7999608 0.0189594736
h5:inflation                 0.7859920   -0.1889334 0.8062073 0.7018402633
h5:economic_activity         0.7660672   -0.2996265 0.7188437 0.7762733335

$diagnostic_list$`Shock: inflation`[[6]]
                               R-sqrd. Adj. R-sqrd.   F-stat     p-value
h6:supply_chain              0.8775461    0.2499698 1.398310 0.323205709
h6:inflation_expectations_1y 0.9672027    0.7991167 5.754214 0.006727644
h6:inflation_expectations_3y 0.9319206    0.5830138 2.670972 0.071881881
h6:inflation                 0.8952885    0.3586423 1.668303 0.227302599
h6:economic_activity         0.8703881    0.2061274 1.310311 0.363430065

$diagnostic_list$`Shock: inflation`[[7]]
                               R-sqrd. Adj. R-sqrd.   F-stat     p-value
h7:supply_chain              0.8636674   0.06514819 1.081586 0.502153401
h7:inflation_expectations_1y 0.9520274   0.67104531 3.388213 0.048062799
h7:inflation_expectations_3y 0.9016066   0.32530219 1.564462 0.279149907
h7:inflation                 0.9785892   0.85318310 7.803362 0.004267226
h7:economic_activity         0.8696601   0.10624068 1.139164 0.467797542

$diagnostic_list$`Shock: inflation`[[8]]
                               R-sqrd. Adj. R-sqrd.    F-stat   p-value
h8:supply_chain              0.8299805   -0.3318198 0.7143917 0.7620152
h8:inflation_expectations_1y 0.9371637    0.5077823 2.1825902 0.1650383
h8:inflation_expectations_3y 0.8564181   -0.1247248 0.8728781 0.6461698
h8:inflation                 0.9479962    0.5926368 2.6677112 0.1092561
h8:economic_activity         0.8424267   -0.2343245 0.7823782 0.7114172

$diagnostic_list$`Shock: inflation`[[9]]
                               R-sqrd. Adj. R-sqrd.   F-stat    p-value
h9:supply_chain              0.9388757   0.43765669 1.873184 0.25063655
h9:inflation_expectations_1y 0.9680970   0.70649285 3.700617 0.07320637
h9:inflation_expectations_3y 0.9270030   0.32842803 1.548683 0.33375994
h9:inflation                 0.9662835   0.68980800 3.495006 0.08200086
h9:economic_activity         0.8983174   0.06451985 1.077381 0.52727022

$diagnostic_list$`Shock: inflation`[[10]]
                                R-sqrd. Adj. R-sqrd.    F-stat    p-value
h10:supply_chain              0.9816189    0.7932124  5.210111 0.05875118
h10:inflation_expectations_1y 0.9922485    0.9127953 12.488465 0.01197639
h10:inflation_expectations_3y 0.9827718    0.8061824  5.565295 0.05237839
h10:inflation                 0.9617327    0.5694927  2.451898 0.19808863
h10:economic_activity         0.9778908    0.7512714  4.315125 0.08105547

$diagnostic_list$`Shock: inflation`[[11]]
                                R-sqrd. Adj. R-sqrd.    F-stat   p-value
h11:supply_chain              0.9673873    0.5216809 2.1704584 0.2887770
h11:inflation_expectations_1y 0.9906225    0.8624632 7.7296167 0.0578948
h11:inflation_expectations_3y 0.9739290    0.6176259 2.7334283 0.2219933
h11:inflation                 0.9589242    0.3975555 1.7081895 0.3720014
h11:economic_activity         0.8826155   -0.7216398 0.5501715 0.8409629

$diagnostic_list$`Shock: inflation`[[12]]
                                R-sqrd. Adj. R-sqrd.   F-stat   p-value
h12:supply_chain              0.9889275   0.76194182 4.356783 0.2040761
h12:inflation_expectations_1y 0.9893913   0.77191321 4.549384 0.1963890
h12:inflation_expectations_3y 0.9842767   0.66195006 3.053662 0.2773914
h12:inflation                 0.9553014   0.03898023 1.042540 0.6083677
h12:economic_activity         0.9810148   0.59181843 2.520616 0.3249296


$diagnostic_list$`Shock: economic_activity`
$diagnostic_list$`Shock: economic_activity`[[1]]
                               R-sqrd. Adj. R-sqrd.     F-stat      p-value
h1:supply_chain              0.9768122    0.9036813  13.357049 6.360157e-06
h1:inflation_expectations_1y 0.9981856    0.9924632 174.434298 5.875833e-13
h1:inflation_expectations_3y 0.9894264    0.9560788  29.670104 4.788558e-08
h1:inflation                 0.8197868    0.2514220   1.442360 2.417435e-01
h1:economic_activity         0.8577858    0.4092641   1.912474 1.030531e-01

$diagnostic_list$`Shock: economic_activity`[[2]]
                               R-sqrd. Adj. R-sqrd.     F-stat      p-value
h2:supply_chain              0.9522531   0.78911783  5.8371995 1.068355e-03
h2:inflation_expectations_1y 0.9962928   0.98362647 78.6568805 4.933621e-10
h2:inflation_expectations_3y 0.9781744   0.90360356 13.1173857 1.514569e-05
h2:inflation                 0.7128801  -0.26811295  0.7266923 7.836498e-01
h2:economic_activity         0.7877473   0.06255073  1.0862535 4.642581e-01

$diagnostic_list$`Shock: economic_activity`[[3]]
                               R-sqrd. Adj. R-sqrd.     F-stat      p-value
h3:supply_chain              0.9255573   0.64808926  3.3357254 1.785684e-02
h3:inflation_expectations_1y 0.9935886   0.96969135 41.5775992 7.776370e-08
h3:inflation_expectations_3y 0.9553117   0.78874644  5.7353584 1.783269e-03
h3:inflation                 0.6321604  -0.73887798  0.4610815 9.638208e-01
h3:economic_activity         0.7979653   0.04492693  1.0596609 4.897808e-01

$diagnostic_list$`Shock: economic_activity`[[4]]
                               R-sqrd. Adj. R-sqrd.     F-stat      p-value
h4:supply_chain              0.9081959    0.5317990  2.4128674 6.832562e-02
h4:inflation_expectations_1y 0.9860026    0.9286134 17.1809757 2.035221e-05
h4:inflation_expectations_3y 0.9287737    0.6367458  3.1804282 2.703980e-02
h4:inflation                 0.6961060   -0.5498592  0.5586882 9.066422e-01
h4:economic_activity         0.6632046   -0.7176564  0.4802834 9.512322e-01

$diagnostic_list$`Shock: economic_activity`[[5]]
                               R-sqrd. Adj. R-sqrd.    F-stat      p-value
h5:supply_chain              0.8863305    0.3685026 1.7116313 0.1978236050
h5:inflation_expectations_1y 0.9767954    0.8710858 9.2403621 0.0006679288
h5:inflation_expectations_3y 0.9453878    0.6965990 3.7999608 0.0189594736
h5:inflation                 0.7859920   -0.1889334 0.8062073 0.7018402633
h5:economic_activity         0.7660672   -0.2996265 0.7188437 0.7762733335

$diagnostic_list$`Shock: economic_activity`[[6]]
                               R-sqrd. Adj. R-sqrd.   F-stat     p-value
h6:supply_chain              0.8775461    0.2499698 1.398310 0.323205709
h6:inflation_expectations_1y 0.9672027    0.7991167 5.754214 0.006727644
h6:inflation_expectations_3y 0.9319206    0.5830138 2.670972 0.071881881
h6:inflation                 0.8952885    0.3586423 1.668303 0.227302599
h6:economic_activity         0.8703881    0.2061274 1.310311 0.363430065

$diagnostic_list$`Shock: economic_activity`[[7]]
                               R-sqrd. Adj. R-sqrd.   F-stat     p-value
h7:supply_chain              0.8636674   0.06514819 1.081586 0.502153401
h7:inflation_expectations_1y 0.9520274   0.67104531 3.388213 0.048062799
h7:inflation_expectations_3y 0.9016066   0.32530219 1.564462 0.279149907
h7:inflation                 0.9785892   0.85318310 7.803362 0.004267226
h7:economic_activity         0.8696601   0.10624068 1.139164 0.467797542

$diagnostic_list$`Shock: economic_activity`[[8]]
                               R-sqrd. Adj. R-sqrd.    F-stat   p-value
h8:supply_chain              0.8299805   -0.3318198 0.7143917 0.7620152
h8:inflation_expectations_1y 0.9371637    0.5077823 2.1825902 0.1650383
h8:inflation_expectations_3y 0.8564181   -0.1247248 0.8728781 0.6461698
h8:inflation                 0.9479962    0.5926368 2.6677112 0.1092561
h8:economic_activity         0.8424267   -0.2343245 0.7823782 0.7114172

$diagnostic_list$`Shock: economic_activity`[[9]]
                               R-sqrd. Adj. R-sqrd.   F-stat    p-value
h9:supply_chain              0.9388757   0.43765669 1.873184 0.25063655
h9:inflation_expectations_1y 0.9680970   0.70649285 3.700617 0.07320637
h9:inflation_expectations_3y 0.9270030   0.32842803 1.548683 0.33375994
h9:inflation                 0.9662835   0.68980800 3.495006 0.08200086
h9:economic_activity         0.8983174   0.06451985 1.077381 0.52727022

$diagnostic_list$`Shock: economic_activity`[[10]]
                                R-sqrd. Adj. R-sqrd.    F-stat    p-value
h10:supply_chain              0.9816189    0.7932124  5.210111 0.05875118
h10:inflation_expectations_1y 0.9922485    0.9127953 12.488465 0.01197639
h10:inflation_expectations_3y 0.9827718    0.8061824  5.565295 0.05237839
h10:inflation                 0.9617327    0.5694927  2.451898 0.19808863
h10:economic_activity         0.9778908    0.7512714  4.315125 0.08105547

$diagnostic_list$`Shock: economic_activity`[[11]]
                                R-sqrd. Adj. R-sqrd.    F-stat   p-value
h11:supply_chain              0.9673873    0.5216809 2.1704584 0.2887770
h11:inflation_expectations_1y 0.9906225    0.8624632 7.7296167 0.0578948
h11:inflation_expectations_3y 0.9739290    0.6176259 2.7334283 0.2219933
h11:inflation                 0.9589242    0.3975555 1.7081895 0.3720014
h11:economic_activity         0.8826155   -0.7216398 0.5501715 0.8409629

$diagnostic_list$`Shock: economic_activity`[[12]]
                                R-sqrd. Adj. R-sqrd.   F-stat   p-value
h12:supply_chain              0.9889275   0.76194182 4.356783 0.2040761
h12:inflation_expectations_1y 0.9893913   0.77191321 4.549384 0.1963890
h12:inflation_expectations_3y 0.9842767   0.66195006 3.053662 0.2773914
h12:inflation                 0.9553014   0.03898023 1.042540 0.6083677
h12:economic_activity         0.9810148   0.59181843 2.520616 0.3249296



$specs
$specs$lags_endog_lin
SC(n) 
    6 

$specs$lags_criterion
[1] NaN

$specs$max_lags
[1] NaN

$specs$trend
[1] 0

$specs$shock_type
[1] 0

$specs$confint
[1] 1.65

$specs$hor
[1] 12

$specs$use_nw
[1] TRUE

$specs$nw_prewhite
[1] FALSE

$specs$adjust_se
[1] FALSE

$specs$use_twosls
[1] FALSE

$specs$contemp_data
$specs$contemp_data$dummy
 [1] 0 0 0 0 0 0 0 0 0 0 0 0 0 0 0 0 0 0 0 0 0 0 0 0 0 0 1 1 1 1 0 1 0 1 0 0 0 0 0 0 0 0 0 0 0 0 0 0 0 0 0 0 0 0 0 0 0 0 0 0
[61] 0

$specs$contemp_data$Jan
 [1] 0 0 0 0 0 0 0 0 0 0 0 1 0 0 0 0 0 0 0 0 0 0 0 1 0 0 0 0 0 0 0 0 0 0 0 1 0 0 0 0 0 0 0 0 0 0 0 1 0 0 0 0 0 0 0 0 0 0 0 1
[61] 0

$specs$contemp_data$Feb
 [1] 1 0 0 0 0 0 0 0 0 0 0 0 1 0 0 0 0 0 0 0 0 0 0 0 1 0 0 0 0 0 0 0 0 0 0 0 1 0 0 0 0 0 0 0 0 0 0 0 1 0 0 0 0 0 0 0 0 0 0 0
[61] 1

$specs$contemp_data$Mar
 [1] 0 1 0 0 0 0 0 0 0 0 0 0 0 1 0 0 0 0 0 0 0 0 0 0 0 1 0 0 0 0 0 0 0 0 0 0 0 1 0 0 0 0 0 0 0 0 0 0 0 1 0 0 0 0 0 0 0 0 0 0
[61] 0

$specs$contemp_data$Apr
 [1] 0 0 1 0 0 0 0 0 0 0 0 0 0 0 1 0 0 0 0 0 0 0 0 0 0 0 1 0 0 0 0 0 0 0 0 0 0 0 1 0 0 0 0 0 0 0 0 0 0 0 1 0 0 0 0 0 0 0 0 0
[61] 0

$specs$contemp_data$May
 [1] 0 0 0 1 0 0 0 0 0 0 0 0 0 0 0 1 0 0 0 0 0 0 0 0 0 0 0 1 0 0 0 0 0 0 0 0 0 0 0 1 0 0 0 0 0 0 0 0 0 0 0 1 0 0 0 0 0 0 0 0
[61] 0

$specs$contemp_data$Jun
 [1] 0 0 0 0 1 0 0 0 0 0 0 0 0 0 0 0 1 0 0 0 0 0 0 0 0 0 0 0 1 0 0 0 0 0 0 0 0 0 0 0 1 0 0 0 0 0 0 0 0 0 0 0 1 0 0 0 0 0 0 0
[61] 0

$specs$contemp_data$Jul
 [1] 0 0 0 0 0 1 0 0 0 0 0 0 0 0 0 0 0 1 0 0 0 0 0 0 0 0 0 0 0 1 0 0 0 0 0 0 0 0 0 0 0 1 0 0 0 0 0 0 0 0 0 0 0 1 0 0 0 0 0 0
[61] 0

$specs$contemp_data$Aug
 [1] 0 0 0 0 0 0 1 0 0 0 0 0 0 0 0 0 0 0 1 0 0 0 0 0 0 0 0 0 0 0 1 0 0 0 0 0 0 0 0 0 0 0 1 0 0 0 0 0 0 0 0 0 0 0 1 0 0 0 0 0
[61] 0

$specs$contemp_data$Sep
 [1] 0 0 0 0 0 0 0 1 0 0 0 0 0 0 0 0 0 0 0 1 0 0 0 0 0 0 0 0 0 0 0 1 0 0 0 0 0 0 0 0 0 0 0 1 0 0 0 0 0 0 0 0 0 0 0 1 0 0 0 0
[61] 0

$specs$contemp_data$Oct
 [1] 0 0 0 0 0 0 0 0 1 0 0 0 0 0 0 0 0 0 0 0 1 0 0 0 0 0 0 0 0 0 0 0 1 0 0 0 0 0 0 0 0 0 0 0 1 0 0 0 0 0 0 0 0 0 0 0 1 0 0 0
[61] 0


$specs$model_type
[1] 0

$specs$starts
[1] 1

$specs$ends
[1] 61

$specs$column_names
[1] "supply_chain"              "inflation_expectations_1y" "inflation_expectations_3y" "inflation"                
[5] "economic_activity"        

$specs$endog
[1] 5

$specs$y_lin
   supply_chain inflation_expectations_1y inflation_expectations_3y    inflation economic_activity
7   0.008214236                  2.982717                  2.883912  0.009406502        0.03236078
8   0.002798893                  3.000000                  3.000000  0.021640425        0.02930438
9   0.001021615                  2.995079                  3.000000  0.025003951        0.02923299
10  0.007629516                  3.000000                  3.000000  0.028405410        0.02229492
11  0.007521656                  2.969947                  2.883912 -0.008420605        0.02323041
12 -0.022121921                  3.000000                  2.980844  0.008246918        0.01734758
13 -0.028596159                  2.969947                  2.969947 -0.002323999        0.03391158
14 -0.007296698                  2.793575                  2.768439  0.029025084        0.02600387
15 -0.016632677                  2.816437                  2.864411  0.042416785        0.02691934
16 -0.010839709                  2.598124                  2.693518  0.048586660        0.03757401
17 -0.024638033                  2.453082                  2.593332  0.003720327        0.02002637
18 -0.017204619                  2.670152                  2.662437 -0.006141925        0.02480201
19 -0.028837940                  2.590599                  2.579365  0.024993882        0.02186920
20 -0.030360925                  2.414448                  2.501432  0.017681720        0.02278745
21 -0.029765622                  2.483634                  2.374794  0.021370449        0.03620964
22 -0.040636614                  2.330186                  2.378875  0.034784574        0.01981848
23 -0.017566909                  2.347553                  2.521351  0.026361361        0.02549842
24 -0.012531649                  2.527644                  2.537525  0.038444527        0.02259084
25 -0.014133243                  2.495654                  2.537525  0.019694440        0.03781474
26 -0.028027695                  2.537525                  2.588670  0.009814561        0.03578346
27 -0.022488178                  2.537525                  2.399339 -0.050912346       -0.07956922
28 -0.026143996                  2.623311                  2.623311 -0.090824177       -0.77070172
29 -0.020043952                  3.000000                  2.610335 -0.010450429        0.21339722
30 -0.022484304                  2.681402                  2.473736  0.053592068        0.21330076
31 -0.009216714                  2.887446                  2.731703  0.061866907        0.02971606
32 -0.007379961                  3.000000                  2.980844  0.053808986        0.15791953
33 -0.011945599                  2.980844                  2.742111  0.028930510        0.07717705
34 -0.006808330                  2.836102                  2.702108  0.011918979        0.10115859
35 -0.005454179                  2.962508                  2.819740  0.024543630        0.04507153
36  0.003637928                  3.000000                  2.980844  0.057557700        0.01677041
37  0.005983401                  3.046669                  3.028186  0.028496735        0.06736316
38  0.009900802                  3.090884                  3.000000  0.045997380        0.05066022
39  0.028338222                  3.244256                  3.092952  0.059503194        0.06160136
40  0.055978741                  3.360180                  3.098045  0.082225516        0.03720211
41  0.037113569                  4.000000                  3.569710  0.082531234        0.06412900
42  0.042894865                  4.801745                  3.546918  0.098347464        0.05475905
43  0.049488429                  4.842451                  3.711669  0.054649100        0.08879717
44  0.052542814                  5.179827                  3.999662  0.049840953        0.06602323
45  0.067606789                  5.310169                  4.193985  0.052018077        0.07861505
46  0.107550731                  5.653467                  4.211177  0.114305741        0.06819482
47  0.067504730                  6.000000                  4.011200  0.098833469        0.06879133
48  0.045171517                  5.990274                  4.000000  0.097421769        0.06937609
49  0.057576028                  5.788440                  3.477248  0.075404740        0.03542764
50  0.069864415                  6.000000                  3.774801  0.088488916        0.07849205
51  0.059085696                  6.583898                  3.674923  0.126900569        0.05112829
52  0.048889866                  6.345438                  3.902376  0.048497289        0.04431433
53  0.033575500                  6.576015                  3.879077  0.115684054        0.03389257
54  0.022328205                  6.775855                  3.618484  0.151285219        0.03843642
55  0.017674932                  6.223626                  3.182451 -0.004064650        0.05041760
56 -0.003529023                  5.745714                  2.755268  0.028517738        0.02896168
57  0.007445517                  5.440794                  2.909971  0.050566174        0.04915587
58  0.006110732                  5.944291                  3.110663  0.060045147        0.03059615
59  0.004247698                  5.228549                  2.997374  0.024858721        0.04330825
60 -0.020497935                  4.993469                  2.992784  0.015857387        0.03585464
61 -0.005796647                  4.954980                  2.711993  0.063675095        0.04576300

$specs$x_lin
   supply_chain_lag_1 inflation_expectations_1y_lag_1 inflation_expectations_3y_lag_1 inflation_lag_1
7         0.001078214                        2.980844                        3.000000     0.010862582
8         0.008214236                        2.982717                        2.883912     0.009406502
9         0.002798893                        3.000000                        3.000000     0.021640425
10        0.001021615                        2.995079                        3.000000     0.025003951
11        0.007629516                        3.000000                        3.000000     0.028405410
12        0.007521656                        2.969947                        2.883912    -0.008420605
13       -0.022121921                        3.000000                        2.980844     0.008246918
14       -0.028596159                        2.969947                        2.969947    -0.002323999
15       -0.007296698                        2.793575                        2.768439     0.029025084
16       -0.016632677                        2.816437                        2.864411     0.042416785
17       -0.010839709                        2.598124                        2.693518     0.048586660
18       -0.024638033                        2.453082                        2.593332     0.003720327
19       -0.017204619                        2.670152                        2.662437    -0.006141925
20       -0.028837940                        2.590599                        2.579365     0.024993882
21       -0.030360925                        2.414448                        2.501432     0.017681720
22       -0.029765622                        2.483634                        2.374794     0.021370449
23       -0.040636614                        2.330186                        2.378875     0.034784574
24       -0.017566909                        2.347553                        2.521351     0.026361361
25       -0.012531649                        2.527644                        2.537525     0.038444527
26       -0.014133243                        2.495654                        2.537525     0.019694440
27       -0.028027695                        2.537525                        2.588670     0.009814561
28       -0.022488178                        2.537525                        2.399339    -0.050912346
29       -0.026143996                        2.623311                        2.623311    -0.090824177
30       -0.020043952                        3.000000                        2.610335    -0.010450429
   economic_activity_lag_1 supply_chain_lag_2 inflation_expectations_1y_lag_2 inflation_expectations_3y_lag_2
7               0.01757053       -0.003173993                        2.980844                        2.961960
8               0.03236078        0.001078214                        2.980844                        3.000000
9               0.02930438        0.008214236                        2.982717                        2.883912
10              0.02923299        0.002798893                        3.000000                        3.000000
11              0.02229492        0.001021615                        2.995079                        3.000000
12              0.02323041        0.007629516                        3.000000                        3.000000
13              0.01734758        0.007521656                        2.969947                        2.883912
14              0.03391158       -0.022121921                        3.000000                        2.980844
15              0.02600387       -0.028596159                        2.969947                        2.969947
16              0.02691934       -0.007296698                        2.793575                        2.768439
17              0.03757401       -0.016632677                        2.816437                        2.864411
18              0.02002637       -0.010839709                        2.598124                        2.693518
19              0.02480201       -0.024638033                        2.453082                        2.593332
20              0.02186920       -0.017204619                        2.670152                        2.662437
21              0.02278745       -0.028837940                        2.590599                        2.579365
22              0.03620964       -0.030360925                        2.414448                        2.501432
23              0.01981848       -0.029765622                        2.483634                        2.374794
24              0.02549842       -0.040636614                        2.330186                        2.378875
25              0.02259084       -0.017566909                        2.347553                        2.521351
26              0.03781474       -0.012531649                        2.527644                        2.537525
27              0.03578346       -0.014133243                        2.495654                        2.537525
28             -0.07956922       -0.028027695                        2.537525                        2.588670
29             -0.77070172       -0.022488178                        2.537525                        2.399339
30              0.21339722       -0.026143996                        2.623311                        2.623311
   inflation_lag_2 economic_activity_lag_2 supply_chain_lag_3 inflation_expectations_1y_lag_3
7      0.027403122              0.04356130        0.010295565                        2.980844
8      0.010862582              0.01757053       -0.003173993                        2.980844
9      0.009406502              0.03236078        0.001078214                        2.980844
10     0.021640425              0.02930438        0.008214236                        2.982717
11     0.025003951              0.02923299        0.002798893                        3.000000
12     0.028405410              0.02229492        0.001021615                        2.995079
13    -0.008420605              0.02323041        0.007629516                        3.000000
14     0.008246918              0.01734758        0.007521656                        2.969947
15    -0.002323999              0.03391158       -0.022121921                        3.000000
16     0.029025084              0.02600387       -0.028596159                        2.969947
17     0.042416785              0.02691934       -0.007296698                        2.793575
18     0.048586660              0.03757401       -0.016632677                        2.816437
19     0.003720327              0.02002637       -0.010839709                        2.598124
20    -0.006141925              0.02480201       -0.024638033                        2.453082
21     0.024993882              0.02186920       -0.017204619                        2.670152
22     0.017681720              0.02278745       -0.028837940                        2.590599
23     0.021370449              0.03620964       -0.030360925                        2.414448
24     0.034784574              0.01981848       -0.029765622                        2.483634
25     0.026361361              0.02549842       -0.040636614                        2.330186
26     0.038444527              0.02259084       -0.017566909                        2.347553
27     0.019694440              0.03781474       -0.012531649                        2.527644
28     0.009814561              0.03578346       -0.014133243                        2.495654
29    -0.050912346             -0.07956922       -0.028027695                        2.537525
30    -0.090824177             -0.77070172       -0.022488178                        2.537525
   inflation_expectations_3y_lag_3 inflation_lag_3 economic_activity_lag_3 supply_chain_lag_4
7                         2.969947     0.031662657              0.02660601        0.002536433
8                         2.961960     0.027403122              0.04356130        0.010295565
9                         3.000000     0.010862582              0.01757053       -0.003173993
10                        2.883912     0.009406502              0.03236078        0.001078214
11                        3.000000     0.021640425              0.02930438        0.008214236
12                        3.000000     0.025003951              0.02923299        0.002798893
13                        3.000000     0.028405410              0.02229492        0.001021615
14                        2.883912    -0.008420605              0.02323041        0.007629516
15                        2.980844     0.008246918              0.01734758        0.007521656
16                        2.969947    -0.002323999              0.03391158       -0.022121921
17                        2.768439     0.029025084              0.02600387       -0.028596159
18                        2.864411     0.042416785              0.02691934       -0.007296698
19                        2.693518     0.048586660              0.03757401       -0.016632677
20                        2.593332     0.003720327              0.02002637       -0.010839709
21                        2.662437    -0.006141925              0.02480201       -0.024638033
22                        2.579365     0.024993882              0.02186920       -0.017204619
23                        2.501432     0.017681720              0.02278745       -0.028837940
24                        2.374794     0.021370449              0.03620964       -0.030360925
25                        2.378875     0.034784574              0.01981848       -0.029765622
26                        2.521351     0.026361361              0.02549842       -0.040636614
27                        2.537525     0.038444527              0.02259084       -0.017566909
28                        2.537525     0.019694440              0.03781474       -0.012531649
29                        2.588670     0.009814561              0.03578346       -0.014133243
30                        2.399339    -0.050912346             -0.07956922       -0.028027695
   inflation_expectations_1y_lag_4 inflation_expectations_3y_lag_4 inflation_lag_4 economic_activity_lag_4
7                         2.752288                        2.908013     0.002310570              0.03672057
8                         2.980844                        2.969947     0.031662657              0.02660601
9                         2.980844                        2.961960     0.027403122              0.04356130
10                        2.980844                        3.000000     0.010862582              0.01757053
11                        2.982717                        2.883912     0.009406502              0.03236078
12                        3.000000                        3.000000     0.021640425              0.02930438
13                        2.995079                        3.000000     0.025003951              0.02923299
14                        3.000000                        3.000000     0.028405410              0.02229492
15                        2.969947                        2.883912    -0.008420605              0.02323041
16                        3.000000                        2.980844     0.008246918              0.01734758
17                        2.969947                        2.969947    -0.002323999              0.03391158
18                        2.793575                        2.768439     0.029025084              0.02600387
19                        2.816437                        2.864411     0.042416785              0.02691934
20                        2.598124                        2.693518     0.048586660              0.03757401
21                        2.453082                        2.593332     0.003720327              0.02002637
22                        2.670152                        2.662437    -0.006141925              0.02480201
23                        2.590599                        2.579365     0.024993882              0.02186920
24                        2.414448                        2.501432     0.017681720              0.02278745
25                        2.483634                        2.374794     0.021370449              0.03620964
26                        2.330186                        2.378875     0.034784574              0.01981848
27                        2.347553                        2.521351     0.026361361              0.02549842
28                        2.527644                        2.537525     0.038444527              0.02259084
29                        2.495654                        2.537525     0.019694440              0.03781474
30                        2.537525                        2.588670     0.009814561              0.03578346
   supply_chain_lag_5 inflation_expectations_1y_lag_5 inflation_expectations_3y_lag_5 inflation_lag_5
7         0.001290045                        2.831908                        2.884280     0.032745451
8         0.002536433                        2.752288                        2.908013     0.002310570
9         0.010295565                        2.980844                        2.969947     0.031662657
10       -0.003173993                        2.980844                        2.961960     0.027403122
11        0.001078214                        2.980844                        3.000000     0.010862582
12        0.008214236                        2.982717                        2.883912     0.009406502
13        0.002798893                        3.000000                        3.000000     0.021640425
14        0.001021615                        2.995079                        3.000000     0.025003951
15        0.007629516                        3.000000                        3.000000     0.028405410
16        0.007521656                        2.969947                        2.883912    -0.008420605
17       -0.022121921                        3.000000                        2.980844     0.008246918
18       -0.028596159                        2.969947                        2.969947    -0.002323999
19       -0.007296698                        2.793575                        2.768439     0.029025084
20       -0.016632677                        2.816437                        2.864411     0.042416785
21       -0.010839709                        2.598124                        2.693518     0.048586660
22       -0.024638033                        2.453082                        2.593332     0.003720327
23       -0.017204619                        2.670152                        2.662437    -0.006141925
24       -0.028837940                        2.590599                        2.579365     0.024993882
25       -0.030360925                        2.414448                        2.501432     0.017681720
26       -0.029765622                        2.483634                        2.374794     0.021370449
27       -0.040636614                        2.330186                        2.378875     0.034784574
28       -0.017566909                        2.347553                        2.521351     0.026361361
29       -0.012531649                        2.527644                        2.537525     0.038444527
30       -0.014133243                        2.495654                        2.537525     0.019694440
   economic_activity_lag_5 supply_chain_lag_6 inflation_expectations_1y_lag_6 inflation_expectations_3y_lag_6
7               0.02976223      -0.0008894295                        2.711993                        2.793575
8               0.03672057       0.0012900446                        2.831908                        2.884280
9               0.02660601       0.0025364329                        2.752288                        2.908013
10              0.04356130       0.0102955646                        2.980844                        2.969947
11              0.01757053      -0.0031739934                        2.980844                        2.961960
12              0.03236078       0.0010782136                        2.980844                        3.000000
13              0.02930438       0.0082142357                        2.982717                        2.883912
14              0.02923299       0.0027988929                        3.000000                        3.000000
15              0.02229492       0.0010216146                        2.995079                        3.000000
16              0.02323041       0.0076295157                        3.000000                        3.000000
17              0.01734758       0.0075216563                        2.969947                        2.883912
18              0.03391158      -0.0221219208                        3.000000                        2.980844
19              0.02600387      -0.0285961592                        2.969947                        2.969947
20              0.02691934      -0.0072966984                        2.793575                        2.768439
21              0.03757401      -0.0166326771                        2.816437                        2.864411
22              0.02002637      -0.0108397087                        2.598124                        2.693518
23              0.02480201      -0.0246380331                        2.453082                        2.593332
24              0.02186920      -0.0172046187                        2.670152                        2.662437
25              0.02278745      -0.0288379398                        2.590599                        2.579365
26              0.03620964      -0.0303609246                        2.414448                        2.501432
27              0.01981848      -0.0297656218                        2.483634                        2.374794
28              0.02549842      -0.0406366141                        2.330186                        2.378875
29              0.02259084      -0.0175669087                        2.347553                        2.521351
30              0.03781474      -0.0125316492                        2.527644                        2.537525
   inflation_lag_6 economic_activity_lag_6 dummy Jan Feb Mar Apr May Jun Jul Aug Sep Oct
7      0.052137819              0.02580719     0   0   0   0   0   0   0   0   1   0   0
8      0.032745451              0.02976223     0   0   0   0   0   0   0   0   0   1   0
9      0.002310570              0.03672057     0   0   0   0   0   0   0   0   0   0   1
10     0.031662657              0.02660601     0   0   0   0   0   0   0   0   0   0   0
11     0.027403122              0.04356130     0   0   0   0   0   0   0   0   0   0   0
12     0.010862582              0.01757053     0   1   0   0   0   0   0   0   0   0   0
13     0.009406502              0.03236078     0   0   1   0   0   0   0   0   0   0   0
14     0.021640425              0.02930438     0   0   0   1   0   0   0   0   0   0   0
15     0.025003951              0.02923299     0   0   0   0   1   0   0   0   0   0   0
16     0.028405410              0.02229492     0   0   0   0   0   1   0   0   0   0   0
17    -0.008420605              0.02323041     0   0   0   0   0   0   1   0   0   0   0
18     0.008246918              0.01734758     0   0   0   0   0   0   0   1   0   0   0
19    -0.002323999              0.03391158     0   0   0   0   0   0   0   0   1   0   0
20     0.029025084              0.02600387     0   0   0   0   0   0   0   0   0   1   0
21     0.042416785              0.02691934     0   0   0   0   0   0   0   0   0   0   1
22     0.048586660              0.03757401     0   0   0   0   0   0   0   0   0   0   0
23     0.003720327              0.02002637     0   0   0   0   0   0   0   0   0   0   0
24    -0.006141925              0.02480201     0   1   0   0   0   0   0   0   0   0   0
25     0.024993882              0.02186920     0   0   1   0   0   0   0   0   0   0   0
26     0.017681720              0.02278745     0   0   0   1   0   0   0   0   0   0   0
27     0.021370449              0.03620964     1   0   0   0   1   0   0   0   0   0   0
28     0.034784574              0.01981848     1   0   0   0   0   1   0   0   0   0   0
29     0.026361361              0.02549842     1   0   0   0   0   0   1   0   0   0   0
30     0.038444527              0.02259084     1   0   0   0   0   0   0   1   0   0   0
 [ reached getOption("max.print") -- omitted 31 rows ]


attr(,"class")
[1] "lpirfs_lin_obj"
