[1] "monetary_policy"      "djn level estimation"
                   1             2             3             4             5             6
AIC(n) -2.288574e+01 -2.289579e+01 -2.328424e+01 -2.365809e+01 -2.446988e+01 -2.657463e+01
HQ(n)  -2.167831e+01 -2.133323e+01 -2.136655e+01 -2.138528e+01 -2.184194e+01 -2.359157e+01
SC(n)  -1.975493e+01 -1.884416e+01 -1.831178e+01 -1.776480e+01 -1.765576e+01 -1.883969e+01
FPE(n)  1.285022e-10  1.463709e-10  1.264498e-10  1.294807e-10  1.096753e-10  3.948104e-11
                   1             2             3             4             5             6
AIC(n) -2.288574e+01 -2.289579e+01 -2.328424e+01 -2.365809e+01 -2.446988e+01 -2.657463e+01
HQ(n)  -2.167831e+01 -2.133323e+01 -2.136655e+01 -2.138528e+01 -2.184194e+01 -2.359157e+01
SC(n)  -1.975493e+01 -1.884416e+01 -1.831178e+01 -1.776480e+01 -1.765576e+01 -1.883969e+01
FPE(n)  1.285022e-10  1.463709e-10  1.264498e-10  1.294807e-10  1.096753e-10  3.948104e-11
$irf_lin_mean
, , 1

             [,1]         [,2]         [,3]          [,4]         [,5]          [,6]        [,7]         [,8]         [,9]
[1,]  0.035234332 -0.001633688 -0.006389507  5.521648e-03  0.007895212 -0.0045478845 0.003626767  0.003595371  0.004831228
[2,]  0.046131534  0.051257121 -0.008815782  5.694796e-02  0.030009630  0.0517502827 0.008301419  0.060365144  0.028761738
[3,]  0.034165127  0.013464142  0.009768631  3.203401e-02  0.017208399  0.0012040012 0.036174675  0.027798520  0.010235950
[4,]  0.004607226  0.003562566  0.005385390 -3.663206e-05 -0.002995202  0.0004098109 0.002036622  0.005747375  0.008308984
[5,] -0.024749721  0.029386827  0.007548730 -4.419666e-03 -0.019884763  0.0090819368 0.007554667 -0.002614346 -0.008919456
            [,10]        [,11]        [,12]         [,13]
[1,] -0.009045636  0.005587751 0.0006640851 -0.0076533232
[2,]  0.019434302 -0.033844783 0.0238801179  0.0635227267
[3,] -0.008193976 -0.028995513 0.0160719911  0.0045044412
[4,]  0.011284122  0.010016223 0.0073312251  0.0167471628
[5,]  0.032105698  0.033387969 0.0130619536  0.0004534201

, , 2

             [,1]        [,2]         [,3]         [,4]         [,5]         [,6]         [,7]         [,8]        [,9]
[1,]  0.000000000 0.000213018 -0.001691101  0.009305143 -0.001429665 -0.001573889 -0.004896846  0.001443045 -0.01193654
[2,]  0.211911574 0.033542254 -0.005345131  0.067691407  0.075735160  0.011581189  0.011303613  0.032790183 -0.02371296
[3,]  0.091599798 0.004731273 -0.003856653  0.003217072  0.020313105 -0.041254043 -0.003167855 -0.010842422 -0.01267509
[4,]  0.009138763 0.006795654  0.001223727  0.013445394  0.012527146  0.008183428  0.010551282  0.018523773  0.01145676
[5,] -0.016149533 0.014138428  0.007678105 -0.002282831  0.003541986  0.006441940  0.023232464 -0.001261249  0.03177521
            [,10]        [,11]        [,12]        [,13]
[1,] -0.003501119  0.004973840 -0.006539235 -0.008241508
[2,] -0.040936728  0.011898620 -0.031923634 -0.103449587
[3,] -0.040481363 -0.016146271 -0.032830206 -0.066267912
[4,]  0.005958084  0.006346904  0.013544629  0.015351046
[5,] -0.003038392 -0.026855020  0.033522774  0.023168546

, , 3

             [,1]        [,2]         [,3]         [,4]         [,5]         [,6]         [,7]          [,8]         [,9]
[1,]  0.000000000 0.006806993 -0.000924384  0.003521804 -0.001366996  0.008281617  0.002940809  0.0009003709 -0.001934835
[2,]  0.000000000 0.119251506 -0.046097106  0.034598773 -0.013890311  0.032146493  0.137802069 -0.0190254179  0.080241255
[3,]  0.172095346 0.004861786  0.012375710 -0.030485869 -0.027905200  0.050929719  0.034706092  0.0751404077 -0.014754834
[4,] -0.005868977 0.005540302 -0.003595394 -0.006352124  0.001446131 -0.004746953  0.005205488  0.0067097004  0.011810467
[5,]  0.005541998 0.009112627 -0.001186580 -0.007748549  0.017236472 -0.022675246 -0.005895535  0.0369748873  0.024524106
            [,10]        [,11]        [,12]        [,13]
[1,] 9.035960e-06  0.006677570  0.001488371 -0.001054222
[2,] 3.427192e-03  0.140039608  0.004061063  0.009485539
[3,] 5.015425e-02 -0.007549686 -0.045713325 -0.012824631
[4,] 1.233667e-02  0.010886413  0.007396406 -0.001304773
[5,] 1.803103e-02 -0.014714601  0.020221128  0.008264017

, , 4

           [,1]         [,2]         [,3]         [,4]          [,5]         [,6]         [,7]         [,8]         [,9]
[1,] 0.00000000  0.003879765 -0.004487329 -0.004733503  0.0007460931  0.008526505  0.003659256 -0.005272414  0.006446781
[2,] 0.00000000  0.019523247  0.023169768 -0.029739031  0.0005229123  0.001654880 -0.007403769 -0.036928394 -0.016143837
[3,] 0.00000000 -0.008785360 -0.021622075 -0.032906405 -0.0087091153  0.018360748  0.002222064 -0.026865628 -0.027452986
[4,] 0.02893182  0.017660083  0.010531567  0.006929298  0.0094066115  0.011122018  0.010356911  0.011514179  0.013091906
[5,] 0.05004735  0.013391228 -0.010681835  0.010197172  0.0133604396 -0.004254053 -0.005906742  0.022039099  0.006154973
             [,10]        [,11]        [,12]        [,13]
[1,]  0.0060190304 -0.008081278 -0.004350363 -0.003055939
[2,]  0.0036781903  0.028309258  0.020270242  0.007756563
[3,] -0.0003169245  0.009078168  0.003173919  0.009018435
[4,]  0.0129228886  0.015595632  0.009375596 -0.002357862
[5,]  0.0105635627  0.023399201 -0.004385695 -0.021241459

, , 5

           [,1]          [,2]         [,3]         [,4]         [,5]         [,6]         [,7]          [,8]          [,9]
[1,] 0.00000000  0.0012301101  0.008802911 -0.007030478  0.002039789  0.014588790 -0.002343098  0.0028614840  9.110012e-06
[2,] 0.00000000 -0.0257820850  0.104154623  0.030416319 -0.027535536  0.027505888  0.090868951  0.0382294448  6.364695e-02
[3,] 0.00000000  0.0226021311  0.077038111 -0.007965266 -0.038121556  0.050211147  0.053425817  0.0287603742  2.395808e-02
[4,] 0.00000000  0.0001398982 -0.001083566 -0.007088654 -0.008525477 -0.003871846  0.007596355  0.0043504375 -4.553981e-04
[5,] 0.09306182 -0.0076206497 -0.025313294  0.010966412 -0.018156586  0.011169839  0.007009575 -0.0003831817  9.490439e-03
            [,10]       [,11]        [,12]        [,13]
[1,] -0.003026197 0.010233919 -0.006994444  0.009879397
[2,]  0.026607602 0.039516893  0.068340980  0.068100999
[3,] -0.016343000 0.022881079  0.009574178  0.055398696
[4,]  0.006953226 0.004561835  0.005286414  0.003724799
[5,]  0.015847188 0.007233044  0.020064615 -0.024326383


$irf_lin_low
, , 1

             [,1]          [,2]        [,3]         [,4]         [,5]        [,6]         [,7]         [,8]          [,9]
[1,]  0.035234332 -0.0112331020 -0.01569466 -0.003684147 -0.003775463 -0.01472631 -0.011391352 -0.009202884 -0.0034619978
[2,]  0.046131534 -0.0118407260 -0.07277381 -0.033349611 -0.031721148 -0.01756406 -0.066357628 -0.021544029 -0.0357600312
[3,]  0.034165127 -0.0417295206 -0.04790702 -0.024070846 -0.020135699 -0.04509873 -0.013613804 -0.033450375 -0.0377533633
[4,]  0.004607226 -0.0038219053 -0.00187160 -0.011560165 -0.015314339 -0.00978537 -0.008018157 -0.003820171 -0.0007040811
[5,] -0.024749721  0.0004565368 -0.01084728 -0.019940666 -0.067394064 -0.01792506 -0.010286788 -0.036765813 -0.0391210036
            [,10]        [,11]        [,12]        [,13]
[1,] -0.022219978 -0.005577975 -0.009329318 -0.019590568
[2,] -0.066761833 -0.102487275 -0.048549905 -0.009223799
[3,] -0.058126773 -0.083447413 -0.036133815 -0.043359081
[4,]  0.002372775 -0.002564954 -0.004313531  0.005832596
[5,] -0.004963416 -0.009300734 -0.010476149 -0.013788268

, , 2

             [,1]         [,2]        [,3]          [,4]         [,5]         [,6]         [,7]         [,8]          [,9]
[1,]  0.000000000 -0.014281018 -0.01423141 -0.0026521341 -0.017946696 -0.013947634 -0.023788891 -0.014669429 -2.252886e-02
[2,]  0.211911574 -0.061968819 -0.10174649 -0.0266875794 -0.003334227 -0.082403841 -0.073393601 -0.105613858 -1.230109e-01
[3,]  0.091599798 -0.073669414 -0.08153699 -0.0747697318 -0.042721771 -0.105006582 -0.063815661 -0.109262532 -8.319707e-02
[4,]  0.009138763 -0.003988746 -0.01128575  0.0002080503 -0.002523847 -0.008264415 -0.004180912  0.004776857 -4.623465e-05
[5,] -0.016149533 -0.016540932 -0.02119623 -0.0228428684 -0.039062252 -0.036043575 -0.026230149 -0.053109259 -5.643342e-03
           [,10]       [,11]        [,12]        [,13]
[1,] -0.02256527 -0.01580764 -0.021271134 -0.023168846
[2,] -0.17867070 -0.09749380 -0.181860459 -0.181130027
[3,] -0.12129471 -0.09653247 -0.162633779 -0.133787598
[4,] -0.01115664 -0.00836300 -0.002469988 -0.003326569
[5,] -0.03480140 -0.08136359 -0.027574346 -0.020822052

, , 3

             [,1]          [,2]         [,3]         [,4]         [,5]         [,6]          [,7]          [,8]         [,9]
[1,]  0.000000000 -0.0020799571 -0.009044964 -0.002249826 -0.008435982  0.002924597 -6.567865e-03 -0.0087756167 -0.007833591
[2,]  0.000000000  0.0775355310 -0.100777281 -0.012660871 -0.054214975  0.003354093  9.434242e-02 -0.0802422531  0.017451703
[3,]  0.172095346 -0.0372537045 -0.025408890 -0.067172476 -0.058995957  0.024448781  3.164439e-03  0.0400616482 -0.051111645
[4,] -0.005868977 -0.0006486686 -0.011472107 -0.012454300 -0.004500717 -0.011597875 -6.225886e-05  0.0003579764  0.002390037
[5,]  0.005541998 -0.0093294979 -0.019453007 -0.025254633 -0.002408797 -0.052804821 -1.698915e-02  0.0068691905  0.000187472
             [,10]        [,11]         [,12]         [,13]
[1,] -0.0067933110 -0.005089028 -0.0065389402 -0.0071216032
[2,] -0.0422511302  0.079353530 -0.0498988052 -0.0323445554
[3,] -0.0052847043 -0.054359603 -0.0901467154 -0.0422858999
[4,]  0.0061055643  0.004523844  0.0008442205 -0.0084139516
[5,] -0.0003530411 -0.033716292  0.0035721316  0.0007129996

, , 4

           [,1]         [,2]         [,3]         [,4]         [,5]          [,6]         [,7]         [,8]         [,9]
[1,] 0.00000000 -0.005124172 -0.013047093 -0.013119139 -0.011272089  0.0003872303 -0.005959755 -0.015757606 -0.002037407
[2,] 0.00000000 -0.052434508 -0.055905932 -0.126395775 -0.060624749 -0.0678599561 -0.078584331 -0.111626397 -0.078401904
[3,] 0.00000000 -0.067881236 -0.082754105 -0.085376162 -0.056954780 -0.0237029692 -0.041980522 -0.080212547 -0.073107384
[4,] 0.02893182  0.005920890 -0.004887392 -0.006991357 -0.001810343 -0.0010726963 -0.002245908  0.001811022  0.004477824
[5,] 0.05004735 -0.021573198 -0.039241873 -0.006254412 -0.021231974 -0.0233932823 -0.030753716 -0.002033379 -0.009309205
            [,10]        [,11]        [,12]       [,13]
[1,] -0.007913999 -0.018739413 -0.013599837 -0.01197942
[2,] -0.104688892 -0.049930578 -0.087070215 -0.03331763
[3,] -0.054040513 -0.043666779 -0.063856813 -0.04060889
[4,]  0.001715770  0.005894230 -0.002691892 -0.01146291
[5,] -0.017173079 -0.003742032 -0.041658398 -0.06094505

, , 5

           [,1]         [,2]         [,3]         [,4]         [,5]          [,6]          [,7]          [,8]          [,9]
[1,] 0.00000000 -0.004627958  0.003913716 -0.012340011 -0.005454011  0.0102867581 -0.0059810397 -0.0023634600 -0.0046239751
[2,] 0.00000000 -0.065062819  0.056672320 -0.016629202 -0.052371191 -0.0054697800  0.0459914925  0.0013844090  0.0239483000
[3,] 0.00000000 -0.010322152  0.047939550 -0.032879730 -0.066374188  0.0294329900  0.0289830085 -0.0007201805  0.0052118696
[4,] 0.00000000 -0.007314468 -0.011960669 -0.014573383 -0.013993811 -0.0103478234  0.0005115534 -0.0016681023 -0.0059609236
[5,] 0.09306182 -0.031108658 -0.048636468  0.003689097 -0.035049099 -0.0008293477 -0.0073833645 -0.0073540961  0.0004896953
             [,10]         [,11]        [,12]       [,13]
[1,] -0.0099881497  0.0067017472 -0.011520538  0.00548982
[2,] -0.0204732858 -0.0070881876  0.026786210  0.04068431
[3,] -0.0529159681 -0.0089473511 -0.022841374  0.03362891
[4,]  0.0010690499 -0.0003054986 -0.001421514 -0.00386451
[5,] -0.0003981715 -0.0030812736 -0.001204290 -0.06322435


$irf_lin_up
, , 1

             [,1]        [,2]        [,3]       [,4]        [,5]        [,6]       [,7]       [,8]       [,9]       [,10]
[1,]  0.035234332 0.007965725 0.002915645 0.01472744 0.019565887 0.005630546 0.01864489 0.01639363 0.01312445 0.004128707
[2,]  0.046131534 0.114354967 0.055142248 0.14724554 0.091740408 0.121064629 0.08296046 0.14227432 0.09328351 0.105630436
[3,]  0.034165127 0.068657805 0.067444278 0.08813886 0.054552498 0.047506730 0.08596315 0.08904742 0.05822526 0.041738821
[4,]  0.004607226 0.010947038 0.012642380 0.01148690 0.009323935 0.010604992 0.01209140 0.01531492 0.01732205 0.020195468
[5,] -0.024749721 0.058317116 0.025944736 0.01110133 0.027624537 0.036088933 0.02539612 0.03153712 0.02128209 0.069174813
          [,11]      [,12]       [,13]
[1,] 0.01675348 0.01065749 0.004283922
[2,] 0.03479771 0.09631014 0.136269253
[3,] 0.02545639 0.06827780 0.052367964
[4,] 0.02259740 0.01897598 0.027661730
[5,] 0.07607667 0.03660006 0.014695108

, , 2

             [,1]       [,2]       [,3]       [,4]       [,5]       [,6]       [,7]       [,8]         [,9]      [,10]
[1,]  0.000000000 0.01470705 0.01084921 0.02126242 0.01508737 0.01079986 0.01399520 0.01755552 -0.001344211 0.01556303
[2,]  0.211911574 0.12905333 0.09105623 0.16207039 0.15480455 0.10556622 0.09600083 0.17119422  0.075584970 0.09679724
[3,]  0.091599798 0.08313196 0.07382368 0.08120388 0.08334798 0.02249850 0.05747995 0.08757769  0.057846885 0.04033199
[4,]  0.009138763 0.01758005 0.01373320 0.02668274 0.02757814 0.02463127 0.02528348 0.03227069  0.022959760 0.02307281
[5,] -0.016149533 0.04481779 0.03655244 0.01827721 0.04614622 0.04892746 0.07269508 0.05058676  0.069193759 0.02872462
          [,11]       [,12]        [,13]
[1,] 0.02575532 0.008192664  0.006685831
[2,] 0.12129104 0.118013192 -0.025769147
[3,] 0.06423993 0.096973366  0.001251773
[4,] 0.02105681 0.029559245  0.034028660
[5,] 0.02765355 0.094619893  0.067159145

, , 3

             [,1]       [,2]        [,3]          [,4]        [,5]        [,6]        [,7]       [,8]        [,9]
[1,]  0.000000000 0.01569394 0.007196196  0.0092934334 0.005701989 0.013638638 0.012449483 0.01057636 0.003963922
[2,]  0.000000000 0.16096748 0.008583070  0.0818584178 0.026434353 0.060938894 0.181261714 0.04219142 0.143030807
[3,]  0.172095346 0.04697728 0.050160311  0.0062007367 0.003185557 0.077410657 0.066247745 0.11021917 0.021601977
[4,] -0.005868977 0.01172927 0.004281319 -0.0002499473 0.007392979 0.002103968 0.010473234 0.01306142 0.021230898
[5,]  0.005541998 0.02755475 0.017079847  0.0097575350 0.036881740 0.007454328 0.005198082 0.06708058 0.048860739
           [,10]       [,11]        [,12]       [,13]
[1,] 0.006811383 0.018444168  0.009515682 0.005013159
[2,] 0.049105515 0.200725686  0.058020931 0.051315634
[3,] 0.105593208 0.039260231 -0.001279935 0.016636638
[4,] 0.018567785 0.017248981  0.013948591 0.005804405
[5,] 0.036415101 0.004287091  0.036870125 0.015815034

, , 4

           [,1]       [,2]        [,3]        [,4]       [,5]       [,6]       [,7]        [,8]       [,9]      [,10]
[1,] 0.00000000 0.01288370 0.004072435 0.003652133 0.01276428 0.01666578 0.01327827 0.005212779 0.01493097 0.01995206
[2,] 0.00000000 0.09148100 0.102245469 0.066917714 0.06167057 0.07116972 0.06377679 0.037769610 0.04611423 0.11204527
[3,] 0.00000000 0.05031052 0.039509956 0.019563353 0.03953655 0.06042446 0.04642465 0.026481290 0.01820141 0.05340666
[4,] 0.02893182 0.02939928 0.025950526 0.020849954 0.02062357 0.02331673 0.02295973 0.021217337 0.02170599 0.02413001
[5,] 0.05004735 0.04835565 0.017878203 0.026648755 0.04795285 0.01488518 0.01894023 0.046111578 0.02161915 0.03830020
           [,11]       [,12]       [,13]
[1,] 0.002576857 0.004899112 0.005867545
[2,] 0.106549094 0.127610700 0.048830755
[3,] 0.061823114 0.070204651 0.058645764
[4,] 0.025297035 0.021443084 0.006747191
[5,] 0.050540434 0.032887008 0.018462132

, , 5

           [,1]        [,2]         [,3]          [,4]         [,5]        [,6]        [,7]        [,8]        [,9]
[1,] 0.00000000 0.007088179  0.013692107 -0.0017209446  0.009533590 0.018890821 0.001294843 0.008086428 0.004642195
[2,] 0.00000000 0.013498649  0.151636927  0.0774618393 -0.002699882 0.060481556 0.135746410 0.075074481 0.103345590
[3,] 0.00000000 0.055526414  0.106136672  0.0169491972 -0.009868925 0.070989304 0.077868625 0.058240929 0.042704283
[4,] 0.00000000 0.007594265  0.009793537  0.0003960742 -0.003057143 0.002604131 0.014681156 0.010368977 0.005050127
[5,] 0.09306182 0.015867358 -0.001990119  0.0182437265 -0.001264073 0.023169025 0.021402514 0.006587733 0.018491182
           [,10]       [,11]       [,12]      [,13]
[1,] 0.003935756 0.013766090 -0.00246835 0.01426897
[2,] 0.073688490 0.086121973  0.10989575 0.09551768
[3,] 0.020229967 0.054709510  0.04198973 0.07716848
[4,] 0.012837401 0.009429169  0.01199434 0.01131411
[5,] 0.032092547 0.017547361  0.04133352 0.01457158


$diagnostic_list
$diagnostic_list$`Shock: monetary_policy`
$diagnostic_list$`Shock: monetary_policy`[[1]]
                               R-sqrd. Adj. R-sqrd.    F-stat     p-value
h1:monetary_policy           0.2183444  -0.07942911 0.7332567 0.745201259
h1:inflation_expectations_1y 0.3596616   0.11572321 1.4743952 0.155529318
h1:inflation_expectations_3y 0.1309735  -0.20008418 0.3956214 0.976277176
h1:inflation                 0.5111527   0.32492513 2.7447748 0.004480683
h1:economic_activity         0.3437007   0.09368186 1.3746993 0.200979231

$diagnostic_list$`Shock: monetary_policy`[[2]]
                               R-sqrd. Adj. R-sqrd.    F-stat   p-value
h2:monetary_policy           0.2432556 -0.052059255 0.8237161 0.6527458
h2:inflation_expectations_1y 0.3183672  0.052364195 1.1968556 0.3107845
h2:inflation_expectations_3y 0.2497478 -0.043033545 0.8530181 0.6224472
h2:inflation                 0.2288429 -0.072096470 0.7604286 0.7176544
h2:economic_activity         0.2796418 -0.001473598 0.9947580 0.4805343

$diagnostic_list$`Shock: monetary_policy`[[3]]
                               R-sqrd. Adj. R-sqrd.    F-stat   p-value
h3:monetary_policy           0.3057753   0.02808546 1.1011397 0.3860194
h3:inflation_expectations_1y 0.3083109   0.03163529 1.1143407 0.3751215
h3:inflation_expectations_3y 0.1755442  -0.15423805 0.5323034 0.9131098
h3:inflation                 0.2742277  -0.01608126 0.9446064 0.5295898
h3:economic_activity         0.3005369   0.02075162 1.0741698 0.4089202

$diagnostic_list$`Shock: monetary_policy`[[4]]
                               R-sqrd. Adj. R-sqrd.    F-stat   p-value
h4:monetary_policy           0.2111473  -0.11248457 0.6524305 0.8202892
h4:inflation_expectations_1y 0.2629628  -0.03941145 0.8696600 0.6053426
h4:inflation_expectations_3y 0.2112193  -0.11238309 0.6527124 0.8200393
h4:inflation                 0.2742494  -0.02349450 0.9210916 0.5532388
h4:economic_activity         0.3445012   0.07557866 1.2810425 0.2570363

$diagnostic_list$`Shock: monetary_policy`[[5]]
                               R-sqrd. Adj. R-sqrd.    F-stat   p-value
h5:monetary_policy           0.3409071   0.06339425 1.2284372 0.2920859
h5:inflation_expectations_1y 0.2139487  -0.11702030 0.6464312 0.8250848
h5:inflation_expectations_3y 0.2535279  -0.06077617 0.8066326 0.6698791
h5:inflation                 0.2565777  -0.05644228 0.8196847 0.6565205
h5:economic_activity         0.2137444  -0.11731061 0.6456462 0.8257718

$diagnostic_list$`Shock: monetary_policy`[[6]]
                               R-sqrd. Adj. R-sqrd.    F-stat   p-value
h6:monetary_policy           0.2037403  -0.14058827 0.5917031 0.8697693
h6:inflation_expectations_1y 0.3826102   0.11563077 1.4331075 0.1797440
h6:inflation_expectations_3y 0.2491428  -0.07555214 0.7673135 0.7095437
h6:inflation                 0.2571306  -0.06411019 0.8004295 0.6760152
h6:economic_activity         0.1466187  -0.22241105 0.3973086 0.9747098

$diagnostic_list$`Shock: monetary_policy`[[7]]
                               R-sqrd. Adj. R-sqrd.    F-stat   p-value
h7:monetary_policy           0.2352992  -0.10456781 0.6923273 0.7823495
h7:inflation_expectations_1y 0.2943631  -0.01925323 0.9386090 0.5367145
h7:inflation_expectations_3y 0.2829054  -0.03580330 0.8876614 0.5872948
h7:inflation                 0.3775268   0.10087203 1.3646134 0.2141146
h7:economic_activity         0.3526433   0.06492928 1.2256729 0.2964460

$diagnostic_list$`Shock: monetary_policy`[[8]]
                               R-sqrd. Adj. R-sqrd.    F-stat   p-value
h8:monetary_policy           0.3831652   0.10118354 1.3588302 0.2186518
h8:inflation_expectations_1y 0.2510136  -0.09138021 0.7331137 0.7427451
h8:inflation_expectations_3y 0.2488116  -0.09458881 0.7245524 0.7510836
h8:inflation                 0.2898215  -0.03483149 0.8927116 0.5823609
h8:economic_activity         0.3291277   0.02244329 1.0731804 0.4137978

$diagnostic_list$`Shock: monetary_policy`[[9]]
                               R-sqrd. Adj. R-sqrd.    F-stat   p-value
h9:monetary_policy           0.2854393  -0.05082450 0.8488553 0.6264807
h9:inflation_expectations_1y 0.2749670  -0.06622498 0.8059011 0.6698464
h9:inflation_expectations_3y 0.2542087  -0.09675196 0.7243225 0.7508478
h9:inflation                 0.3412979   0.03132044 1.1010410 0.3916028
h9:economic_activity         0.3545063   0.05074451 1.1670537 0.3403793

$diagnostic_list$`Shock: monetary_policy`[[10]]
                                R-sqrd.  Adj. R-sqrd.    F-stat   p-value
h10:monetary_policy           0.3262526 -0.0004128043 0.9987363 0.4811645
h10:inflation_expectations_1y 0.3707375  0.0656405502 1.2151465 0.3077141
h10:inflation_expectations_3y 0.2597795 -0.0991153493 0.7238318 0.7508416
h10:inflation                 0.3562142  0.0440756105 1.1412053 0.3610496
h10:economic_activity         0.4048375  0.1162738663 1.4029401 0.2000938

$diagnostic_list$`Shock: monetary_policy`[[11]]
                                R-sqrd. Adj. R-sqrd.    F-stat   p-value
h11:monetary_policy           0.2685312  -0.09720313 0.7342248 0.7402970
h11:inflation_expectations_1y 0.3151751  -0.02723740 0.9204544 0.5556808
h11:inflation_expectations_3y 0.2040957  -0.19385648 0.5128649 0.9210169
h11:inflation                 0.3024529  -0.04632070 0.8671898 0.6081162
h11:economic_activity         0.3555857   0.03337857 1.1035935 0.3917474

$diagnostic_list$`Shock: monetary_policy`[[12]]
                                R-sqrd. Adj. R-sqrd.    F-stat   p-value
h12:monetary_policy           0.2997048  -0.06173795 0.8291902 0.6459585
h12:inflation_expectations_1y 0.3823502   0.06356323 1.1993909 0.3215491
h12:inflation_expectations_3y 0.3188941  -0.03264442 0.9071384 0.5689127
h12:inflation                 0.3995387   0.08962318 1.2891858 0.2640972
h12:economic_activity         0.3484771   0.01220728 1.0363020 0.4491682


$diagnostic_list$`Shock: inflation_expectations_1y`
$diagnostic_list$`Shock: inflation_expectations_1y`[[1]]
                               R-sqrd. Adj. R-sqrd.    F-stat     p-value
h1:monetary_policy           0.2183444  -0.07942911 0.7332567 0.745201259
h1:inflation_expectations_1y 0.3596616   0.11572321 1.4743952 0.155529318
h1:inflation_expectations_3y 0.1309735  -0.20008418 0.3956214 0.976277176
h1:inflation                 0.5111527   0.32492513 2.7447748 0.004480683
h1:economic_activity         0.3437007   0.09368186 1.3746993 0.200979231

$diagnostic_list$`Shock: inflation_expectations_1y`[[2]]
                               R-sqrd. Adj. R-sqrd.    F-stat   p-value
h2:monetary_policy           0.2432556 -0.052059255 0.8237161 0.6527458
h2:inflation_expectations_1y 0.3183672  0.052364195 1.1968556 0.3107845
h2:inflation_expectations_3y 0.2497478 -0.043033545 0.8530181 0.6224472
h2:inflation                 0.2288429 -0.072096470 0.7604286 0.7176544
h2:economic_activity         0.2796418 -0.001473598 0.9947580 0.4805343

$diagnostic_list$`Shock: inflation_expectations_1y`[[3]]
                               R-sqrd. Adj. R-sqrd.    F-stat   p-value
h3:monetary_policy           0.3057753   0.02808546 1.1011397 0.3860194
h3:inflation_expectations_1y 0.3083109   0.03163529 1.1143407 0.3751215
h3:inflation_expectations_3y 0.1755442  -0.15423805 0.5323034 0.9131098
h3:inflation                 0.2742277  -0.01608126 0.9446064 0.5295898
h3:economic_activity         0.3005369   0.02075162 1.0741698 0.4089202

$diagnostic_list$`Shock: inflation_expectations_1y`[[4]]
                               R-sqrd. Adj. R-sqrd.    F-stat   p-value
h4:monetary_policy           0.2111473  -0.11248457 0.6524305 0.8202892
h4:inflation_expectations_1y 0.2629628  -0.03941145 0.8696600 0.6053426
h4:inflation_expectations_3y 0.2112193  -0.11238309 0.6527124 0.8200393
h4:inflation                 0.2742494  -0.02349450 0.9210916 0.5532388
h4:economic_activity         0.3445012   0.07557866 1.2810425 0.2570363

$diagnostic_list$`Shock: inflation_expectations_1y`[[5]]
                               R-sqrd. Adj. R-sqrd.    F-stat   p-value
h5:monetary_policy           0.3409071   0.06339425 1.2284372 0.2920859
h5:inflation_expectations_1y 0.2139487  -0.11702030 0.6464312 0.8250848
h5:inflation_expectations_3y 0.2535279  -0.06077617 0.8066326 0.6698791
h5:inflation                 0.2565777  -0.05644228 0.8196847 0.6565205
h5:economic_activity         0.2137444  -0.11731061 0.6456462 0.8257718

$diagnostic_list$`Shock: inflation_expectations_1y`[[6]]
                               R-sqrd. Adj. R-sqrd.    F-stat   p-value
h6:monetary_policy           0.2037403  -0.14058827 0.5917031 0.8697693
h6:inflation_expectations_1y 0.3826102   0.11563077 1.4331075 0.1797440
h6:inflation_expectations_3y 0.2491428  -0.07555214 0.7673135 0.7095437
h6:inflation                 0.2571306  -0.06411019 0.8004295 0.6760152
h6:economic_activity         0.1466187  -0.22241105 0.3973086 0.9747098

$diagnostic_list$`Shock: inflation_expectations_1y`[[7]]
                               R-sqrd. Adj. R-sqrd.    F-stat   p-value
h7:monetary_policy           0.2352992  -0.10456781 0.6923273 0.7823495
h7:inflation_expectations_1y 0.2943631  -0.01925323 0.9386090 0.5367145
h7:inflation_expectations_3y 0.2829054  -0.03580330 0.8876614 0.5872948
h7:inflation                 0.3775268   0.10087203 1.3646134 0.2141146
h7:economic_activity         0.3526433   0.06492928 1.2256729 0.2964460

$diagnostic_list$`Shock: inflation_expectations_1y`[[8]]
                               R-sqrd. Adj. R-sqrd.    F-stat   p-value
h8:monetary_policy           0.3831652   0.10118354 1.3588302 0.2186518
h8:inflation_expectations_1y 0.2510136  -0.09138021 0.7331137 0.7427451
h8:inflation_expectations_3y 0.2488116  -0.09458881 0.7245524 0.7510836
h8:inflation                 0.2898215  -0.03483149 0.8927116 0.5823609
h8:economic_activity         0.3291277   0.02244329 1.0731804 0.4137978

$diagnostic_list$`Shock: inflation_expectations_1y`[[9]]
                               R-sqrd. Adj. R-sqrd.    F-stat   p-value
h9:monetary_policy           0.2854393  -0.05082450 0.8488553 0.6264807
h9:inflation_expectations_1y 0.2749670  -0.06622498 0.8059011 0.6698464
h9:inflation_expectations_3y 0.2542087  -0.09675196 0.7243225 0.7508478
h9:inflation                 0.3412979   0.03132044 1.1010410 0.3916028
h9:economic_activity         0.3545063   0.05074451 1.1670537 0.3403793

$diagnostic_list$`Shock: inflation_expectations_1y`[[10]]
                                R-sqrd.  Adj. R-sqrd.    F-stat   p-value
h10:monetary_policy           0.3262526 -0.0004128043 0.9987363 0.4811645
h10:inflation_expectations_1y 0.3707375  0.0656405502 1.2151465 0.3077141
h10:inflation_expectations_3y 0.2597795 -0.0991153493 0.7238318 0.7508416
h10:inflation                 0.3562142  0.0440756105 1.1412053 0.3610496
h10:economic_activity         0.4048375  0.1162738663 1.4029401 0.2000938

$diagnostic_list$`Shock: inflation_expectations_1y`[[11]]
                                R-sqrd. Adj. R-sqrd.    F-stat   p-value
h11:monetary_policy           0.2685312  -0.09720313 0.7342248 0.7402970
h11:inflation_expectations_1y 0.3151751  -0.02723740 0.9204544 0.5556808
h11:inflation_expectations_3y 0.2040957  -0.19385648 0.5128649 0.9210169
h11:inflation                 0.3024529  -0.04632070 0.8671898 0.6081162
h11:economic_activity         0.3555857   0.03337857 1.1035935 0.3917474

$diagnostic_list$`Shock: inflation_expectations_1y`[[12]]
                                R-sqrd. Adj. R-sqrd.    F-stat   p-value
h12:monetary_policy           0.2997048  -0.06173795 0.8291902 0.6459585
h12:inflation_expectations_1y 0.3823502   0.06356323 1.1993909 0.3215491
h12:inflation_expectations_3y 0.3188941  -0.03264442 0.9071384 0.5689127
h12:inflation                 0.3995387   0.08962318 1.2891858 0.2640972
h12:economic_activity         0.3484771   0.01220728 1.0363020 0.4491682


$diagnostic_list$`Shock: inflation_expectations_3y`
$diagnostic_list$`Shock: inflation_expectations_3y`[[1]]
                               R-sqrd. Adj. R-sqrd.    F-stat     p-value
h1:monetary_policy           0.2183444  -0.07942911 0.7332567 0.745201259
h1:inflation_expectations_1y 0.3596616   0.11572321 1.4743952 0.155529318
h1:inflation_expectations_3y 0.1309735  -0.20008418 0.3956214 0.976277176
h1:inflation                 0.5111527   0.32492513 2.7447748 0.004480683
h1:economic_activity         0.3437007   0.09368186 1.3746993 0.200979231

$diagnostic_list$`Shock: inflation_expectations_3y`[[2]]
                               R-sqrd. Adj. R-sqrd.    F-stat   p-value
h2:monetary_policy           0.2432556 -0.052059255 0.8237161 0.6527458
h2:inflation_expectations_1y 0.3183672  0.052364195 1.1968556 0.3107845
h2:inflation_expectations_3y 0.2497478 -0.043033545 0.8530181 0.6224472
h2:inflation                 0.2288429 -0.072096470 0.7604286 0.7176544
h2:economic_activity         0.2796418 -0.001473598 0.9947580 0.4805343

$diagnostic_list$`Shock: inflation_expectations_3y`[[3]]
                               R-sqrd. Adj. R-sqrd.    F-stat   p-value
h3:monetary_policy           0.3057753   0.02808546 1.1011397 0.3860194
h3:inflation_expectations_1y 0.3083109   0.03163529 1.1143407 0.3751215
h3:inflation_expectations_3y 0.1755442  -0.15423805 0.5323034 0.9131098
h3:inflation                 0.2742277  -0.01608126 0.9446064 0.5295898
h3:economic_activity         0.3005369   0.02075162 1.0741698 0.4089202

$diagnostic_list$`Shock: inflation_expectations_3y`[[4]]
                               R-sqrd. Adj. R-sqrd.    F-stat   p-value
h4:monetary_policy           0.2111473  -0.11248457 0.6524305 0.8202892
h4:inflation_expectations_1y 0.2629628  -0.03941145 0.8696600 0.6053426
h4:inflation_expectations_3y 0.2112193  -0.11238309 0.6527124 0.8200393
h4:inflation                 0.2742494  -0.02349450 0.9210916 0.5532388
h4:economic_activity         0.3445012   0.07557866 1.2810425 0.2570363

$diagnostic_list$`Shock: inflation_expectations_3y`[[5]]
                               R-sqrd. Adj. R-sqrd.    F-stat   p-value
h5:monetary_policy           0.3409071   0.06339425 1.2284372 0.2920859
h5:inflation_expectations_1y 0.2139487  -0.11702030 0.6464312 0.8250848
h5:inflation_expectations_3y 0.2535279  -0.06077617 0.8066326 0.6698791
h5:inflation                 0.2565777  -0.05644228 0.8196847 0.6565205
h5:economic_activity         0.2137444  -0.11731061 0.6456462 0.8257718

$diagnostic_list$`Shock: inflation_expectations_3y`[[6]]
                               R-sqrd. Adj. R-sqrd.    F-stat   p-value
h6:monetary_policy           0.2037403  -0.14058827 0.5917031 0.8697693
h6:inflation_expectations_1y 0.3826102   0.11563077 1.4331075 0.1797440
h6:inflation_expectations_3y 0.2491428  -0.07555214 0.7673135 0.7095437
h6:inflation                 0.2571306  -0.06411019 0.8004295 0.6760152
h6:economic_activity         0.1466187  -0.22241105 0.3973086 0.9747098

$diagnostic_list$`Shock: inflation_expectations_3y`[[7]]
                               R-sqrd. Adj. R-sqrd.    F-stat   p-value
h7:monetary_policy           0.2352992  -0.10456781 0.6923273 0.7823495
h7:inflation_expectations_1y 0.2943631  -0.01925323 0.9386090 0.5367145
h7:inflation_expectations_3y 0.2829054  -0.03580330 0.8876614 0.5872948
h7:inflation                 0.3775268   0.10087203 1.3646134 0.2141146
h7:economic_activity         0.3526433   0.06492928 1.2256729 0.2964460

$diagnostic_list$`Shock: inflation_expectations_3y`[[8]]
                               R-sqrd. Adj. R-sqrd.    F-stat   p-value
h8:monetary_policy           0.3831652   0.10118354 1.3588302 0.2186518
h8:inflation_expectations_1y 0.2510136  -0.09138021 0.7331137 0.7427451
h8:inflation_expectations_3y 0.2488116  -0.09458881 0.7245524 0.7510836
h8:inflation                 0.2898215  -0.03483149 0.8927116 0.5823609
h8:economic_activity         0.3291277   0.02244329 1.0731804 0.4137978

$diagnostic_list$`Shock: inflation_expectations_3y`[[9]]
                               R-sqrd. Adj. R-sqrd.    F-stat   p-value
h9:monetary_policy           0.2854393  -0.05082450 0.8488553 0.6264807
h9:inflation_expectations_1y 0.2749670  -0.06622498 0.8059011 0.6698464
h9:inflation_expectations_3y 0.2542087  -0.09675196 0.7243225 0.7508478
h9:inflation                 0.3412979   0.03132044 1.1010410 0.3916028
h9:economic_activity         0.3545063   0.05074451 1.1670537 0.3403793

$diagnostic_list$`Shock: inflation_expectations_3y`[[10]]
                                R-sqrd.  Adj. R-sqrd.    F-stat   p-value
h10:monetary_policy           0.3262526 -0.0004128043 0.9987363 0.4811645
h10:inflation_expectations_1y 0.3707375  0.0656405502 1.2151465 0.3077141
h10:inflation_expectations_3y 0.2597795 -0.0991153493 0.7238318 0.7508416
h10:inflation                 0.3562142  0.0440756105 1.1412053 0.3610496
h10:economic_activity         0.4048375  0.1162738663 1.4029401 0.2000938

$diagnostic_list$`Shock: inflation_expectations_3y`[[11]]
                                R-sqrd. Adj. R-sqrd.    F-stat   p-value
h11:monetary_policy           0.2685312  -0.09720313 0.7342248 0.7402970
h11:inflation_expectations_1y 0.3151751  -0.02723740 0.9204544 0.5556808
h11:inflation_expectations_3y 0.2040957  -0.19385648 0.5128649 0.9210169
h11:inflation                 0.3024529  -0.04632070 0.8671898 0.6081162
h11:economic_activity         0.3555857   0.03337857 1.1035935 0.3917474

$diagnostic_list$`Shock: inflation_expectations_3y`[[12]]
                                R-sqrd. Adj. R-sqrd.    F-stat   p-value
h12:monetary_policy           0.2997048  -0.06173795 0.8291902 0.6459585
h12:inflation_expectations_1y 0.3823502   0.06356323 1.1993909 0.3215491
h12:inflation_expectations_3y 0.3188941  -0.03264442 0.9071384 0.5689127
h12:inflation                 0.3995387   0.08962318 1.2891858 0.2640972
h12:economic_activity         0.3484771   0.01220728 1.0363020 0.4491682


$diagnostic_list$`Shock: inflation`
$diagnostic_list$`Shock: inflation`[[1]]
                               R-sqrd. Adj. R-sqrd.    F-stat     p-value
h1:monetary_policy           0.2183444  -0.07942911 0.7332567 0.745201259
h1:inflation_expectations_1y 0.3596616   0.11572321 1.4743952 0.155529318
h1:inflation_expectations_3y 0.1309735  -0.20008418 0.3956214 0.976277176
h1:inflation                 0.5111527   0.32492513 2.7447748 0.004480683
h1:economic_activity         0.3437007   0.09368186 1.3746993 0.200979231

$diagnostic_list$`Shock: inflation`[[2]]
                               R-sqrd. Adj. R-sqrd.    F-stat   p-value
h2:monetary_policy           0.2432556 -0.052059255 0.8237161 0.6527458
h2:inflation_expectations_1y 0.3183672  0.052364195 1.1968556 0.3107845
h2:inflation_expectations_3y 0.2497478 -0.043033545 0.8530181 0.6224472
h2:inflation                 0.2288429 -0.072096470 0.7604286 0.7176544
h2:economic_activity         0.2796418 -0.001473598 0.9947580 0.4805343

$diagnostic_list$`Shock: inflation`[[3]]
                               R-sqrd. Adj. R-sqrd.    F-stat   p-value
h3:monetary_policy           0.3057753   0.02808546 1.1011397 0.3860194
h3:inflation_expectations_1y 0.3083109   0.03163529 1.1143407 0.3751215
h3:inflation_expectations_3y 0.1755442  -0.15423805 0.5323034 0.9131098
h3:inflation                 0.2742277  -0.01608126 0.9446064 0.5295898
h3:economic_activity         0.3005369   0.02075162 1.0741698 0.4089202

$diagnostic_list$`Shock: inflation`[[4]]
                               R-sqrd. Adj. R-sqrd.    F-stat   p-value
h4:monetary_policy           0.2111473  -0.11248457 0.6524305 0.8202892
h4:inflation_expectations_1y 0.2629628  -0.03941145 0.8696600 0.6053426
h4:inflation_expectations_3y 0.2112193  -0.11238309 0.6527124 0.8200393
h4:inflation                 0.2742494  -0.02349450 0.9210916 0.5532388
h4:economic_activity         0.3445012   0.07557866 1.2810425 0.2570363

$diagnostic_list$`Shock: inflation`[[5]]
                               R-sqrd. Adj. R-sqrd.    F-stat   p-value
h5:monetary_policy           0.3409071   0.06339425 1.2284372 0.2920859
h5:inflation_expectations_1y 0.2139487  -0.11702030 0.6464312 0.8250848
h5:inflation_expectations_3y 0.2535279  -0.06077617 0.8066326 0.6698791
h5:inflation                 0.2565777  -0.05644228 0.8196847 0.6565205
h5:economic_activity         0.2137444  -0.11731061 0.6456462 0.8257718

$diagnostic_list$`Shock: inflation`[[6]]
                               R-sqrd. Adj. R-sqrd.    F-stat   p-value
h6:monetary_policy           0.2037403  -0.14058827 0.5917031 0.8697693
h6:inflation_expectations_1y 0.3826102   0.11563077 1.4331075 0.1797440
h6:inflation_expectations_3y 0.2491428  -0.07555214 0.7673135 0.7095437
h6:inflation                 0.2571306  -0.06411019 0.8004295 0.6760152
h6:economic_activity         0.1466187  -0.22241105 0.3973086 0.9747098

$diagnostic_list$`Shock: inflation`[[7]]
                               R-sqrd. Adj. R-sqrd.    F-stat   p-value
h7:monetary_policy           0.2352992  -0.10456781 0.6923273 0.7823495
h7:inflation_expectations_1y 0.2943631  -0.01925323 0.9386090 0.5367145
h7:inflation_expectations_3y 0.2829054  -0.03580330 0.8876614 0.5872948
h7:inflation                 0.3775268   0.10087203 1.3646134 0.2141146
h7:economic_activity         0.3526433   0.06492928 1.2256729 0.2964460

$diagnostic_list$`Shock: inflation`[[8]]
                               R-sqrd. Adj. R-sqrd.    F-stat   p-value
h8:monetary_policy           0.3831652   0.10118354 1.3588302 0.2186518
h8:inflation_expectations_1y 0.2510136  -0.09138021 0.7331137 0.7427451
h8:inflation_expectations_3y 0.2488116  -0.09458881 0.7245524 0.7510836
h8:inflation                 0.2898215  -0.03483149 0.8927116 0.5823609
h8:economic_activity         0.3291277   0.02244329 1.0731804 0.4137978

$diagnostic_list$`Shock: inflation`[[9]]
                               R-sqrd. Adj. R-sqrd.    F-stat   p-value
h9:monetary_policy           0.2854393  -0.05082450 0.8488553 0.6264807
h9:inflation_expectations_1y 0.2749670  -0.06622498 0.8059011 0.6698464
h9:inflation_expectations_3y 0.2542087  -0.09675196 0.7243225 0.7508478
h9:inflation                 0.3412979   0.03132044 1.1010410 0.3916028
h9:economic_activity         0.3545063   0.05074451 1.1670537 0.3403793

$diagnostic_list$`Shock: inflation`[[10]]
                                R-sqrd.  Adj. R-sqrd.    F-stat   p-value
h10:monetary_policy           0.3262526 -0.0004128043 0.9987363 0.4811645
h10:inflation_expectations_1y 0.3707375  0.0656405502 1.2151465 0.3077141
h10:inflation_expectations_3y 0.2597795 -0.0991153493 0.7238318 0.7508416
h10:inflation                 0.3562142  0.0440756105 1.1412053 0.3610496
h10:economic_activity         0.4048375  0.1162738663 1.4029401 0.2000938

$diagnostic_list$`Shock: inflation`[[11]]
                                R-sqrd. Adj. R-sqrd.    F-stat   p-value
h11:monetary_policy           0.2685312  -0.09720313 0.7342248 0.7402970
h11:inflation_expectations_1y 0.3151751  -0.02723740 0.9204544 0.5556808
h11:inflation_expectations_3y 0.2040957  -0.19385648 0.5128649 0.9210169
h11:inflation                 0.3024529  -0.04632070 0.8671898 0.6081162
h11:economic_activity         0.3555857   0.03337857 1.1035935 0.3917474

$diagnostic_list$`Shock: inflation`[[12]]
                                R-sqrd. Adj. R-sqrd.    F-stat   p-value
h12:monetary_policy           0.2997048  -0.06173795 0.8291902 0.6459585
h12:inflation_expectations_1y 0.3823502   0.06356323 1.1993909 0.3215491
h12:inflation_expectations_3y 0.3188941  -0.03264442 0.9071384 0.5689127
h12:inflation                 0.3995387   0.08962318 1.2891858 0.2640972
h12:economic_activity         0.3484771   0.01220728 1.0363020 0.4491682


$diagnostic_list$`Shock: economic_activity`
$diagnostic_list$`Shock: economic_activity`[[1]]
                               R-sqrd. Adj. R-sqrd.    F-stat     p-value
h1:monetary_policy           0.2183444  -0.07942911 0.7332567 0.745201259
h1:inflation_expectations_1y 0.3596616   0.11572321 1.4743952 0.155529318
h1:inflation_expectations_3y 0.1309735  -0.20008418 0.3956214 0.976277176
h1:inflation                 0.5111527   0.32492513 2.7447748 0.004480683
h1:economic_activity         0.3437007   0.09368186 1.3746993 0.200979231

$diagnostic_list$`Shock: economic_activity`[[2]]
                               R-sqrd. Adj. R-sqrd.    F-stat   p-value
h2:monetary_policy           0.2432556 -0.052059255 0.8237161 0.6527458
h2:inflation_expectations_1y 0.3183672  0.052364195 1.1968556 0.3107845
h2:inflation_expectations_3y 0.2497478 -0.043033545 0.8530181 0.6224472
h2:inflation                 0.2288429 -0.072096470 0.7604286 0.7176544
h2:economic_activity         0.2796418 -0.001473598 0.9947580 0.4805343

$diagnostic_list$`Shock: economic_activity`[[3]]
                               R-sqrd. Adj. R-sqrd.    F-stat   p-value
h3:monetary_policy           0.3057753   0.02808546 1.1011397 0.3860194
h3:inflation_expectations_1y 0.3083109   0.03163529 1.1143407 0.3751215
h3:inflation_expectations_3y 0.1755442  -0.15423805 0.5323034 0.9131098
h3:inflation                 0.2742277  -0.01608126 0.9446064 0.5295898
h3:economic_activity         0.3005369   0.02075162 1.0741698 0.4089202

$diagnostic_list$`Shock: economic_activity`[[4]]
                               R-sqrd. Adj. R-sqrd.    F-stat   p-value
h4:monetary_policy           0.2111473  -0.11248457 0.6524305 0.8202892
h4:inflation_expectations_1y 0.2629628  -0.03941145 0.8696600 0.6053426
h4:inflation_expectations_3y 0.2112193  -0.11238309 0.6527124 0.8200393
h4:inflation                 0.2742494  -0.02349450 0.9210916 0.5532388
h4:economic_activity         0.3445012   0.07557866 1.2810425 0.2570363

$diagnostic_list$`Shock: economic_activity`[[5]]
                               R-sqrd. Adj. R-sqrd.    F-stat   p-value
h5:monetary_policy           0.3409071   0.06339425 1.2284372 0.2920859
h5:inflation_expectations_1y 0.2139487  -0.11702030 0.6464312 0.8250848
h5:inflation_expectations_3y 0.2535279  -0.06077617 0.8066326 0.6698791
h5:inflation                 0.2565777  -0.05644228 0.8196847 0.6565205
h5:economic_activity         0.2137444  -0.11731061 0.6456462 0.8257718

$diagnostic_list$`Shock: economic_activity`[[6]]
                               R-sqrd. Adj. R-sqrd.    F-stat   p-value
h6:monetary_policy           0.2037403  -0.14058827 0.5917031 0.8697693
h6:inflation_expectations_1y 0.3826102   0.11563077 1.4331075 0.1797440
h6:inflation_expectations_3y 0.2491428  -0.07555214 0.7673135 0.7095437
h6:inflation                 0.2571306  -0.06411019 0.8004295 0.6760152
h6:economic_activity         0.1466187  -0.22241105 0.3973086 0.9747098

$diagnostic_list$`Shock: economic_activity`[[7]]
                               R-sqrd. Adj. R-sqrd.    F-stat   p-value
h7:monetary_policy           0.2352992  -0.10456781 0.6923273 0.7823495
h7:inflation_expectations_1y 0.2943631  -0.01925323 0.9386090 0.5367145
h7:inflation_expectations_3y 0.2829054  -0.03580330 0.8876614 0.5872948
h7:inflation                 0.3775268   0.10087203 1.3646134 0.2141146
h7:economic_activity         0.3526433   0.06492928 1.2256729 0.2964460

$diagnostic_list$`Shock: economic_activity`[[8]]
                               R-sqrd. Adj. R-sqrd.    F-stat   p-value
h8:monetary_policy           0.3831652   0.10118354 1.3588302 0.2186518
h8:inflation_expectations_1y 0.2510136  -0.09138021 0.7331137 0.7427451
h8:inflation_expectations_3y 0.2488116  -0.09458881 0.7245524 0.7510836
h8:inflation                 0.2898215  -0.03483149 0.8927116 0.5823609
h8:economic_activity         0.3291277   0.02244329 1.0731804 0.4137978

$diagnostic_list$`Shock: economic_activity`[[9]]
                               R-sqrd. Adj. R-sqrd.    F-stat   p-value
h9:monetary_policy           0.2854393  -0.05082450 0.8488553 0.6264807
h9:inflation_expectations_1y 0.2749670  -0.06622498 0.8059011 0.6698464
h9:inflation_expectations_3y 0.2542087  -0.09675196 0.7243225 0.7508478
h9:inflation                 0.3412979   0.03132044 1.1010410 0.3916028
h9:economic_activity         0.3545063   0.05074451 1.1670537 0.3403793

$diagnostic_list$`Shock: economic_activity`[[10]]
                                R-sqrd.  Adj. R-sqrd.    F-stat   p-value
h10:monetary_policy           0.3262526 -0.0004128043 0.9987363 0.4811645
h10:inflation_expectations_1y 0.3707375  0.0656405502 1.2151465 0.3077141
h10:inflation_expectations_3y 0.2597795 -0.0991153493 0.7238318 0.7508416
h10:inflation                 0.3562142  0.0440756105 1.1412053 0.3610496
h10:economic_activity         0.4048375  0.1162738663 1.4029401 0.2000938

$diagnostic_list$`Shock: economic_activity`[[11]]
                                R-sqrd. Adj. R-sqrd.    F-stat   p-value
h11:monetary_policy           0.2685312  -0.09720313 0.7342248 0.7402970
h11:inflation_expectations_1y 0.3151751  -0.02723740 0.9204544 0.5556808
h11:inflation_expectations_3y 0.2040957  -0.19385648 0.5128649 0.9210169
h11:inflation                 0.3024529  -0.04632070 0.8671898 0.6081162
h11:economic_activity         0.3555857   0.03337857 1.1035935 0.3917474

$diagnostic_list$`Shock: economic_activity`[[12]]
                                R-sqrd. Adj. R-sqrd.    F-stat   p-value
h12:monetary_policy           0.2997048  -0.06173795 0.8291902 0.6459585
h12:inflation_expectations_1y 0.3823502   0.06356323 1.1993909 0.3215491
h12:inflation_expectations_3y 0.3188941  -0.03264442 0.9071384 0.5689127
h12:inflation                 0.3995387   0.08962318 1.2891858 0.2640972
h12:economic_activity         0.3484771   0.01220728 1.0363020 0.4491682



$specs
$specs$lags_endog_lin
SC(n) 
    1 

$specs$lags_criterion
[1] NaN

$specs$max_lags
[1] NaN

$specs$trend
[1] 0

$specs$shock_type
[1] 0

$specs$confint
[1] 1.65

$specs$hor
[1] 12

$specs$use_nw
[1] TRUE

$specs$nw_prewhite
[1] FALSE

$specs$adjust_se
[1] FALSE

$specs$use_twosls
[1] FALSE

$specs$contemp_data
$specs$contemp_data$dummy
 [1] 0 0 0 0 0 0 0 0 0 0 0 0 0 0 0 0 0 0 0 0 0 0 0 0 0 1 1 1 1 0 1 0 1 0 0 0 0 0 0 0 0 0 0 0 0 0 0 0 0 0 0 0 0 0 0 0 0 0 0 0

$specs$contemp_data$Jan
 [1] 0 0 0 0 0 0 0 0 0 0 0 1 0 0 0 0 0 0 0 0 0 0 0 1 0 0 0 0 0 0 0 0 0 0 0 1 0 0 0 0 0 0 0 0 0 0 0 1 0 0 0 0 0 0 0 0 0 0 0 1

$specs$contemp_data$Feb
 [1] 1 0 0 0 0 0 0 0 0 0 0 0 1 0 0 0 0 0 0 0 0 0 0 0 1 0 0 0 0 0 0 0 0 0 0 0 1 0 0 0 0 0 0 0 0 0 0 0 1 0 0 0 0 0 0 0 0 0 0 0

$specs$contemp_data$Mar
 [1] 0 1 0 0 0 0 0 0 0 0 0 0 0 1 0 0 0 0 0 0 0 0 0 0 0 1 0 0 0 0 0 0 0 0 0 0 0 1 0 0 0 0 0 0 0 0 0 0 0 1 0 0 0 0 0 0 0 0 0 0

$specs$contemp_data$Apr
 [1] 0 0 1 0 0 0 0 0 0 0 0 0 0 0 1 0 0 0 0 0 0 0 0 0 0 0 1 0 0 0 0 0 0 0 0 0 0 0 1 0 0 0 0 0 0 0 0 0 0 0 1 0 0 0 0 0 0 0 0 0

$specs$contemp_data$May
 [1] 0 0 0 1 0 0 0 0 0 0 0 0 0 0 0 1 0 0 0 0 0 0 0 0 0 0 0 1 0 0 0 0 0 0 0 0 0 0 0 1 0 0 0 0 0 0 0 0 0 0 0 1 0 0 0 0 0 0 0 0

$specs$contemp_data$Jun
 [1] 0 0 0 0 1 0 0 0 0 0 0 0 0 0 0 0 1 0 0 0 0 0 0 0 0 0 0 0 1 0 0 0 0 0 0 0 0 0 0 0 1 0 0 0 0 0 0 0 0 0 0 0 1 0 0 0 0 0 0 0

$specs$contemp_data$Jul
 [1] 0 0 0 0 0 1 0 0 0 0 0 0 0 0 0 0 0 1 0 0 0 0 0 0 0 0 0 0 0 1 0 0 0 0 0 0 0 0 0 0 0 1 0 0 0 0 0 0 0 0 0 0 0 1 0 0 0 0 0 0

$specs$contemp_data$Aug
 [1] 0 0 0 0 0 0 1 0 0 0 0 0 0 0 0 0 0 0 1 0 0 0 0 0 0 0 0 0 0 0 1 0 0 0 0 0 0 0 0 0 0 0 1 0 0 0 0 0 0 0 0 0 0 0 1 0 0 0 0 0

$specs$contemp_data$Sep
 [1] 0 0 0 0 0 0 0 1 0 0 0 0 0 0 0 0 0 0 0 1 0 0 0 0 0 0 0 0 0 0 0 1 0 0 0 0 0 0 0 0 0 0 0 1 0 0 0 0 0 0 0 0 0 0 0 1 0 0 0 0

$specs$contemp_data$Oct
 [1] 0 0 0 0 0 0 0 0 1 0 0 0 0 0 0 0 0 0 0 0 1 0 0 0 0 0 0 0 0 0 0 0 1 0 0 0 0 0 0 0 0 0 0 0 1 0 0 0 0 0 0 0 0 0 0 0 1 0 0 0


$specs$model_type
[1] 0

$specs$starts
[1] 1

$specs$ends
[1] 60

$specs$column_names
[1] "monetary_policy"           "inflation_expectations_1y" "inflation_expectations_3y" "inflation"                
[5] "economic_activity"        

$specs$endog
[1] 5

$specs$y_lin
   monetary_policy inflation_expectations_1y inflation_expectations_3y    inflation economic_activity
2    -0.0428035070              -0.079620123               0.023733377  0.002310570        0.03672057
3    -0.0063825478               0.228555441               0.061933756  0.031662657        0.02660601
4     0.0150604456               0.000000000              -0.007986784  0.027403122        0.04356130
5     0.0006247101               0.000000000               0.038039923  0.010862582        0.01757053
6     0.0190474601               0.001872778              -0.116087914  0.009406502        0.03236078
7    -0.0217418801               0.017283440               0.116087914  0.021640425        0.02930438
8     0.0075483042              -0.004920721               0.000000000  0.025003951        0.02923299
9     0.0219876616               0.004920721               0.000000000  0.028405410        0.02229492
10   -0.0501643258              -0.030053139              -0.116087914 -0.008420605        0.02323041
11   -0.0672834128               0.030053139               0.096931696  0.008246918        0.01734758
12    0.0172009314              -0.030053139              -0.010896921 -0.002323999        0.03391158
13    0.0098469452              -0.176372051              -0.201508284  0.029025084        0.02600387
14   -0.0594477395               0.022861719               0.095972538  0.042416785        0.02691934
15    0.0137158351              -0.218312263              -0.170893431  0.048586660        0.03757401
16   -0.0509608227              -0.145042181              -0.100185633  0.003720327        0.02002637
17   -0.0884291612               0.217070103               0.069105387 -0.006141925        0.02480201
18   -0.0513265800              -0.079553127              -0.083071947  0.024993882        0.02186920
19    0.0667518169              -0.176150560              -0.077933550  0.017681720        0.02278745
20   -0.0014496234               0.069185972              -0.126637936  0.021370449        0.03620964
21    0.0265167055              -0.153448343               0.004080772  0.034784574        0.01981848
22    0.0080070968               0.017366648               0.142476082  0.026361361        0.02549842
23    0.0621638211               0.180090904               0.016174078  0.038444527        0.02259084
24    0.0231123325              -0.031989813               0.000000000  0.019694440        0.03781474
25    0.0035517101               0.041871071               0.051145554  0.009814561        0.03578346
26   -0.0829090578               0.000000000              -0.189331532 -0.050912346       -0.07956922
27    0.0868955785               0.085786104               0.223972082 -0.090824177       -0.77070172
28   -0.0234920843               0.376688957              -0.012976170 -0.010450429        0.21339722
29   -0.0128280018              -0.318598032              -0.136598825  0.053592068        0.21330076
30    0.0597498699               0.206044197               0.257966757  0.061866907        0.02971606
31    0.0026308247               0.112553835               0.249140978  0.053808986        0.15791953
32   -0.0769801335              -0.019156218              -0.238733053  0.028930510        0.07717705
33    0.0765161731              -0.144741774              -0.040002584  0.011918979        0.10115859
34    0.0218979738               0.126406431               0.117631912  0.024543630        0.04507153
35    0.0073629536               0.037491560               0.161103725  0.057557700        0.01677041
36    0.0264903051               0.046669483               0.047342062  0.028496735        0.06736316
37    0.0268397988               0.044214964              -0.028185844  0.045997380        0.05066022
38    0.0361638144               0.153371334               0.092952490  0.059503194        0.06160136
39   -0.0009982256               0.115923882               0.005092859  0.082225516        0.03720211
40    0.0213655872               0.639820337               0.471664906  0.082531234        0.06412900
41    0.0257720280               0.801745415              -0.022792339  0.098347464        0.05475905
42   -0.0716242343               0.040705204               0.164751053  0.054649100        0.08879717
43    0.0192348918               0.337376595               0.287992716  0.049840953        0.06602323
44    0.0353287984               0.130341530               0.194323301  0.052018077        0.07861505
45    0.0525575123               0.343297958               0.017191887  0.114305741        0.06819482
46    0.0075966332               0.346533298              -0.199976921  0.098833469        0.06879133
47   -0.0525872875              -0.009726048              -0.011199951  0.097421769        0.06937609
48    0.0275826654              -0.201833725              -0.522751808  0.075404740        0.03542764
49   -0.0081151048               0.211559772               0.297553301  0.088488916        0.07849205
50    0.0135952157               0.583898067              -0.099878550  0.126900569        0.05112829
51   -0.0354687674              -0.238460541               0.227452993  0.048497289        0.04431433
52   -0.0337043785               0.230577469              -0.023298502  0.115684054        0.03389257
53    0.0066959452               0.199839592              -0.260592937  0.151285219        0.03843642
54   -0.0022266929              -0.552228928              -0.436033010 -0.004064650        0.05041760
55   -0.0456977595              -0.477911472              -0.427183867  0.028517738        0.02896168
56    0.0295424388              -0.304920197               0.154703379  0.050566174        0.04915587
57   -0.0030281609               0.503497124               0.200692415  0.060045147        0.03059615
58   -0.0161244084              -0.715742588              -0.113289595  0.024858721        0.04330825
59   -0.0275160685              -0.235079288              -0.004589558  0.015857387        0.03585464
60    0.0128401591              -0.038488865              -0.280791283  0.063675095        0.04576300

$specs$x_lin
   monetary_policy_lag_1 inflation_expectations_1y_lag_1 inflation_expectations_3y_lag_1 inflation_lag_1
2           0.0347282683                     0.119915485                     0.090704918     0.032745451
3          -0.0428035070                    -0.079620123                     0.023733377     0.002310570
4          -0.0063825478                     0.228555441                     0.061933756     0.031662657
5           0.0150604456                     0.000000000                    -0.007986784     0.027403122
6           0.0006247101                     0.000000000                     0.038039923     0.010862582
7           0.0190474601                     0.001872778                    -0.116087914     0.009406502
8          -0.0217418801                     0.017283440                     0.116087914     0.021640425
9           0.0075483042                    -0.004920721                     0.000000000     0.025003951
10          0.0219876616                     0.004920721                     0.000000000     0.028405410
11         -0.0501643258                    -0.030053139                    -0.116087914    -0.008420605
12         -0.0672834128                     0.030053139                     0.096931696     0.008246918
13          0.0172009314                    -0.030053139                    -0.010896921    -0.002323999
14          0.0098469452                    -0.176372051                    -0.201508284     0.029025084
15         -0.0594477395                     0.022861719                     0.095972538     0.042416785
16          0.0137158351                    -0.218312263                    -0.170893431     0.048586660
17         -0.0509608227                    -0.145042181                    -0.100185633     0.003720327
18         -0.0884291612                     0.217070103                     0.069105387    -0.006141925
19         -0.0513265800                    -0.079553127                    -0.083071947     0.024993882
20          0.0667518169                    -0.176150560                    -0.077933550     0.017681720
21         -0.0014496234                     0.069185972                    -0.126637936     0.021370449
22          0.0265167055                    -0.153448343                     0.004080772     0.034784574
23          0.0080070968                     0.017366648                     0.142476082     0.026361361
24          0.0621638211                     0.180090904                     0.016174078     0.038444527
25          0.0231123325                    -0.031989813                     0.000000000     0.019694440
26          0.0035517101                     0.041871071                     0.051145554     0.009814561
27         -0.0829090578                     0.000000000                    -0.189331532    -0.050912346
28          0.0868955785                     0.085786104                     0.223972082    -0.090824177
29         -0.0234920843                     0.376688957                    -0.012976170    -0.010450429
30         -0.0128280018                    -0.318598032                    -0.136598825     0.053592068
31          0.0597498699                     0.206044197                     0.257966757     0.061866907
32          0.0026308247                     0.112553835                     0.249140978     0.053808986
33         -0.0769801335                    -0.019156218                    -0.238733053     0.028930510
34          0.0765161731                    -0.144741774                    -0.040002584     0.011918979
35          0.0218979738                     0.126406431                     0.117631912     0.024543630
36          0.0073629536                     0.037491560                     0.161103725     0.057557700
37          0.0264903051                     0.046669483                     0.047342062     0.028496735
38          0.0268397988                     0.044214964                    -0.028185844     0.045997380
39          0.0361638144                     0.153371334                     0.092952490     0.059503194
40         -0.0009982256                     0.115923882                     0.005092859     0.082225516
41          0.0213655872                     0.639820337                     0.471664906     0.082531234
42          0.0257720280                     0.801745415                    -0.022792339     0.098347464
43         -0.0716242343                     0.040705204                     0.164751053     0.054649100
44          0.0192348918                     0.337376595                     0.287992716     0.049840953
45          0.0353287984                     0.130341530                     0.194323301     0.052018077
46          0.0525575123                     0.343297958                     0.017191887     0.114305741
47          0.0075966332                     0.346533298                    -0.199976921     0.098833469
48         -0.0525872875                    -0.009726048                    -0.011199951     0.097421769
49          0.0275826654                    -0.201833725                    -0.522751808     0.075404740
50         -0.0081151048                     0.211559772                     0.297553301     0.088488916
51          0.0135952157                     0.583898067                    -0.099878550     0.126900569
52         -0.0354687674                    -0.238460541                     0.227452993     0.048497289
53         -0.0337043785                     0.230577469                    -0.023298502     0.115684054
54          0.0066959452                     0.199839592                    -0.260592937     0.151285219
55         -0.0022266929                    -0.552228928                    -0.436033010    -0.004064650
56         -0.0456977595                    -0.477911472                    -0.427183867     0.028517738
57          0.0295424388                    -0.304920197                     0.154703379     0.050566174
58         -0.0030281609                     0.503497124                     0.200692415     0.060045147
59         -0.0161244084                    -0.715742588                    -0.113289595     0.024858721
60         -0.0275160685                    -0.235079288                    -0.004589558     0.015857387
   economic_activity_lag_1 dummy Jan Feb Mar Apr May Jun Jul Aug Sep Oct
2               0.02976223     0   0   0   1   0   0   0   0   0   0   0
3               0.03672057     0   0   0   0   1   0   0   0   0   0   0
4               0.02660601     0   0   0   0   0   1   0   0   0   0   0
5               0.04356130     0   0   0   0   0   0   1   0   0   0   0
6               0.01757053     0   0   0   0   0   0   0   1   0   0   0
7               0.03236078     0   0   0   0   0   0   0   0   1   0   0
8               0.02930438     0   0   0   0   0   0   0   0   0   1   0
9               0.02923299     0   0   0   0   0   0   0   0   0   0   1
10              0.02229492     0   0   0   0   0   0   0   0   0   0   0
11              0.02323041     0   0   0   0   0   0   0   0   0   0   0
12              0.01734758     0   1   0   0   0   0   0   0   0   0   0
13              0.03391158     0   0   1   0   0   0   0   0   0   0   0
14              0.02600387     0   0   0   1   0   0   0   0   0   0   0
15              0.02691934     0   0   0   0   1   0   0   0   0   0   0
16              0.03757401     0   0   0   0   0   1   0   0   0   0   0
17              0.02002637     0   0   0   0   0   0   1   0   0   0   0
18              0.02480201     0   0   0   0   0   0   0   1   0   0   0
19              0.02186920     0   0   0   0   0   0   0   0   1   0   0
20              0.02278745     0   0   0   0   0   0   0   0   0   1   0
21              0.03620964     0   0   0   0   0   0   0   0   0   0   1
22              0.01981848     0   0   0   0   0   0   0   0   0   0   0
23              0.02549842     0   0   0   0   0   0   0   0   0   0   0
24              0.02259084     0   1   0   0   0   0   0   0   0   0   0
25              0.03781474     0   0   1   0   0   0   0   0   0   0   0
26              0.03578346     1   0   0   1   0   0   0   0   0   0   0
27             -0.07956922     1   0   0   0   1   0   0   0   0   0   0
28             -0.77070172     1   0   0   0   0   1   0   0   0   0   0
29              0.21339722     1   0   0   0   0   0   1   0   0   0   0
30              0.21330076     0   0   0   0   0   0   0   1   0   0   0
31              0.02971606     1   0   0   0   0   0   0   0   1   0   0
32              0.15791953     0   0   0   0   0   0   0   0   0   1   0
33              0.07717705     1   0   0   0   0   0   0   0   0   0   1
34              0.10115859     0   0   0   0   0   0   0   0   0   0   0
35              0.04507153     0   0   0   0   0   0   0   0   0   0   0
36              0.01677041     0   1   0   0   0   0   0   0   0   0   0
37              0.06736316     0   0   1   0   0   0   0   0   0   0   0
38              0.05066022     0   0   0   1   0   0   0   0   0   0   0
39              0.06160136     0   0   0   0   1   0   0   0   0   0   0
40              0.03720211     0   0   0   0   0   1   0   0   0   0   0
41              0.06412900     0   0   0   0   0   0   1   0   0   0   0
42              0.05475905     0   0   0   0   0   0   0   1   0   0   0
43              0.08879717     0   0   0   0   0   0   0   0   1   0   0
44              0.06602323     0   0   0   0   0   0   0   0   0   1   0
45              0.07861505     0   0   0   0   0   0   0   0   0   0   1
46              0.06819482     0   0   0   0   0   0   0   0   0   0   0
47              0.06879133     0   0   0   0   0   0   0   0   0   0   0
48              0.06937609     0   1   0   0   0   0   0   0   0   0   0
49              0.03542764     0   0   1   0   0   0   0   0   0   0   0
50              0.07849205     0   0   0   1   0   0   0   0   0   0   0
51              0.05112829     0   0   0   0   1   0   0   0   0   0   0
52              0.04431433     0   0   0   0   0   1   0   0   0   0   0
53              0.03389257     0   0   0   0   0   0   1   0   0   0   0
54              0.03843642     0   0   0   0   0   0   0   1   0   0   0
55              0.05041760     0   0   0   0   0   0   0   0   1   0   0
56              0.02896168     0   0   0   0   0   0   0   0   0   1   0
57              0.04915587     0   0   0   0   0   0   0   0   0   0   1
58              0.03059615     0   0   0   0   0   0   0   0   0   0   0
59              0.04330825     0   0   0   0   0   0   0   0   0   0   0
60              0.03585464     0   1   0   0   0   0   0   0   0   0   0


attr(,"class")
[1] "lpirfs_lin_obj"
