[1] "profits"              "djn level estimation"
                   1             2             3             4             5             6
AIC(n) -2.700213e+01 -2.731580e+01 -2.750474e+01 -2.808594e+01 -2.940480e+01 -2.946721e+01
HQ(n)  -2.580247e+01 -2.576329e+01 -2.559940e+01 -2.582776e+01 -2.679377e+01 -2.650334e+01
SC(n)  -2.389989e+01 -2.330113e+01 -2.257765e+01 -2.224643e+01 -2.265286e+01 -2.180284e+01
FPE(n)  2.082103e-12  1.736224e-12  1.803556e-12  1.460771e-12  7.089496e-13  1.779369e-12
                   1             2             3             4             5             6
AIC(n) -2.700213e+01 -2.731580e+01 -2.750474e+01 -2.808594e+01 -2.940480e+01 -2.946721e+01
HQ(n)  -2.580247e+01 -2.576329e+01 -2.559940e+01 -2.582776e+01 -2.679377e+01 -2.650334e+01
SC(n)  -2.389989e+01 -2.330113e+01 -2.257765e+01 -2.224643e+01 -2.265286e+01 -2.180284e+01
FPE(n)  2.082103e-12  1.736224e-12  1.803556e-12  1.460771e-12  7.089496e-13  1.779369e-12
$irf_lin_mean
, , 1

             [,1]         [,2]          [,3]          [,4]         [,5]         [,6]         [,7]          [,8]         [,9]
[1,]  0.009788972  0.002767833  7.156531e-05  0.0023688524 -0.002799931 -0.001496514  0.001506118  0.0004281308 0.0002003876
[2,] -0.010622215  0.044738772  1.171732e-01  0.0875398909  0.060501363  0.077679721  0.065748589  0.0473119187 0.0933200551
[3,]  0.036751189  0.065471866  7.641679e-02  0.0219373607 -0.007023041  0.007384788 -0.008761667  0.0161346143 0.0421569008
[4,]  0.003703632  0.004264779  1.446688e-03 -0.0024743668  0.002615618  0.001780756  0.004822471  0.0082674385 0.0062254500
[5,]  0.036593613 -0.026056050 -2.529174e-02 -0.0001183908 -0.026669140  0.005546321  0.024132336 -0.0004328864 0.0252426027
             [,10]         [,11]        [,12]        [,13]
[1,]  0.0007852730 -0.0010573618 -0.002646062 -0.004267166
[2,]  0.0187930586 -0.0001223204  0.016995606 -0.024816691
[3,] -0.0245308582 -0.0219420346 -0.055045994 -0.046280339
[4,] -0.0007518551 -0.0080452722 -0.007943009 -0.013091440
[5,]  0.0019678554 -0.0390080928 -0.005258548 -0.028798643

, , 2

             [,1]         [,2]          [,3]          [,4]         [,5]          [,6]         [,7]         [,8]         [,9]
[1,]  0.000000000 0.0007659095  0.0002615588 -0.0010638882 -0.001356644 -1.762858e-03 -0.002578668 -0.003832749 -0.001277283
[2,]  0.173291618 0.1206370487  0.0804573918  0.0591458023  0.058469632  1.045735e-02 -0.049699791 -0.049878695 -0.097639144
[3,]  0.059264745 0.0309000054 -0.0009272333 -0.0125382254 -0.008183046 -4.187803e-02 -0.041020028 -0.050402520 -0.064633884
[4,]  0.010093952 0.0009596250 -0.0023460297 -0.0001760499 -0.004005872 -4.590962e-03 -0.006330825 -0.004433097 -0.007522830
[5,] -0.008284071 0.0100121125 -0.0028731218 -0.0099163572 -0.003975298 -5.860062e-05 -0.006319607 -0.010366444 -0.002058362
            [,10]        [,11]         [,12]        [,13]
[1,] -0.002180547 -0.002395698 -0.0008868803 -0.003514017
[2,] -0.099165618 -0.093765299 -0.0849795866 -0.083468948
[3,] -0.063589153 -0.042545165 -0.0026430039 -0.016866676
[4,] -0.009269743 -0.003701514 -0.0042087316 -0.009705574
[5,] -0.005716781  0.007007886  0.0012781445 -0.025315884

, , 3

             [,1]        [,2]          [,3]          [,4]         [,5]         [,6]        [,7]        [,8]         [,9]
[1,]  0.000000000 0.000778509  0.0008642174 -0.0008092278  0.003152582  0.004458999 0.004216072 0.005897693  0.002002679
[2,]  0.000000000 0.030435365 -0.0455797497  0.0047047923  0.004836448  0.042206240 0.136584187 0.063131796  0.056974248
[3,]  0.132200624 0.054427218  0.0085276473 -0.0063406446 -0.010838639  0.030849994 0.076081185 0.077396072  0.018091926
[4,] -0.003885954 0.005423957  0.0025607619  0.0055339359  0.009187235  0.007257900 0.014299721 0.008036370  0.008307378
[5,] -0.013434768 0.013830919  0.0067978450  0.0012788652  0.027983964 -0.003410974 0.019937884 0.043404934 -0.012444016
            [,10]        [,11]         [,12]         [,13]
[1,]  0.001537106 -0.002669063 -0.0008106725  0.0018871007
[2,]  0.078092407  0.097866965  0.0095960241  0.0001741162
[3,]  0.022818027 -0.054035620 -0.0947323794 -0.0485658600
[4,]  0.007768708  0.001061130 -0.0041151994 -0.0024986166
[5,] -0.012840542 -0.013592809 -0.0036200249  0.0021176742

, , 4

           [,1]         [,2]         [,3]          [,4]         [,5]         [,6]          [,7]          [,8]          [,9]
[1,] 0.00000000  0.002007451  0.001557101  0.0014050549  0.001060914  0.001330048 -0.0001408813 -0.0009239859  0.0001837893
[2,] 0.00000000 -0.012251027  0.004606882 -0.0150146508  0.022760631  0.024484387  0.0029469235 -0.0027187686 -0.0427826498
[3,] 0.00000000  0.003199303 -0.014905542 -0.0205338782  0.004523141  0.014980218  0.0364670786  0.0005365158 -0.0271407903
[4,] 0.02614645  0.008454223 -0.002140169 -0.0006241917 -0.001669868  0.001356976  0.0014463039  0.0071520214  0.0028757365
[5,] 0.04853257  0.020973628 -0.013146081  0.0072384053 -0.000186868 -0.010949064 -0.0036182127  0.0115353290 -0.0003400939
            [,10]        [,11]       [,12]         [,13]
[1,]  0.001020185  0.002241256 0.002284256 -0.0004790508
[2,] -0.018827055  0.001973461 0.064404272  0.0954869904
[3,] -0.041069913 -0.015675329 0.035072725  0.0744972053
[4,]  0.002468224  0.007172137 0.002664939 -0.0061914477
[5,]  0.006093304  0.027701730 0.003632033 -0.0291227909

, , 5

           [,1]         [,2]        [,3]          [,4]          [,5]          [,6]          [,7]         [,8]          [,9]
[1,] 0.00000000 -0.000374929 -0.00139144 -0.0003337194 -0.0002144356  1.576146e-03 -0.0001523043  0.003249375  0.0008569887
[2,] 0.00000000 -0.066691500 -0.01231847 -0.0149232600 -0.0804856622 -9.929846e-02 -0.0106538079 -0.050693495 -0.0358546301
[3,] 0.00000000 -0.022920463  0.01856738 -0.0064706059 -0.0680749363 -2.454529e-02  0.0100514039  0.006945457  0.0022701889
[4,] 0.00000000  0.002875509  0.00167967 -0.0022556591 -0.0028674841 -4.583305e-05  0.0105355073  0.001099258 -0.0018699099
[5,] 0.09267816 -0.008862019 -0.01809900  0.0136217542  0.0084606758  7.040604e-03  0.0022390944  0.009970253  0.0031040144
             [,10]        [,11]        [,12]         [,13]
[1,]  6.227673e-04 0.0008451115  0.002860476  0.0019053924
[2,] -1.585049e-02 0.0190381314  0.011749914  0.0257771207
[3,]  1.151692e-02 0.0131019748 -0.005160047  0.0408927289
[4,]  7.324775e-03 0.0042412290  0.004234951 -0.0005738335
[5,] -8.333865e-06 0.0008665917  0.007564795 -0.0158613047


$irf_lin_low
, , 1

             [,1]         [,2]         [,3]         [,4]         [,5]         [,6]         [,7]         [,8]         [,9]
[1,]  0.009788972 -0.001085593 -0.003652871 -0.001296327 -0.007621534 -0.004768616 -0.002732861 -0.002563204 -0.003566554
[2,] -0.010622215 -0.020947613  0.031122309 -0.003504293 -0.015576752 -0.007989869 -0.034085601 -0.065279957 -0.012766479
[3,]  0.036751189  0.013557678  0.016707779 -0.050174422 -0.061972343 -0.063723266 -0.087889452 -0.046057700 -0.008183531
[4,]  0.003703632 -0.008272226 -0.012740766 -0.017478688 -0.012703598 -0.008042521 -0.008331871 -0.004467915 -0.004196760
[5,]  0.036593613 -0.074601742 -0.061091405 -0.022203798 -0.081583854 -0.012661723 -0.011369110 -0.050319403 -0.014397325
            [,10]        [,11]        [,12]        [,13]
[1,] -0.003070261 -0.006163289 -0.006444273 -0.009458341
[2,] -0.090244224 -0.103928683 -0.080317186 -0.114523411
[3,] -0.089535518 -0.070189251 -0.100829139 -0.108860805
[4,] -0.012621279 -0.021023003 -0.018345466 -0.026850449
[5,] -0.022688660 -0.089094781 -0.024944645 -0.084490285

, , 2

             [,1]         [,2]         [,3]         [,4]         [,5]         [,6]        [,7]         [,8]         [,9]
[1,]  0.000000000 -0.003024733 -0.003057300 -0.004740694 -0.004626876 -0.005150402 -0.00543749 -0.007611884 -0.004358275
[2,]  0.173291618  0.064045727 -0.008372947 -0.046813769 -0.041629269 -0.082829700 -0.12586306 -0.144443441 -0.210327989
[3,]  0.059264745 -0.028332768 -0.066884976 -0.092768867 -0.076755604 -0.107637375 -0.09791849 -0.120696165 -0.126078335
[4,]  0.010093952 -0.007235079 -0.014499793 -0.014183875 -0.013921079 -0.012415573 -0.01645399 -0.017379113 -0.017673864
[5,] -0.008284071 -0.023753968 -0.027221251 -0.032352307 -0.031421763 -0.031381709 -0.02787844 -0.073704150 -0.027660522
            [,10]        [,11]        [,12]        [,13]
[1,] -0.005380166 -0.005467975 -0.005321587 -0.007785135
[2,] -0.163582652 -0.149318058 -0.181541423 -0.173281924
[3,] -0.137161911 -0.114268370 -0.064972905 -0.092112605
[4,] -0.019753844 -0.014953543 -0.016153494 -0.023630707
[5,] -0.030617457 -0.027627859 -0.046110197 -0.055768589

, , 3

             [,1]         [,2]          [,3]         [,4]         [,5]         [,6]        [,7]         [,8]          [,9]
[1,]  0.000000000 -0.001408512 -0.0006132046 -0.002490388  0.002000846  0.003005944 0.002732643  0.003383475  1.335118e-05
[2,]  0.000000000  0.010477721 -0.0944523537 -0.037685946 -0.033306428  0.013565751 0.093924945  0.001750334 -2.719430e-03
[3,]  0.132200624  0.032473829 -0.0136435123 -0.037444692 -0.020489252  0.010386793 0.047498026  0.031652147 -1.114774e-02
[4,] -0.003885954  0.002162170 -0.0032882273 -0.001872150  0.003823451  0.003906981 0.005984710 -0.001046876  3.086279e-03
[5,] -0.013434768  0.002765521 -0.0047700324 -0.010595964  0.005245939 -0.013638713 0.003537149 -0.006969303 -2.788557e-02
             [,10]        [,11]        [,12]         [,13]
[1,] -0.0008265593 -0.005226146 -0.002457754 -0.0007200635
[2,]  0.0537451980  0.080799280 -0.032306862 -0.0460145129
[3,] -0.0112077088 -0.089150844 -0.124273322 -0.0923771649
[4,]  0.0036212601 -0.005460471 -0.007682797 -0.0026984074
[5,] -0.0246647786 -0.023870754 -0.018013041 -0.0011950580

, , 4

           [,1]          [,2]          [,3]         [,4]         [,5]         [,6]         [,7]         [,8]         [,9]
[1,] 0.00000000 -0.0010939328 -0.0009478761 -0.001260536 -0.003111965 -0.001396128 -0.003567445 -0.003605118 -0.001870776
[2,] 0.00000000 -0.0559522245 -0.0585320554 -0.102469392 -0.049012308 -0.060559318 -0.084920712 -0.084304488 -0.126422019
[3,] 0.00000000 -0.0447073508 -0.0640868849 -0.083237721 -0.052532015 -0.036994386 -0.015945258 -0.035098742 -0.063681145
[4,] 0.02614645 -0.0005754121 -0.0129559250 -0.011750063 -0.009334373 -0.006983040 -0.007578340 -0.001841610 -0.005377248
[5,] 0.04853257 -0.0196716900 -0.0386114202 -0.011521480 -0.022519599 -0.028636476 -0.022937934 -0.013096155 -0.016658056
            [,10]         [,11]        [,12]        [,13]
[1,] -0.001608554 -6.111437e-04 -0.002007465 -0.004564665
[2,] -0.075934708 -5.403892e-02 -0.008867431 -0.007509643
[3,] -0.099512082 -6.817800e-02 -0.011512366 -0.008976425
[4,] -0.011242376 -2.809899e-05 -0.004494673 -0.026870455
[5,] -0.024234645 -1.177776e-02 -0.025601525 -0.072227211

, , 5

           [,1]         [,2]         [,3]         [,4]         [,5]          [,6]         [,7]         [,8]          [,9]
[1,] 0.00000000 -0.002095553 -0.002964511 -0.001827290 -0.002063190  0.0001089395 -0.001957266  0.001828133 -0.0006528272
[2,] 0.00000000 -0.096021670 -0.049263516 -0.060661258 -0.121950092 -0.1438909253 -0.068103969 -0.092430527 -0.0722451009
[3,] 0.00000000 -0.044752648 -0.012956519 -0.043594164 -0.095766098 -0.0497613616 -0.021391445 -0.007679696 -0.0142285843
[4,] 0.00000000 -0.003344846 -0.006413602 -0.008356634 -0.007895582 -0.0053354279  0.005479680 -0.003647402 -0.0069535031
[5,] 0.09267816 -0.032738976 -0.035700401  0.005271665 -0.008702154  0.0004275915 -0.010212929 -0.002714766 -0.0068303920
             [,10]         [,11]        [,12]         [,13]
[1,] -0.0009270232 -0.0005799181  0.000649587  7.382559e-05
[2,] -0.0541100413 -0.0156412168 -0.025983440 -3.091606e-02
[3,] -0.0063725665 -0.0121144570 -0.035847089  4.736927e-03
[4,]  0.0016304110  0.0004104507  0.001329315 -1.093902e-02
[5,] -0.0104909596 -0.0096106506 -0.007135006 -4.853046e-02


$irf_lin_up
, , 1

             [,1]       [,2]        [,3]        [,4]        [,5]        [,6]        [,7]        [,8]        [,9]       [,10]
[1,]  0.009788972 0.00662126 0.003796002 0.006034032 0.002021671 0.001775588 0.005745097 0.003419466 0.003967329 0.004640807
[2,] -0.010622215 0.11042516 0.203224190 0.178584075 0.136579478 0.163349310 0.165582780 0.159903795 0.199406589 0.127830341
[3,]  0.036751189 0.11738605 0.136125799 0.094049143 0.047926261 0.078492842 0.070366119 0.078326929 0.092497333 0.040473801
[4,]  0.003703632 0.01680178 0.015634142 0.012529954 0.017934834 0.011604033 0.017976814 0.021002792 0.016647660 0.011117569
[5,]  0.036593613 0.02248964 0.010507933 0.021967017 0.028245575 0.023754366 0.059633783 0.049453630 0.064882530 0.026624371
           [,11]        [,12]        [,13]
[1,] 0.004048565  0.001152148 0.0009240090
[2,] 0.103684043  0.114308398 0.0648900292
[3,] 0.026305182 -0.009262850 0.0163001265
[4,] 0.004932458  0.002459449 0.0006675687
[5,] 0.011078596  0.014427549 0.0268929978

, , 2

             [,1]        [,2]        [,3]        [,4]        [,5]        [,6]         [,7]          [,8]         [,9]
[1,]  0.000000000 0.004556552 0.003580417 0.002612917 0.001913587 0.001624686 0.0002801539 -5.361284e-05  0.001803708
[2,]  0.173291618 0.177228370 0.169287730 0.165105374 0.158568533 0.103744406 0.0264634792  4.468605e-02  0.015049702
[3,]  0.059264745 0.090132779 0.065030510 0.067692416 0.060389513 0.023881316 0.0158784296  1.989112e-02 -0.003189432
[4,]  0.010093952 0.009154329 0.009807734 0.013831775 0.005909334 0.003233648 0.0037923421  8.512919e-03  0.002628204
[5,] -0.008284071 0.043778193 0.021475008 0.012519593 0.023471167 0.031264508 0.0152392304  5.297126e-02  0.023543799
            [,10]        [,11]       [,12]       [,13]
[1,]  0.001019072  0.000676579 0.003547827 0.000757102
[2,] -0.034748584 -0.038212540 0.011582250 0.006344027
[3,]  0.009983605  0.029178040 0.059686897 0.058379253
[4,]  0.001214358  0.007550515 0.007736031 0.004219560
[5,]  0.019183895  0.041643631 0.048666486 0.005136822

, , 3

             [,1]        [,2]        [,3]         [,4]         [,5]        [,6]        [,7]        [,8]        [,9]
[1,]  0.000000000 0.002965530 0.002341640 0.0008719323  0.004304319 0.005912053 0.005699501 0.008411912 0.003992007
[2,]  0.000000000 0.050393008 0.003292854 0.0470955304  0.042979325 0.070846729 0.179243430 0.124513259 0.116667925
[3,]  0.132200624 0.076380607 0.030698807 0.0247634025 -0.001188026 0.051313196 0.104664344 0.123139997 0.047331590
[4,] -0.003885954 0.008685745 0.008409751 0.0129400213  0.014551019 0.010608819 0.022614731 0.017119616 0.013528477
[5,] -0.013434768 0.024896316 0.018365722 0.0131536943  0.050721990 0.006816765 0.036338619 0.093779170 0.002997535
            [,10]         [,11]         [,12]        [,13]
[1,]  0.003900771 -0.0001119792  0.0008364092  0.004494265
[2,]  0.102439615  0.1149346512  0.0514989106  0.046362745
[3,]  0.056843763 -0.0189203953 -0.0651914373 -0.004754555
[4,]  0.011916156  0.0075827322 -0.0005476019 -0.002298826
[5,] -0.001016305 -0.0033148638  0.0107729911  0.005430406

, , 4

           [,1]        [,2]        [,3]        [,4]        [,5]        [,6]        [,7]        [,8]        [,9]       [,10]
[1,] 0.00000000 0.005108834 0.004062079 0.004070646 0.005233793 0.004056225 0.003285683 0.001757146 0.002238355 0.003648923
[2,] 0.00000000 0.031450171 0.067745820 0.072440090 0.094533569 0.109528091 0.090814559 0.078866951 0.040856720 0.038280599
[3,] 0.00000000 0.051105957 0.034275801 0.042169965 0.061578297 0.066954821 0.088879415 0.036171773 0.009399564 0.017372256
[4,] 0.02614645 0.017483858 0.008675588 0.010501679 0.005994638 0.009696993 0.010470948 0.016145653 0.011128721 0.016178824
[5,] 0.04853257 0.061618947 0.012319257 0.025998291 0.022145863 0.006738348 0.015701508 0.036166813 0.015977868 0.036421253
           [,11]       [,12]       [,13]
[1,] 0.005093656 0.006575976 0.003606563
[2,] 0.057985847 0.137675975 0.198483624
[3,] 0.036827341 0.081657815 0.157970836
[4,] 0.014372372 0.009824552 0.014487560
[5,] 0.067181223 0.032865590 0.013981629

, , 5

           [,1]         [,2]          [,3]        [,4]         [,5]          [,6]        [,7]         [,8]         [,9]
[1,] 0.00000000  0.001345695  0.0001816315 0.001159851  0.001634319  0.0030433530 0.001652657  0.004670617 0.0023668045
[2,] 0.00000000 -0.037361329  0.0246265803 0.030814738 -0.039021232 -0.0547059850 0.046796353 -0.008956463 0.0005358407
[3,] 0.00000000 -0.001088277  0.0500912854 0.030652952 -0.040383774  0.0006707773 0.041494252  0.021570609 0.0187689620
[4,] 0.00000000  0.009095863  0.0097729415 0.003845316  0.002160614  0.0052437618 0.015591335  0.005845918 0.0032136833
[5,] 0.09267816  0.015014937 -0.0004975974 0.021971844  0.025623506  0.0136536165 0.014691118  0.022655271 0.0130384208
           [,10]       [,11]       [,12]       [,13]
[1,] 0.002172558 0.002270141 0.005071366 0.003736959
[2,] 0.022409068 0.053717480 0.049483268 0.082470297
[3,] 0.029406410 0.038318407 0.025526995 0.077048531
[4,] 0.013019138 0.008072007 0.007140587 0.009791349
[5,] 0.010474292 0.011343834 0.022264597 0.016807850


$diagnostic_list
$diagnostic_list$`Shock: profits`
$diagnostic_list$`Shock: profits`[[1]]
                               R-sqrd. Adj. R-sqrd.   F-stat      p-value
h1:profits                   0.3301131   0.08085287 1.324371 2.268567e-01
h1:inflation_expectations_1y 0.6447603   0.51257807 4.877814 1.639013e-05
h1:inflation_expectations_3y 0.4741100   0.27843000 2.422884 1.075126e-02
h1:inflation                 0.3710468   0.13701770 1.585473 1.147569e-01
h1:economic_activity         0.3292576   0.07967908 1.319254 2.297675e-01

$diagnostic_list$`Shock: profits`[[2]]
                               R-sqrd. Adj. R-sqrd.    F-stat     p-value
h2:profits                   0.4240006   0.20457225 1.9322964 0.044524128
h2:inflation_expectations_1y 0.5058342   0.31758062 2.6869828 0.005268215
h2:inflation_expectations_3y 0.2889588   0.01808602 1.0667694 0.414004124
h2:inflation                 0.1507944  -0.17271247 0.4661243 0.950094196
h2:economic_activity         0.3045629   0.03963443 1.1496043 0.345249092

$diagnostic_list$`Shock: profits`[[3]]
                                R-sqrd. Adj. R-sqrd.    F-stat   p-value
h3:profits                   0.26942512  -0.01567727 0.9450118 0.5289037
h3:inflation_expectations_1y 0.36134632   0.11211562 1.4498467 0.1670029
h3:inflation_expectations_3y 0.07523415  -0.28565009 0.2084717 0.9992909
h3:inflation                 0.11659776  -0.22814457 0.3382171 0.9889927
h3:economic_activity         0.26708016  -0.01893733 0.9337896 0.5400793

$diagnostic_list$`Shock: profits`[[4]]
                               R-sqrd. Adj. R-sqrd.    F-stat   p-value
h4:profits                   0.3590217   0.10263034 1.4002879 0.1907936
h4:inflation_expectations_1y 0.3376677   0.07273481 1.2745405 0.2598449
h4:inflation_expectations_3y 0.2106494  -0.10509081 0.6671605 0.8075181
h4:inflation                 0.1970867  -0.12407859 0.6136613 0.8538275
h4:economic_activity         0.3518835   0.09263687 1.3573311 0.2123887

$diagnostic_list$`Shock: profits`[[5]]
                               R-sqrd. Adj. R-sqrd.    F-stat   p-value
h5:profits                   0.3455392   0.07704251 1.2869402 0.2534444
h5:inflation_expectations_1y 0.3792639   0.12460289 1.4892893 0.1533763
h5:inflation_expectations_3y 0.2623281  -0.04030651 0.8668146 0.6082544
h5:inflation                 0.1762448  -0.16170609 0.5215101 0.9193791
h5:economic_activity         0.2661915  -0.03485821 0.8842111 0.5904901

$diagnostic_list$`Shock: profits`[[6]]
                               R-sqrd. Adj. R-sqrd.    F-stat   p-value
h6:profits                   0.3372547   0.05820398 1.2085785 0.3057068
h6:inflation_expectations_1y 0.3960465   0.14175023 1.5574217 0.1299836
h6:inflation_expectations_3y 0.3646774   0.09717308 1.3632580 0.2119299
h6:inflation                 0.3037188   0.01054773 1.0359781 0.4440155
h6:economic_activity         0.2517554  -0.06329502 0.7990956 0.6775791

$diagnostic_list$`Shock: profits`[[7]]
                               R-sqrd. Adj. R-sqrd.    F-stat    p-value
h7:profits                   0.4074157   0.15116307 1.5898985 0.12090403
h7:inflation_expectations_1y 0.3702983   0.09799484 1.3598737 0.21509629
h7:inflation_expectations_3y 0.4477695   0.20896716 1.8750632 0.05721516
h7:inflation                 0.2275808  -0.10643829 0.6813407 0.79309020
h7:economic_activity         0.1878157  -0.16339913 0.5347602 0.91016682

$diagnostic_list$`Shock: profits`[[8]]
                               R-sqrd. Adj. R-sqrd.    F-stat     p-value
h8:profits                   0.2064133  -0.14629194 0.5852289 0.874179743
h8:inflation_expectations_1y 0.5464119   0.34481719 2.7104476 0.006462862
h8:inflation_expectations_3y 0.3176395   0.01436816 1.0473773 0.435283908
h8:inflation                 0.2375686  -0.10128981 0.7010852 0.774081335
h8:economic_activity         0.2917053  -0.02309230 0.9266440 0.548459617

$diagnostic_list$`Shock: profits`[[9]]
                               R-sqrd. Adj. R-sqrd.    F-stat    p-value
h9:profits                   0.2345441  -0.11537853 0.6702742 0.80221153
h9:inflation_expectations_1y 0.4570638   0.20886437 1.8415184 0.06501383
h9:inflation_expectations_3y 0.3768638   0.09200157 1.3229686 0.23800424
h9:inflation                 0.2344008  -0.11558744 0.6697390 0.80269781
h9:economic_activity         0.2689328  -0.06526937 0.8047009 0.67126708

$diagnostic_list$`Shock: profits`[[10]]
                                R-sqrd. Adj. R-sqrd.    F-stat    p-value
h10:profits                   0.3363396   0.02402883 1.0769388 0.41154851
h10:inflation_expectations_1y 0.5147238   0.28635860 2.2539500 0.02291351
h10:inflation_expectations_3y 0.2678800  -0.07664706 0.7775296 0.69836659
h10:inflation                 0.2672702  -0.07754389 0.7751139 0.70078320
h10:economic_activity         0.3914010   0.10500146 1.3666258 0.21624996

$diagnostic_list$`Shock: profits`[[11]]
                                R-sqrd. Adj. R-sqrd.    F-stat    p-value
h11:profits                   0.3048126  -0.03224801 0.9043258 0.57119424
h11:inflation_expectations_1y 0.4673051   0.20902882 1.8093225 0.07351839
h11:inflation_expectations_3y 0.3765176   0.07422307 1.2455323 0.28764075
h11:inflation                 0.2436910  -0.12300427 0.6645600 0.80621597
h11:economic_activity         0.2655427  -0.09055786 0.7456958 0.72956233

$diagnostic_list$`Shock: profits`[[12]]
                                R-sqrd. Adj. R-sqrd.   F-stat     p-value
h12:profits                   0.3591067   0.03866005 1.120644 0.378211384
h12:inflation_expectations_1y 0.6080082   0.41201226 3.102147 0.003120747
h12:inflation_expectations_3y 0.3907063   0.08605941 1.282489 0.266319312
h12:inflation                 0.3650219   0.04753281 1.149715 0.355894223
h12:economic_activity         0.4111275   0.11669122 1.396321 0.205067170


$diagnostic_list$`Shock: inflation_expectations_1y`
$diagnostic_list$`Shock: inflation_expectations_1y`[[1]]
                               R-sqrd. Adj. R-sqrd.   F-stat      p-value
h1:profits                   0.3301131   0.08085287 1.324371 2.268567e-01
h1:inflation_expectations_1y 0.6447603   0.51257807 4.877814 1.639013e-05
h1:inflation_expectations_3y 0.4741100   0.27843000 2.422884 1.075126e-02
h1:inflation                 0.3710468   0.13701770 1.585473 1.147569e-01
h1:economic_activity         0.3292576   0.07967908 1.319254 2.297675e-01

$diagnostic_list$`Shock: inflation_expectations_1y`[[2]]
                               R-sqrd. Adj. R-sqrd.    F-stat     p-value
h2:profits                   0.4240006   0.20457225 1.9322964 0.044524128
h2:inflation_expectations_1y 0.5058342   0.31758062 2.6869828 0.005268215
h2:inflation_expectations_3y 0.2889588   0.01808602 1.0667694 0.414004124
h2:inflation                 0.1507944  -0.17271247 0.4661243 0.950094196
h2:economic_activity         0.3045629   0.03963443 1.1496043 0.345249092

$diagnostic_list$`Shock: inflation_expectations_1y`[[3]]
                                R-sqrd. Adj. R-sqrd.    F-stat   p-value
h3:profits                   0.26942512  -0.01567727 0.9450118 0.5289037
h3:inflation_expectations_1y 0.36134632   0.11211562 1.4498467 0.1670029
h3:inflation_expectations_3y 0.07523415  -0.28565009 0.2084717 0.9992909
h3:inflation                 0.11659776  -0.22814457 0.3382171 0.9889927
h3:economic_activity         0.26708016  -0.01893733 0.9337896 0.5400793

$diagnostic_list$`Shock: inflation_expectations_1y`[[4]]
                               R-sqrd. Adj. R-sqrd.    F-stat   p-value
h4:profits                   0.3590217   0.10263034 1.4002879 0.1907936
h4:inflation_expectations_1y 0.3376677   0.07273481 1.2745405 0.2598449
h4:inflation_expectations_3y 0.2106494  -0.10509081 0.6671605 0.8075181
h4:inflation                 0.1970867  -0.12407859 0.6136613 0.8538275
h4:economic_activity         0.3518835   0.09263687 1.3573311 0.2123887

$diagnostic_list$`Shock: inflation_expectations_1y`[[5]]
                               R-sqrd. Adj. R-sqrd.    F-stat   p-value
h5:profits                   0.3455392   0.07704251 1.2869402 0.2534444
h5:inflation_expectations_1y 0.3792639   0.12460289 1.4892893 0.1533763
h5:inflation_expectations_3y 0.2623281  -0.04030651 0.8668146 0.6082544
h5:inflation                 0.1762448  -0.16170609 0.5215101 0.9193791
h5:economic_activity         0.2661915  -0.03485821 0.8842111 0.5904901

$diagnostic_list$`Shock: inflation_expectations_1y`[[6]]
                               R-sqrd. Adj. R-sqrd.    F-stat   p-value
h6:profits                   0.3372547   0.05820398 1.2085785 0.3057068
h6:inflation_expectations_1y 0.3960465   0.14175023 1.5574217 0.1299836
h6:inflation_expectations_3y 0.3646774   0.09717308 1.3632580 0.2119299
h6:inflation                 0.3037188   0.01054773 1.0359781 0.4440155
h6:economic_activity         0.2517554  -0.06329502 0.7990956 0.6775791

$diagnostic_list$`Shock: inflation_expectations_1y`[[7]]
                               R-sqrd. Adj. R-sqrd.    F-stat    p-value
h7:profits                   0.4074157   0.15116307 1.5898985 0.12090403
h7:inflation_expectations_1y 0.3702983   0.09799484 1.3598737 0.21509629
h7:inflation_expectations_3y 0.4477695   0.20896716 1.8750632 0.05721516
h7:inflation                 0.2275808  -0.10643829 0.6813407 0.79309020
h7:economic_activity         0.1878157  -0.16339913 0.5347602 0.91016682

$diagnostic_list$`Shock: inflation_expectations_1y`[[8]]
                               R-sqrd. Adj. R-sqrd.    F-stat     p-value
h8:profits                   0.2064133  -0.14629194 0.5852289 0.874179743
h8:inflation_expectations_1y 0.5464119   0.34481719 2.7104476 0.006462862
h8:inflation_expectations_3y 0.3176395   0.01436816 1.0473773 0.435283908
h8:inflation                 0.2375686  -0.10128981 0.7010852 0.774081335
h8:economic_activity         0.2917053  -0.02309230 0.9266440 0.548459617

$diagnostic_list$`Shock: inflation_expectations_1y`[[9]]
                               R-sqrd. Adj. R-sqrd.    F-stat    p-value
h9:profits                   0.2345441  -0.11537853 0.6702742 0.80221153
h9:inflation_expectations_1y 0.4570638   0.20886437 1.8415184 0.06501383
h9:inflation_expectations_3y 0.3768638   0.09200157 1.3229686 0.23800424
h9:inflation                 0.2344008  -0.11558744 0.6697390 0.80269781
h9:economic_activity         0.2689328  -0.06526937 0.8047009 0.67126708

$diagnostic_list$`Shock: inflation_expectations_1y`[[10]]
                                R-sqrd. Adj. R-sqrd.    F-stat    p-value
h10:profits                   0.3363396   0.02402883 1.0769388 0.41154851
h10:inflation_expectations_1y 0.5147238   0.28635860 2.2539500 0.02291351
h10:inflation_expectations_3y 0.2678800  -0.07664706 0.7775296 0.69836659
h10:inflation                 0.2672702  -0.07754389 0.7751139 0.70078320
h10:economic_activity         0.3914010   0.10500146 1.3666258 0.21624996

$diagnostic_list$`Shock: inflation_expectations_1y`[[11]]
                                R-sqrd. Adj. R-sqrd.    F-stat    p-value
h11:profits                   0.3048126  -0.03224801 0.9043258 0.57119424
h11:inflation_expectations_1y 0.4673051   0.20902882 1.8093225 0.07351839
h11:inflation_expectations_3y 0.3765176   0.07422307 1.2455323 0.28764075
h11:inflation                 0.2436910  -0.12300427 0.6645600 0.80621597
h11:economic_activity         0.2655427  -0.09055786 0.7456958 0.72956233

$diagnostic_list$`Shock: inflation_expectations_1y`[[12]]
                                R-sqrd. Adj. R-sqrd.   F-stat     p-value
h12:profits                   0.3591067   0.03866005 1.120644 0.378211384
h12:inflation_expectations_1y 0.6080082   0.41201226 3.102147 0.003120747
h12:inflation_expectations_3y 0.3907063   0.08605941 1.282489 0.266319312
h12:inflation                 0.3650219   0.04753281 1.149715 0.355894223
h12:economic_activity         0.4111275   0.11669122 1.396321 0.205067170


$diagnostic_list$`Shock: inflation_expectations_3y`
$diagnostic_list$`Shock: inflation_expectations_3y`[[1]]
                               R-sqrd. Adj. R-sqrd.   F-stat      p-value
h1:profits                   0.3301131   0.08085287 1.324371 2.268567e-01
h1:inflation_expectations_1y 0.6447603   0.51257807 4.877814 1.639013e-05
h1:inflation_expectations_3y 0.4741100   0.27843000 2.422884 1.075126e-02
h1:inflation                 0.3710468   0.13701770 1.585473 1.147569e-01
h1:economic_activity         0.3292576   0.07967908 1.319254 2.297675e-01

$diagnostic_list$`Shock: inflation_expectations_3y`[[2]]
                               R-sqrd. Adj. R-sqrd.    F-stat     p-value
h2:profits                   0.4240006   0.20457225 1.9322964 0.044524128
h2:inflation_expectations_1y 0.5058342   0.31758062 2.6869828 0.005268215
h2:inflation_expectations_3y 0.2889588   0.01808602 1.0667694 0.414004124
h2:inflation                 0.1507944  -0.17271247 0.4661243 0.950094196
h2:economic_activity         0.3045629   0.03963443 1.1496043 0.345249092

$diagnostic_list$`Shock: inflation_expectations_3y`[[3]]
                                R-sqrd. Adj. R-sqrd.    F-stat   p-value
h3:profits                   0.26942512  -0.01567727 0.9450118 0.5289037
h3:inflation_expectations_1y 0.36134632   0.11211562 1.4498467 0.1670029
h3:inflation_expectations_3y 0.07523415  -0.28565009 0.2084717 0.9992909
h3:inflation                 0.11659776  -0.22814457 0.3382171 0.9889927
h3:economic_activity         0.26708016  -0.01893733 0.9337896 0.5400793

$diagnostic_list$`Shock: inflation_expectations_3y`[[4]]
                               R-sqrd. Adj. R-sqrd.    F-stat   p-value
h4:profits                   0.3590217   0.10263034 1.4002879 0.1907936
h4:inflation_expectations_1y 0.3376677   0.07273481 1.2745405 0.2598449
h4:inflation_expectations_3y 0.2106494  -0.10509081 0.6671605 0.8075181
h4:inflation                 0.1970867  -0.12407859 0.6136613 0.8538275
h4:economic_activity         0.3518835   0.09263687 1.3573311 0.2123887

$diagnostic_list$`Shock: inflation_expectations_3y`[[5]]
                               R-sqrd. Adj. R-sqrd.    F-stat   p-value
h5:profits                   0.3455392   0.07704251 1.2869402 0.2534444
h5:inflation_expectations_1y 0.3792639   0.12460289 1.4892893 0.1533763
h5:inflation_expectations_3y 0.2623281  -0.04030651 0.8668146 0.6082544
h5:inflation                 0.1762448  -0.16170609 0.5215101 0.9193791
h5:economic_activity         0.2661915  -0.03485821 0.8842111 0.5904901

$diagnostic_list$`Shock: inflation_expectations_3y`[[6]]
                               R-sqrd. Adj. R-sqrd.    F-stat   p-value
h6:profits                   0.3372547   0.05820398 1.2085785 0.3057068
h6:inflation_expectations_1y 0.3960465   0.14175023 1.5574217 0.1299836
h6:inflation_expectations_3y 0.3646774   0.09717308 1.3632580 0.2119299
h6:inflation                 0.3037188   0.01054773 1.0359781 0.4440155
h6:economic_activity         0.2517554  -0.06329502 0.7990956 0.6775791

$diagnostic_list$`Shock: inflation_expectations_3y`[[7]]
                               R-sqrd. Adj. R-sqrd.    F-stat    p-value
h7:profits                   0.4074157   0.15116307 1.5898985 0.12090403
h7:inflation_expectations_1y 0.3702983   0.09799484 1.3598737 0.21509629
h7:inflation_expectations_3y 0.4477695   0.20896716 1.8750632 0.05721516
h7:inflation                 0.2275808  -0.10643829 0.6813407 0.79309020
h7:economic_activity         0.1878157  -0.16339913 0.5347602 0.91016682

$diagnostic_list$`Shock: inflation_expectations_3y`[[8]]
                               R-sqrd. Adj. R-sqrd.    F-stat     p-value
h8:profits                   0.2064133  -0.14629194 0.5852289 0.874179743
h8:inflation_expectations_1y 0.5464119   0.34481719 2.7104476 0.006462862
h8:inflation_expectations_3y 0.3176395   0.01436816 1.0473773 0.435283908
h8:inflation                 0.2375686  -0.10128981 0.7010852 0.774081335
h8:economic_activity         0.2917053  -0.02309230 0.9266440 0.548459617

$diagnostic_list$`Shock: inflation_expectations_3y`[[9]]
                               R-sqrd. Adj. R-sqrd.    F-stat    p-value
h9:profits                   0.2345441  -0.11537853 0.6702742 0.80221153
h9:inflation_expectations_1y 0.4570638   0.20886437 1.8415184 0.06501383
h9:inflation_expectations_3y 0.3768638   0.09200157 1.3229686 0.23800424
h9:inflation                 0.2344008  -0.11558744 0.6697390 0.80269781
h9:economic_activity         0.2689328  -0.06526937 0.8047009 0.67126708

$diagnostic_list$`Shock: inflation_expectations_3y`[[10]]
                                R-sqrd. Adj. R-sqrd.    F-stat    p-value
h10:profits                   0.3363396   0.02402883 1.0769388 0.41154851
h10:inflation_expectations_1y 0.5147238   0.28635860 2.2539500 0.02291351
h10:inflation_expectations_3y 0.2678800  -0.07664706 0.7775296 0.69836659
h10:inflation                 0.2672702  -0.07754389 0.7751139 0.70078320
h10:economic_activity         0.3914010   0.10500146 1.3666258 0.21624996

$diagnostic_list$`Shock: inflation_expectations_3y`[[11]]
                                R-sqrd. Adj. R-sqrd.    F-stat    p-value
h11:profits                   0.3048126  -0.03224801 0.9043258 0.57119424
h11:inflation_expectations_1y 0.4673051   0.20902882 1.8093225 0.07351839
h11:inflation_expectations_3y 0.3765176   0.07422307 1.2455323 0.28764075
h11:inflation                 0.2436910  -0.12300427 0.6645600 0.80621597
h11:economic_activity         0.2655427  -0.09055786 0.7456958 0.72956233

$diagnostic_list$`Shock: inflation_expectations_3y`[[12]]
                                R-sqrd. Adj. R-sqrd.   F-stat     p-value
h12:profits                   0.3591067   0.03866005 1.120644 0.378211384
h12:inflation_expectations_1y 0.6080082   0.41201226 3.102147 0.003120747
h12:inflation_expectations_3y 0.3907063   0.08605941 1.282489 0.266319312
h12:inflation                 0.3650219   0.04753281 1.149715 0.355894223
h12:economic_activity         0.4111275   0.11669122 1.396321 0.205067170


$diagnostic_list$`Shock: inflation`
$diagnostic_list$`Shock: inflation`[[1]]
                               R-sqrd. Adj. R-sqrd.   F-stat      p-value
h1:profits                   0.3301131   0.08085287 1.324371 2.268567e-01
h1:inflation_expectations_1y 0.6447603   0.51257807 4.877814 1.639013e-05
h1:inflation_expectations_3y 0.4741100   0.27843000 2.422884 1.075126e-02
h1:inflation                 0.3710468   0.13701770 1.585473 1.147569e-01
h1:economic_activity         0.3292576   0.07967908 1.319254 2.297675e-01

$diagnostic_list$`Shock: inflation`[[2]]
                               R-sqrd. Adj. R-sqrd.    F-stat     p-value
h2:profits                   0.4240006   0.20457225 1.9322964 0.044524128
h2:inflation_expectations_1y 0.5058342   0.31758062 2.6869828 0.005268215
h2:inflation_expectations_3y 0.2889588   0.01808602 1.0667694 0.414004124
h2:inflation                 0.1507944  -0.17271247 0.4661243 0.950094196
h2:economic_activity         0.3045629   0.03963443 1.1496043 0.345249092

$diagnostic_list$`Shock: inflation`[[3]]
                                R-sqrd. Adj. R-sqrd.    F-stat   p-value
h3:profits                   0.26942512  -0.01567727 0.9450118 0.5289037
h3:inflation_expectations_1y 0.36134632   0.11211562 1.4498467 0.1670029
h3:inflation_expectations_3y 0.07523415  -0.28565009 0.2084717 0.9992909
h3:inflation                 0.11659776  -0.22814457 0.3382171 0.9889927
h3:economic_activity         0.26708016  -0.01893733 0.9337896 0.5400793

$diagnostic_list$`Shock: inflation`[[4]]
                               R-sqrd. Adj. R-sqrd.    F-stat   p-value
h4:profits                   0.3590217   0.10263034 1.4002879 0.1907936
h4:inflation_expectations_1y 0.3376677   0.07273481 1.2745405 0.2598449
h4:inflation_expectations_3y 0.2106494  -0.10509081 0.6671605 0.8075181
h4:inflation                 0.1970867  -0.12407859 0.6136613 0.8538275
h4:economic_activity         0.3518835   0.09263687 1.3573311 0.2123887

$diagnostic_list$`Shock: inflation`[[5]]
                               R-sqrd. Adj. R-sqrd.    F-stat   p-value
h5:profits                   0.3455392   0.07704251 1.2869402 0.2534444
h5:inflation_expectations_1y 0.3792639   0.12460289 1.4892893 0.1533763
h5:inflation_expectations_3y 0.2623281  -0.04030651 0.8668146 0.6082544
h5:inflation                 0.1762448  -0.16170609 0.5215101 0.9193791
h5:economic_activity         0.2661915  -0.03485821 0.8842111 0.5904901

$diagnostic_list$`Shock: inflation`[[6]]
                               R-sqrd. Adj. R-sqrd.    F-stat   p-value
h6:profits                   0.3372547   0.05820398 1.2085785 0.3057068
h6:inflation_expectations_1y 0.3960465   0.14175023 1.5574217 0.1299836
h6:inflation_expectations_3y 0.3646774   0.09717308 1.3632580 0.2119299
h6:inflation                 0.3037188   0.01054773 1.0359781 0.4440155
h6:economic_activity         0.2517554  -0.06329502 0.7990956 0.6775791

$diagnostic_list$`Shock: inflation`[[7]]
                               R-sqrd. Adj. R-sqrd.    F-stat    p-value
h7:profits                   0.4074157   0.15116307 1.5898985 0.12090403
h7:inflation_expectations_1y 0.3702983   0.09799484 1.3598737 0.21509629
h7:inflation_expectations_3y 0.4477695   0.20896716 1.8750632 0.05721516
h7:inflation                 0.2275808  -0.10643829 0.6813407 0.79309020
h7:economic_activity         0.1878157  -0.16339913 0.5347602 0.91016682

$diagnostic_list$`Shock: inflation`[[8]]
                               R-sqrd. Adj. R-sqrd.    F-stat     p-value
h8:profits                   0.2064133  -0.14629194 0.5852289 0.874179743
h8:inflation_expectations_1y 0.5464119   0.34481719 2.7104476 0.006462862
h8:inflation_expectations_3y 0.3176395   0.01436816 1.0473773 0.435283908
h8:inflation                 0.2375686  -0.10128981 0.7010852 0.774081335
h8:economic_activity         0.2917053  -0.02309230 0.9266440 0.548459617

$diagnostic_list$`Shock: inflation`[[9]]
                               R-sqrd. Adj. R-sqrd.    F-stat    p-value
h9:profits                   0.2345441  -0.11537853 0.6702742 0.80221153
h9:inflation_expectations_1y 0.4570638   0.20886437 1.8415184 0.06501383
h9:inflation_expectations_3y 0.3768638   0.09200157 1.3229686 0.23800424
h9:inflation                 0.2344008  -0.11558744 0.6697390 0.80269781
h9:economic_activity         0.2689328  -0.06526937 0.8047009 0.67126708

$diagnostic_list$`Shock: inflation`[[10]]
                                R-sqrd. Adj. R-sqrd.    F-stat    p-value
h10:profits                   0.3363396   0.02402883 1.0769388 0.41154851
h10:inflation_expectations_1y 0.5147238   0.28635860 2.2539500 0.02291351
h10:inflation_expectations_3y 0.2678800  -0.07664706 0.7775296 0.69836659
h10:inflation                 0.2672702  -0.07754389 0.7751139 0.70078320
h10:economic_activity         0.3914010   0.10500146 1.3666258 0.21624996

$diagnostic_list$`Shock: inflation`[[11]]
                                R-sqrd. Adj. R-sqrd.    F-stat    p-value
h11:profits                   0.3048126  -0.03224801 0.9043258 0.57119424
h11:inflation_expectations_1y 0.4673051   0.20902882 1.8093225 0.07351839
h11:inflation_expectations_3y 0.3765176   0.07422307 1.2455323 0.28764075
h11:inflation                 0.2436910  -0.12300427 0.6645600 0.80621597
h11:economic_activity         0.2655427  -0.09055786 0.7456958 0.72956233

$diagnostic_list$`Shock: inflation`[[12]]
                                R-sqrd. Adj. R-sqrd.   F-stat     p-value
h12:profits                   0.3591067   0.03866005 1.120644 0.378211384
h12:inflation_expectations_1y 0.6080082   0.41201226 3.102147 0.003120747
h12:inflation_expectations_3y 0.3907063   0.08605941 1.282489 0.266319312
h12:inflation                 0.3650219   0.04753281 1.149715 0.355894223
h12:economic_activity         0.4111275   0.11669122 1.396321 0.205067170


$diagnostic_list$`Shock: economic_activity`
$diagnostic_list$`Shock: economic_activity`[[1]]
                               R-sqrd. Adj. R-sqrd.   F-stat      p-value
h1:profits                   0.3301131   0.08085287 1.324371 2.268567e-01
h1:inflation_expectations_1y 0.6447603   0.51257807 4.877814 1.639013e-05
h1:inflation_expectations_3y 0.4741100   0.27843000 2.422884 1.075126e-02
h1:inflation                 0.3710468   0.13701770 1.585473 1.147569e-01
h1:economic_activity         0.3292576   0.07967908 1.319254 2.297675e-01

$diagnostic_list$`Shock: economic_activity`[[2]]
                               R-sqrd. Adj. R-sqrd.    F-stat     p-value
h2:profits                   0.4240006   0.20457225 1.9322964 0.044524128
h2:inflation_expectations_1y 0.5058342   0.31758062 2.6869828 0.005268215
h2:inflation_expectations_3y 0.2889588   0.01808602 1.0667694 0.414004124
h2:inflation                 0.1507944  -0.17271247 0.4661243 0.950094196
h2:economic_activity         0.3045629   0.03963443 1.1496043 0.345249092

$diagnostic_list$`Shock: economic_activity`[[3]]
                                R-sqrd. Adj. R-sqrd.    F-stat   p-value
h3:profits                   0.26942512  -0.01567727 0.9450118 0.5289037
h3:inflation_expectations_1y 0.36134632   0.11211562 1.4498467 0.1670029
h3:inflation_expectations_3y 0.07523415  -0.28565009 0.2084717 0.9992909
h3:inflation                 0.11659776  -0.22814457 0.3382171 0.9889927
h3:economic_activity         0.26708016  -0.01893733 0.9337896 0.5400793

$diagnostic_list$`Shock: economic_activity`[[4]]
                               R-sqrd. Adj. R-sqrd.    F-stat   p-value
h4:profits                   0.3590217   0.10263034 1.4002879 0.1907936
h4:inflation_expectations_1y 0.3376677   0.07273481 1.2745405 0.2598449
h4:inflation_expectations_3y 0.2106494  -0.10509081 0.6671605 0.8075181
h4:inflation                 0.1970867  -0.12407859 0.6136613 0.8538275
h4:economic_activity         0.3518835   0.09263687 1.3573311 0.2123887

$diagnostic_list$`Shock: economic_activity`[[5]]
                               R-sqrd. Adj. R-sqrd.    F-stat   p-value
h5:profits                   0.3455392   0.07704251 1.2869402 0.2534444
h5:inflation_expectations_1y 0.3792639   0.12460289 1.4892893 0.1533763
h5:inflation_expectations_3y 0.2623281  -0.04030651 0.8668146 0.6082544
h5:inflation                 0.1762448  -0.16170609 0.5215101 0.9193791
h5:economic_activity         0.2661915  -0.03485821 0.8842111 0.5904901

$diagnostic_list$`Shock: economic_activity`[[6]]
                               R-sqrd. Adj. R-sqrd.    F-stat   p-value
h6:profits                   0.3372547   0.05820398 1.2085785 0.3057068
h6:inflation_expectations_1y 0.3960465   0.14175023 1.5574217 0.1299836
h6:inflation_expectations_3y 0.3646774   0.09717308 1.3632580 0.2119299
h6:inflation                 0.3037188   0.01054773 1.0359781 0.4440155
h6:economic_activity         0.2517554  -0.06329502 0.7990956 0.6775791

$diagnostic_list$`Shock: economic_activity`[[7]]
                               R-sqrd. Adj. R-sqrd.    F-stat    p-value
h7:profits                   0.4074157   0.15116307 1.5898985 0.12090403
h7:inflation_expectations_1y 0.3702983   0.09799484 1.3598737 0.21509629
h7:inflation_expectations_3y 0.4477695   0.20896716 1.8750632 0.05721516
h7:inflation                 0.2275808  -0.10643829 0.6813407 0.79309020
h7:economic_activity         0.1878157  -0.16339913 0.5347602 0.91016682

$diagnostic_list$`Shock: economic_activity`[[8]]
                               R-sqrd. Adj. R-sqrd.    F-stat     p-value
h8:profits                   0.2064133  -0.14629194 0.5852289 0.874179743
h8:inflation_expectations_1y 0.5464119   0.34481719 2.7104476 0.006462862
h8:inflation_expectations_3y 0.3176395   0.01436816 1.0473773 0.435283908
h8:inflation                 0.2375686  -0.10128981 0.7010852 0.774081335
h8:economic_activity         0.2917053  -0.02309230 0.9266440 0.548459617

$diagnostic_list$`Shock: economic_activity`[[9]]
                               R-sqrd. Adj. R-sqrd.    F-stat    p-value
h9:profits                   0.2345441  -0.11537853 0.6702742 0.80221153
h9:inflation_expectations_1y 0.4570638   0.20886437 1.8415184 0.06501383
h9:inflation_expectations_3y 0.3768638   0.09200157 1.3229686 0.23800424
h9:inflation                 0.2344008  -0.11558744 0.6697390 0.80269781
h9:economic_activity         0.2689328  -0.06526937 0.8047009 0.67126708

$diagnostic_list$`Shock: economic_activity`[[10]]
                                R-sqrd. Adj. R-sqrd.    F-stat    p-value
h10:profits                   0.3363396   0.02402883 1.0769388 0.41154851
h10:inflation_expectations_1y 0.5147238   0.28635860 2.2539500 0.02291351
h10:inflation_expectations_3y 0.2678800  -0.07664706 0.7775296 0.69836659
h10:inflation                 0.2672702  -0.07754389 0.7751139 0.70078320
h10:economic_activity         0.3914010   0.10500146 1.3666258 0.21624996

$diagnostic_list$`Shock: economic_activity`[[11]]
                                R-sqrd. Adj. R-sqrd.    F-stat    p-value
h11:profits                   0.3048126  -0.03224801 0.9043258 0.57119424
h11:inflation_expectations_1y 0.4673051   0.20902882 1.8093225 0.07351839
h11:inflation_expectations_3y 0.3765176   0.07422307 1.2455323 0.28764075
h11:inflation                 0.2436910  -0.12300427 0.6645600 0.80621597
h11:economic_activity         0.2655427  -0.09055786 0.7456958 0.72956233

$diagnostic_list$`Shock: economic_activity`[[12]]
                                R-sqrd. Adj. R-sqrd.   F-stat     p-value
h12:profits                   0.3591067   0.03866005 1.120644 0.378211384
h12:inflation_expectations_1y 0.6080082   0.41201226 3.102147 0.003120747
h12:inflation_expectations_3y 0.3907063   0.08605941 1.282489 0.266319312
h12:inflation                 0.3650219   0.04753281 1.149715 0.355894223
h12:economic_activity         0.4111275   0.11669122 1.396321 0.205067170



$specs
$specs$lags_endog_lin
SC(n) 
    1 

$specs$lags_criterion
[1] NaN

$specs$max_lags
[1] NaN

$specs$trend
[1] 0

$specs$shock_type
[1] 0

$specs$confint
[1] 1.65

$specs$hor
[1] 12

$specs$use_nw
[1] TRUE

$specs$nw_prewhite
[1] FALSE

$specs$adjust_se
[1] FALSE

$specs$use_twosls
[1] FALSE

$specs$contemp_data
$specs$contemp_data$dummy
 [1] 0 0 0 0 0 0 0 0 0 0 0 0 0 0 0 0 0 0 0 0 0 0 0 0 0 0 1 1 1 1 0 1 0 1 0 0 0 0 0 0 0 0 0 0 0 0 0 0 0 0 0 0 0 0 0 0 0 0 0 0
[61] 0

$specs$contemp_data$Jan
 [1] 0 0 0 0 0 0 0 0 0 0 0 1 0 0 0 0 0 0 0 0 0 0 0 1 0 0 0 0 0 0 0 0 0 0 0 1 0 0 0 0 0 0 0 0 0 0 0 1 0 0 0 0 0 0 0 0 0 0 0 1
[61] 0

$specs$contemp_data$Feb
 [1] 1 0 0 0 0 0 0 0 0 0 0 0 1 0 0 0 0 0 0 0 0 0 0 0 1 0 0 0 0 0 0 0 0 0 0 0 1 0 0 0 0 0 0 0 0 0 0 0 1 0 0 0 0 0 0 0 0 0 0 0
[61] 1

$specs$contemp_data$Mar
 [1] 0 1 0 0 0 0 0 0 0 0 0 0 0 1 0 0 0 0 0 0 0 0 0 0 0 1 0 0 0 0 0 0 0 0 0 0 0 1 0 0 0 0 0 0 0 0 0 0 0 1 0 0 0 0 0 0 0 0 0 0
[61] 0

$specs$contemp_data$Apr
 [1] 0 0 1 0 0 0 0 0 0 0 0 0 0 0 1 0 0 0 0 0 0 0 0 0 0 0 1 0 0 0 0 0 0 0 0 0 0 0 1 0 0 0 0 0 0 0 0 0 0 0 1 0 0 0 0 0 0 0 0 0
[61] 0

$specs$contemp_data$May
 [1] 0 0 0 1 0 0 0 0 0 0 0 0 0 0 0 1 0 0 0 0 0 0 0 0 0 0 0 1 0 0 0 0 0 0 0 0 0 0 0 1 0 0 0 0 0 0 0 0 0 0 0 1 0 0 0 0 0 0 0 0
[61] 0

$specs$contemp_data$Jun
 [1] 0 0 0 0 1 0 0 0 0 0 0 0 0 0 0 0 1 0 0 0 0 0 0 0 0 0 0 0 1 0 0 0 0 0 0 0 0 0 0 0 1 0 0 0 0 0 0 0 0 0 0 0 1 0 0 0 0 0 0 0
[61] 0

$specs$contemp_data$Jul
 [1] 0 0 0 0 0 1 0 0 0 0 0 0 0 0 0 0 0 1 0 0 0 0 0 0 0 0 0 0 0 1 0 0 0 0 0 0 0 0 0 0 0 1 0 0 0 0 0 0 0 0 0 0 0 1 0 0 0 0 0 0
[61] 0

$specs$contemp_data$Aug
 [1] 0 0 0 0 0 0 1 0 0 0 0 0 0 0 0 0 0 0 1 0 0 0 0 0 0 0 0 0 0 0 1 0 0 0 0 0 0 0 0 0 0 0 1 0 0 0 0 0 0 0 0 0 0 0 1 0 0 0 0 0
[61] 0

$specs$contemp_data$Sep
 [1] 0 0 0 0 0 0 0 1 0 0 0 0 0 0 0 0 0 0 0 1 0 0 0 0 0 0 0 0 0 0 0 1 0 0 0 0 0 0 0 0 0 0 0 1 0 0 0 0 0 0 0 0 0 0 0 1 0 0 0 0
[61] 0

$specs$contemp_data$Oct
 [1] 0 0 0 0 0 0 0 0 1 0 0 0 0 0 0 0 0 0 0 0 1 0 0 0 0 0 0 0 0 0 0 0 1 0 0 0 0 0 0 0 0 0 0 0 1 0 0 0 0 0 0 0 0 0 0 0 1 0 0 0
[61] 0


$specs$model_type
[1] 0

$specs$starts
[1] 1

$specs$ends
[1] 61

$specs$column_names
[1] "profits"                   "inflation_expectations_1y" "inflation_expectations_3y" "inflation"                
[5] "economic_activity"        

$specs$endog
[1] 5

$specs$y_lin
         profits inflation_expectations_1y inflation_expectations_3y     inflation economic_activity
2  -0.0030672227              -0.093069017              -0.116992518  0.0118791283      0.0132147973
3  -0.0015671083              -0.179841030              -0.082446768 -0.0180540196      0.0197042191
4  -0.0048445698               0.042644040              -0.009027443  0.0117895324      0.0091204916
5  -0.0020909675               0.038628823              -0.004366708  0.0080067127      0.0256060314
6  -0.0001872064               0.037587716               0.047957221 -0.0080781182     -0.0008554676
7   0.0070687136               0.042232388              -0.051764649 -0.0091070197      0.0134624669
8   0.0067636865               0.066831950               0.083116914  0.0035186802      0.0099315901
9  -0.0015282133               0.074361879               0.104697282  0.0072325549      0.0093828680
10  0.0086920589               0.097256869               0.129269948  0.0109363479      0.0019638250
11 -0.0056973176               0.090859949               0.040770491 -0.0256428615      0.0024138617
12 -0.0043933637               0.150130443               0.168118070 -0.0087928721     -0.0039597521
13  0.0081092221               0.154457901               0.190173118 -0.0192514804      0.0121072497
14  0.0011236707               0.016860856               0.023610225  0.0121350319      0.0036954885
15  0.0081987553               0.081748607               0.155708559  0.0254869151      0.0040989018
16  0.0185021798              -0.092583911               0.021248402  0.0315361282      0.0142325513
17 -0.0003216728              -0.193230976              -0.043276262 -0.0135380408     -0.0038460784
18  0.0140407037               0.067156473               0.059606826 -0.0237050248      0.0003874938
19 -0.0009588470               0.028570973               0.007379959  0.0070212946     -0.0030995371
20 -0.0129490407              -0.110390831              -0.043736816 -0.0008099038     -0.0027487440
21  0.0084725266              -0.009296058              -0.148649219  0.0022449886      0.0100916736
22 -0.0059123653              -0.137446744              -0.128886832  0.0149056931     -0.0068965871
23 -0.0040436668              -0.102682542               0.022526063  0.0056048268     -0.0018302030
24  0.0141313302               0.085885577               0.040433270  0.0166801358     -0.0053688531
25  0.0075505684               0.052676001               0.034575991 -0.0032142186      0.0092054021
26  0.0072095450               0.082834189               0.071948279 -0.0143825022      0.0065049140
27 -0.0027716027               0.059890764              -0.139321440 -0.0765488966     -0.1095376270
28 -0.0291104314               0.110803355               0.054336359 -0.1180561839     -0.8013817712
29 -0.0225708495               0.440086455               0.002754213 -0.0394295123      0.1819834628
30 -0.0134855824               0.060988570              -0.180594733  0.0227326525      0.1811371292
31 -0.0166847525               0.192429026               0.022748256  0.0290171471     -0.0032090982
32 -0.0046636571               0.215418333               0.210000612  0.0188797606      0.1242242661
33 -0.0127038341               0.090842219              -0.097192097 -0.0081495346      0.0427062365
34  0.0005909070              -0.176135374              -0.211683475 -0.0273674729      0.0659089440
35 -0.0145684146              -0.189613815              -0.173824252 -0.0169879726      0.0090416110
36 -0.0068442880              -0.309955966              -0.096708136  0.0137622962     -0.0200398947
37 -0.0031922834              -0.438829199              -0.136241740 -0.0175590348      0.0297735978
38  0.0023846347              -0.586924618              -0.252722198 -0.0022948550      0.0122939477
39 -0.0030803504              -0.640823289              -0.247849266  0.0090208096      0.0224621217
40  0.0202084667              -0.744269330              -0.328708352  0.0296218439     -0.0027052872
41  0.0007072420              -0.331977245               0.061289940  0.0278964532      0.0234591779
42 -0.0052077868               0.239203704              -0.036411180  0.0417894154      0.0133334691
43  0.0121405195               0.051907720               0.062479848 -0.0037102132      0.0466232530
44  0.0149835200               0.168972059               0.295863311 -0.0101886004      0.0231090359
45  0.0113432190               0.091561951               0.448800361 -0.0095415708      0.0349689544
46  0.0251599998               0.244040498               0.439272896  0.0513660931      0.0238252787
47 -0.0016183206               0.420618875               0.227962584  0.0346746044      0.0237066681
48 -0.0110055080               0.265010741               0.220814479  0.0322088457      0.0235842891
49  0.0054874458              -0.056457642              -0.282966474  0.0093029159     -0.0110638564
50  0.0335748081               0.063072574               0.047559850  0.0216592661      0.0313075917
51  0.0094191681               0.583575145              -0.006092132  0.0594986810      0.0032570089
52  0.0257988952               0.310877420               0.279880828 -0.0193295446     -0.0042385199
53  0.0067914796               0.535617968               0.326312135  0.0475641271     -0.0153374760
54 -0.0150868019               0.756444779               0.145136221  0.0829906319     -0.0114672989
55 -0.0087711074               0.249347053              -0.203776953 -0.0724345513     -0.0001570211
56 -0.0144559817              -0.163336671              -0.538329081 -0.0398569237     -0.0222817013
57 -0.0130083903              -0.387472074              -0.287419250 -0.0177631399     -0.0027547779
58 -0.0106816475               0.208077418               0.011815895 -0.0082045127     -0.0219807589
59  0.0039068740              -0.407923836              -0.001392901 -0.0432906191     -0.0099343622
60 -0.0091200225              -0.539237661               0.094962482 -0.0521834854     -0.0180533987
61 -0.0078973127              -0.472610574              -0.084508752 -0.0042564185     -0.0088103979

$specs$x_lin
   profits_lag_1 inflation_expectations_1y_lag_1 inflation_expectations_3y_lag_1 inflation_lag_1 economic_activity_lag_1
2  -0.0082696529                    -0.205402860                    -0.218241259    0.0307655897            0.0097286005
3  -0.0030672227                    -0.093069017                    -0.116992518    0.0118791283            0.0132147973
4  -0.0015671083                    -0.179841030                    -0.082446768   -0.0180540196            0.0197042191
5  -0.0048445698                     0.042644040                    -0.009027443    0.0117895324            0.0091204916
6  -0.0020909675                     0.038628823                    -0.004366708    0.0080067127            0.0256060314
7  -0.0001872064                     0.037587716                     0.047957221   -0.0080781182           -0.0008554676
8   0.0070687136                     0.042232388                    -0.051764649   -0.0091070197            0.0134624669
9   0.0067636865                     0.066831950                     0.083116914    0.0035186802            0.0099315901
10 -0.0015282133                     0.074361879                     0.104697282    0.0072325549            0.0093828680
11  0.0086920589                     0.097256869                     0.129269948    0.0109363479            0.0019638250
12 -0.0056973176                     0.090859949                     0.040770491   -0.0256428615            0.0024138617
13 -0.0043933637                     0.150130443                     0.168118070   -0.0087928721           -0.0039597521
14  0.0081092221                     0.154457901                     0.190173118   -0.0192514804            0.0121072497
15  0.0011236707                     0.016860856                     0.023610225    0.0121350319            0.0036954885
16  0.0081987553                     0.081748607                     0.155708559    0.0254869151            0.0040989018
17  0.0185021798                    -0.092583911                     0.021248402    0.0315361282            0.0142325513
18 -0.0003216728                    -0.193230976                    -0.043276262   -0.0135380408           -0.0038460784
19  0.0140407037                     0.067156473                     0.059606826   -0.0237050248            0.0003874938
20 -0.0009588470                     0.028570973                     0.007379959    0.0070212946           -0.0030995371
21 -0.0129490407                    -0.110390831                    -0.043736816   -0.0008099038           -0.0027487440
22  0.0084725266                    -0.009296058                    -0.148649219    0.0022449886            0.0100916736
23 -0.0059123653                    -0.137446744                    -0.128886832    0.0149056931           -0.0068965871
24 -0.0040436668                    -0.102682542                     0.022526063    0.0056048268           -0.0018302030
25  0.0141313302                     0.085885577                     0.040433270    0.0166801358           -0.0053688531
26  0.0075505684                     0.052676001                     0.034575991   -0.0032142186            0.0092054021
27  0.0072095450                     0.082834189                     0.071948279   -0.0143825022            0.0065049140
28 -0.0027716027                     0.059890764                    -0.139321440   -0.0765488966           -0.1095376270
29 -0.0291104314                     0.110803355                     0.054336359   -0.1180561839           -0.8013817712
30 -0.0225708495                     0.440086455                     0.002754213   -0.0394295123            0.1819834628
31 -0.0134855824                     0.060988570                    -0.180594733    0.0227326525            0.1811371292
32 -0.0166847525                     0.192429026                     0.022748256    0.0290171471           -0.0032090982
33 -0.0046636571                     0.215418333                     0.210000612    0.0188797606            0.1242242661
34 -0.0127038341                     0.090842219                    -0.097192097   -0.0081495346            0.0427062365
35  0.0005909070                    -0.176135374                    -0.211683475   -0.0273674729            0.0659089440
36 -0.0145684146                    -0.189613815                    -0.173824252   -0.0169879726            0.0090416110
37 -0.0068442880                    -0.309955966                    -0.096708136    0.0137622962           -0.0200398947
38 -0.0031922834                    -0.438829199                    -0.136241740   -0.0175590348            0.0297735978
39  0.0023846347                    -0.586924618                    -0.252722198   -0.0022948550            0.0122939477
40 -0.0030803504                    -0.640823289                    -0.247849266    0.0090208096            0.0224621217
41  0.0202084667                    -0.744269330                    -0.328708352    0.0296218439           -0.0027052872
42  0.0007072420                    -0.331977245                     0.061289940    0.0278964532            0.0234591779
43 -0.0052077868                     0.239203704                    -0.036411180    0.0417894154            0.0133334691
44  0.0121405195                     0.051907720                     0.062479848   -0.0037102132            0.0466232530
45  0.0149835200                     0.168972059                     0.295863311   -0.0101886004            0.0231090359
46  0.0113432190                     0.091561951                     0.448800361   -0.0095415708            0.0349689544
47  0.0251599998                     0.244040498                     0.439272896    0.0513660931            0.0238252787
48 -0.0016183206                     0.420618875                     0.227962584    0.0346746044            0.0237066681
49 -0.0110055080                     0.265010741                     0.220814479    0.0322088457            0.0235842891
50  0.0054874458                    -0.056457642                    -0.282966474    0.0093029159           -0.0110638564
51  0.0335748081                     0.063072574                     0.047559850    0.0216592661            0.0313075917
52  0.0094191681                     0.583575145                    -0.006092132    0.0594986810            0.0032570089
53  0.0257988952                     0.310877420                     0.279880828   -0.0193295446           -0.0042385199
54  0.0067914796                     0.535617968                     0.326312135    0.0475641271           -0.0153374760
55 -0.0150868019                     0.756444779                     0.145136221    0.0829906319           -0.0114672989
56 -0.0087711074                     0.249347053                    -0.203776953   -0.0724345513           -0.0001570211
57 -0.0144559817                    -0.163336671                    -0.538329081   -0.0398569237           -0.0222817013
58 -0.0130083903                    -0.387472074                    -0.287419250   -0.0177631399           -0.0027547779
59 -0.0106816475                     0.208077418                     0.011815895   -0.0082045127           -0.0219807589
60  0.0039068740                    -0.407923836                    -0.001392901   -0.0432906191           -0.0099343622
61 -0.0091200225                    -0.539237661                     0.094962482   -0.0521834854           -0.0180533987
   dummy Jan Feb Mar Apr May Jun Jul Aug Sep Oct
2      0   0   0   1   0   0   0   0   0   0   0
3      0   0   0   0   1   0   0   0   0   0   0
4      0   0   0   0   0   1   0   0   0   0   0
5      0   0   0   0   0   0   1   0   0   0   0
6      0   0   0   0   0   0   0   1   0   0   0
7      0   0   0   0   0   0   0   0   1   0   0
8      0   0   0   0   0   0   0   0   0   1   0
9      0   0   0   0   0   0   0   0   0   0   1
10     0   0   0   0   0   0   0   0   0   0   0
11     0   0   0   0   0   0   0   0   0   0   0
12     0   1   0   0   0   0   0   0   0   0   0
13     0   0   1   0   0   0   0   0   0   0   0
14     0   0   0   1   0   0   0   0   0   0   0
15     0   0   0   0   1   0   0   0   0   0   0
16     0   0   0   0   0   1   0   0   0   0   0
17     0   0   0   0   0   0   1   0   0   0   0
18     0   0   0   0   0   0   0   1   0   0   0
19     0   0   0   0   0   0   0   0   1   0   0
20     0   0   0   0   0   0   0   0   0   1   0
21     0   0   0   0   0   0   0   0   0   0   1
22     0   0   0   0   0   0   0   0   0   0   0
23     0   0   0   0   0   0   0   0   0   0   0
24     0   1   0   0   0   0   0   0   0   0   0
25     0   0   1   0   0   0   0   0   0   0   0
26     0   0   0   1   0   0   0   0   0   0   0
27     1   0   0   0   1   0   0   0   0   0   0
28     1   0   0   0   0   1   0   0   0   0   0
29     1   0   0   0   0   0   1   0   0   0   0
30     1   0   0   0   0   0   0   1   0   0   0
31     0   0   0   0   0   0   0   0   1   0   0
32     1   0   0   0   0   0   0   0   0   1   0
33     0   0   0   0   0   0   0   0   0   0   1
34     1   0   0   0   0   0   0   0   0   0   0
35     0   0   0   0   0   0   0   0   0   0   0
36     0   1   0   0   0   0   0   0   0   0   0
37     0   0   1   0   0   0   0   0   0   0   0
38     0   0   0   1   0   0   0   0   0   0   0
39     0   0   0   0   1   0   0   0   0   0   0
40     0   0   0   0   0   1   0   0   0   0   0
41     0   0   0   0   0   0   1   0   0   0   0
42     0   0   0   0   0   0   0   1   0   0   0
43     0   0   0   0   0   0   0   0   1   0   0
44     0   0   0   0   0   0   0   0   0   1   0
45     0   0   0   0   0   0   0   0   0   0   1
46     0   0   0   0   0   0   0   0   0   0   0
47     0   0   0   0   0   0   0   0   0   0   0
48     0   1   0   0   0   0   0   0   0   0   0
49     0   0   1   0   0   0   0   0   0   0   0
50     0   0   0   1   0   0   0   0   0   0   0
51     0   0   0   0   1   0   0   0   0   0   0
52     0   0   0   0   0   1   0   0   0   0   0
53     0   0   0   0   0   0   1   0   0   0   0
54     0   0   0   0   0   0   0   1   0   0   0
55     0   0   0   0   0   0   0   0   1   0   0
56     0   0   0   0   0   0   0   0   0   1   0
57     0   0   0   0   0   0   0   0   0   0   1
58     0   0   0   0   0   0   0   0   0   0   0
59     0   0   0   0   0   0   0   0   0   0   0
60     0   1   0   0   0   0   0   0   0   0   0
61     0   0   1   0   0   0   0   0   0   0   0


attr(,"class")
[1] "lpirfs_lin_obj"
