[1] "government_spending"  "djn level estimation"
                   1             2             3             4             5             6
AIC(n) -2.783305e+01 -2.810358e+01 -2.785633e+01 -2.810951e+01 -2.867403e+01 -3.032590e+01
HQ(n)  -2.663338e+01 -2.655107e+01 -2.595099e+01 -2.585132e+01 -2.606300e+01 -2.736203e+01
SC(n)  -2.473080e+01 -2.408891e+01 -2.292924e+01 -2.227000e+01 -2.192209e+01 -2.266153e+01
FPE(n)  9.070715e-13  7.897278e-13  1.268927e-12  1.426749e-12  1.472269e-12  7.539488e-13
                   1             2             3             4             5             6
AIC(n) -2.783305e+01 -2.810358e+01 -2.785633e+01 -2.810951e+01 -2.867403e+01 -3.032590e+01
HQ(n)  -2.663338e+01 -2.655107e+01 -2.595099e+01 -2.585132e+01 -2.606300e+01 -2.736203e+01
SC(n)  -2.473080e+01 -2.408891e+01 -2.292924e+01 -2.227000e+01 -2.192209e+01 -2.266153e+01
FPE(n)  9.070715e-13  7.897278e-13  1.268927e-12  1.426749e-12  1.472269e-12  7.539488e-13
$irf_lin_mean
, , 1

             [,1]        [,2]         [,3]        [,4]         [,5]          [,6]          [,7]        [,8]         [,9]
[1,]  0.004394031 0.002330863  0.001478929 0.001413721 0.0004769239  0.0005766583  1.131763e-03 0.000974019  0.001111556
[2,]  0.032547991 0.082215211  0.099157080 0.130169399 0.1824117985  0.2118155621  2.294761e-01 0.238095769  0.203063798
[3,]  0.094293394 0.097767432  0.091894714 0.093667262 0.1140495549  0.1246613287  1.459867e-01 0.118755444  0.092482715
[4,]  0.006241247 0.003417865  0.003179289 0.003401378 0.0058753116  0.0028066970 -1.427095e-06 0.007121417  0.006665017
[5,] -0.004387866 0.010866606 -0.005840433 0.010778542 0.0109395260 -0.0154245299 -1.223206e-03 0.022591664 -0.006095828
            [,10]         [,11]         [,12]         [,13]
[1,] 7.480822e-05 -0.0005943703 -0.0005817872 -0.0009780846
[2,] 1.676680e-01  0.1259239172  0.0638981078  0.0265702450
[3,] 3.303287e-02 -0.0112683222 -0.0419137657 -0.0357874786
[4,] 4.220595e-03  0.0018399428 -0.0001729041  0.0003193361
[5,] 6.080179e-03  0.0020490065 -0.0054310690  0.0062909795

, , 2

            [,1]         [,2]          [,3]          [,4]          [,5]         [,6]         [,7]         [,8]        [,9]
[1,]  0.00000000 6.574939e-05 -0.0005479925  0.0002255586  0.0007805224 0.0005708981 0.0009922038 0.0014289613 0.000913338
[2,]  0.21605667 2.268177e-01  0.2119813658  0.2171213090  0.2448842722 0.2537800535 0.2425978623 0.3220564807 0.346952796
[3,]  0.07904126 7.893108e-02  0.0520307509  0.0561667195  0.0784882677 0.0635738308 0.0628386268 0.0971414210 0.096128431
[4,]  0.01196684 5.475616e-03  0.0021861626  0.0052146262  0.0040993415 0.0056853446 0.0050979174 0.0093879354 0.008690549
[5,] -0.01372007 1.195325e-02  0.0085146490 -0.0047369855 -0.0006269721 0.0055547109 0.0067085235 0.0004579998 0.009175530
           [,10]      [,11]       [,12]        [,13]
[1,] 0.001173553 0.00125326 0.001594716  0.001089258
[2,] 0.396419390 0.44171174 0.513168232  0.531267584
[3,] 0.126420594 0.14581545 0.179526054  0.162254532
[4,] 0.005763430 0.01022381 0.008488282  0.006196645
[5,] 0.003338427 0.01410692 0.008649439 -0.003932420

, , 3

             [,1]         [,2]        [,3]        [,4]        [,5]        [,6]        [,7]        [,8]        [,9]
[1,]  0.000000000  0.001415135 0.002553604 0.001655350 0.002411202 0.002960512 0.001817367 0.003399452 0.002004822
[2,]  0.000000000  0.044599098 0.077629519 0.121466753 0.083970832 0.123268500 0.281818443 0.365164680 0.395269831
[3,]  0.166499422  0.150356417 0.163442578 0.151856605 0.114887080 0.128633526 0.162149059 0.252952319 0.229279189
[4,] -0.009587016  0.003984010 0.007773691 0.008903796 0.009753502 0.011614494 0.023067965 0.016482484 0.014415752
[5,]  0.002114210 -0.007602828 0.012385330 0.006467599 0.010419457 0.031697838 0.038410020 0.011664782 0.023688762
            [,10]        [,11]       [,12]        [,13]
[1,]  0.002414841  0.002532499 0.001819634  0.002105732
[2,]  0.389823030  0.450340751 0.291721683  0.208143037
[3,]  0.237486439  0.216983056 0.117555807  0.081533251
[4,]  0.013571826  0.007585573 0.002563201 -0.001103901
[5,] -0.005515659 -0.018055929 0.011393164 -0.013380322

, , 4

           [,1]          [,2]         [,3]         [,4]          [,5]          [,6]        [,7]        [,8]        [,9]
[1,] 0.00000000 -0.0003788399 -0.001558474 -0.001173991 -0.0002655343  0.0006038481 0.003398221 0.004703560 0.002707503
[2,] 0.00000000 -0.0127053534  0.048792590  0.048965721  0.0930681336  0.1217368591 0.160133610 0.309698972 0.364063683
[3,] 0.00000000  0.0253125794  0.030205441  0.025561982  0.0469059220  0.0760697683 0.119596661 0.175089297 0.181803653
[4,] 0.02728981  0.0089513176 -0.001580509 -0.001335836 -0.0020346901  0.0033359236 0.007976847 0.016656989 0.012658596
[5,] 0.06970614  0.0119291099 -0.017841112  0.001074813 -0.0091651547 -0.0024430864 0.001777363 0.007923133 0.018416896
           [,10]       [,11]       [,12]        [,13]
[1,] 0.002123926 0.002323223 0.002012794  0.001843378
[2,] 0.436100547 0.542551273 0.685034714  0.743566042
[3,] 0.199151194 0.254510953 0.314413386  0.343578063
[4,] 0.012480476 0.019197761 0.015603362  0.005245834
[5,] 0.012285949 0.031984556 0.016144885 -0.029122710

, , 5

           [,1]         [,2]         [,3]          [,4]          [,5]          [,6]         [,7]         [,8]          [,9]
[1,] 0.00000000  0.000232463  0.001111086 -0.0007288465 -0.0008692651  0.0003260754 0.0009296247  0.001018732  0.0002672608
[2,] 0.00000000 -0.035380401  0.053969663  0.0411543877 -0.0179809813 -0.0304774991 0.0330100917 -0.062569900 -0.0757509211
[3,] 0.00000000  0.001591766  0.059807939  0.0296051974 -0.0332898793  0.0102916678 0.0298737314 -0.010245432 -0.0110518198
[4,] 0.00000000  0.003518098  0.003216123 -0.0028093069 -0.0016181839 -0.0004993519 0.0069165966 -0.001701629 -0.0048083874
[5,] 0.09569328 -0.018014912 -0.027405641  0.0180436965  0.0007280515  0.0030382299 0.0013539734  0.004421846  0.0025662810
             [,10]         [,11]        [,12]         [,13]
[1,] -0.0003433597 -8.411287e-05 -0.001242145 -7.214484e-05
[2,] -0.1280642037 -1.618680e-01 -0.210232385 -2.194778e-01
[3,] -0.0596426177 -6.741040e-02 -0.106682776 -6.385284e-02
[4,]  0.0024260349 -4.409454e-03 -0.003249785 -7.999619e-03
[5,]  0.0010693027 -1.211344e-02 -0.002036819 -1.957879e-02


$irf_lin_low
, , 1

             [,1]          [,2]         [,3]         [,4]         [,5]         [,6]         [,7]         [,8]         [,9]
[1,]  0.004394031  0.0003371535 -0.001077886 -0.001721319 -0.002750879 -0.003199195 -0.002968913 -0.002336248 -0.002509375
[2,]  0.032547991  0.0069840574 -0.022405195 -0.044753809 -0.036741761 -0.041965876 -0.104211811 -0.174292502 -0.240338966
[3,]  0.094293394  0.0356633888 -0.007603271 -0.032462591 -0.033232351 -0.044733790 -0.053387855 -0.068719650 -0.119476757
[4,]  0.006241247 -0.0053276157 -0.007560193 -0.006657558 -0.006582938 -0.015355076 -0.013287973 -0.005022309 -0.006344443
[5,] -0.004387866 -0.0111116356 -0.030221033 -0.014351606 -0.018364230 -0.071455598 -0.056401144 -0.034765234 -0.052398921
            [,10]        [,11]        [,12]        [,13]
[1,] -0.002895296 -0.003622302 -0.005296852 -0.005400477
[2,] -0.327473843 -0.377813361 -0.479241197 -0.555121794
[3,] -0.215103582 -0.253568460 -0.298969553 -0.277649077
[4,] -0.012434012 -0.011661685 -0.013078033 -0.021832363
[5,] -0.025243109 -0.028965099 -0.044571686 -0.031684600

, , 2

            [,1]          [,2]         [,3]          [,4]         [,5]         [,6]         [,7]          [,8]          [,9]
[1,]  0.00000000 -0.0011471269 -0.002008222 -0.0015520394 -0.001126023 -0.001910111 -0.001695789 -0.0006908227 -0.0016836959
[2,]  0.21605667  0.1738042861  0.131051478  0.1094759757  0.116142755  0.087048688 -0.010952822 -0.0543682294 -0.0595054793
[3,]  0.07904126  0.0351684398 -0.010787876 -0.0209079957 -0.012458698 -0.046130982 -0.065867426 -0.0521553450 -0.0746759849
[4,]  0.01196684 -0.0002190154 -0.003438171 -0.0005253738 -0.003074613 -0.004867362 -0.005792301  0.0008586899  0.0005130268
[5,] -0.01372007 -0.0036873668 -0.003649466 -0.0170702830 -0.016608855 -0.021197046 -0.026293596 -0.0195967786 -0.0213442588
            [,10]        [,11]        [,12]        [,13]
[1,] -0.001133776 -0.001362279 -0.001418495 -0.001336112
[2,] -0.040807629 -0.021950512  0.025364873  0.039461391
[3,] -0.069966474 -0.050490385 -0.016615732 -0.008351095
[4,] -0.007613549 -0.002082110 -0.004350836 -0.013104079
[5,] -0.018000069 -0.023018395 -0.029534340 -0.030228960

, , 3

             [,1]          [,2]        [,3]         [,4]        [,5]        [,6]         [,7]         [,8]          [,9]
[1,]  0.000000000  0.0006721394 0.001838935 0.0009152304 0.001377092 0.001750541 0.0003241551  0.002078114  0.0005152667
[2,]  0.000000000  0.0167612609 0.047651650 0.0996488947 0.040882989 0.084778950 0.2080460193  0.206532055  0.2116388577
[3,]  0.166499422  0.1291638499 0.137447510 0.1292605140 0.086235326 0.098897696 0.1185580038  0.190150636  0.1371537406
[4,] -0.009587016  0.0019613033 0.005926755 0.0078981031 0.006181530 0.003705473 0.0189647216  0.012559498  0.0082656912
[5,]  0.002114210 -0.0042748240 0.007465558 0.0027922821 0.005733618 0.007279110 0.0031863699 -0.006088355 -0.0024854923
            [,10]         [,11]         [,12]         [,13]
[1,]  0.001155620  0.0014677067  0.0001574642  0.0008382569
[2,]  0.153709474  0.1993606208  0.0204482609 -0.0440572161
[3,]  0.113580644  0.1090969048  0.0144874982  0.0144910971
[4,]  0.006471068  0.0008838776 -0.0016174893 -0.0054970217
[5,] -0.014910077 -0.0262519145 -0.0017801213 -0.0224508213

, , 4

           [,1]         [,2]         [,3]         [,4]         [,5]         [,6]          [,7]         [,8]         [,9]
[1,] 0.00000000 -0.001934537 -0.003560038 -0.003391721 -0.002458074 -0.002419954  0.0007429731  0.002666390 0.0002265525
[2,] 0.00000000 -0.086725921 -0.077334287 -0.147857593 -0.097196015 -0.117821781 -0.1738510795 -0.020649338 0.0291103308
[3,] 0.00000000 -0.035617478 -0.067525646 -0.101610679 -0.080938098 -0.064806567 -0.0251047126  0.048221841 0.0544932183
[4,] 0.02728981 -0.003257662 -0.015863432 -0.014175384 -0.010413423 -0.006223643 -0.0054207543  0.007245274 0.0059706496
[5,] 0.06970614 -0.041970119 -0.050073341 -0.019295156 -0.035478651 -0.021482585 -0.0138676768 -0.008152942 0.0017858810
             [,10]         [,11]         [,12]         [,13]
[1,]  3.722857e-05 -0.0001462021 -0.0008933749 -0.0005769198
[2,]  1.139673e-01  0.2020330990  0.3648140211  0.4028479317
[3,]  7.626449e-02  0.1128292369  0.1646926950  0.1856492210
[4,] -2.264209e-03  0.0087821436  0.0024243482 -0.0205531078
[5,] -1.812264e-02 -0.0205411514 -0.0313004697 -0.0810414219

, , 5

           [,1]          [,2]          [,3]         [,4]         [,5]          [,6]          [,7]          [,8]
[1,] 0.00000000 -0.0005042969  0.0002238720 -0.001458430 -0.001766146 -0.0009446426 -7.477891e-05  0.0001180613
[2,] 0.00000000 -0.0736214731 -0.0004168633 -0.039539767 -0.089880723 -0.1058666618 -7.692500e-02 -0.1355475549
[3,] 0.00000000 -0.0251327005  0.0147974540 -0.025553616 -0.079836012 -0.0297769004 -1.267565e-02 -0.0428731892
[4,] 0.00000000 -0.0034550482 -0.0059237862 -0.009361612 -0.004631432 -0.0044926544  2.409099e-03 -0.0051862534
[5,] 0.09569328 -0.0501659981 -0.0488814313  0.009453517 -0.010195127 -0.0038968199 -7.450171e-03 -0.0038204724
              [,9]        [,10]         [,11]        [,12]         [,13]
[1,] -0.0008201644 -0.001319368 -0.0008244766 -0.002202216 -0.0007447941
[2,] -0.1482232003 -0.208584886 -0.2533077976 -0.292225563 -0.3052124148
[3,] -0.0478042338 -0.094638545 -0.1041782236 -0.148765962 -0.1058516623
[4,] -0.0088516118 -0.003755496 -0.0079224185 -0.007772592 -0.0183567126
[5,] -0.0027694234 -0.011913898 -0.0289492340 -0.020350522 -0.0540350528


$irf_lin_up
, , 1

             [,1]        [,2]        [,3]        [,4]        [,5]        [,6]        [,7]        [,8]        [,9]
[1,]  0.004394031 0.004324573 0.004035744 0.004548761 0.003704727 0.004352511 0.005232439 0.004284286 0.004732486
[2,]  0.032547991 0.157446365 0.220719356 0.305092606 0.401565358 0.465597000 0.563163916 0.650484039 0.646466562
[3,]  0.094293394 0.159871475 0.191392698 0.219797115 0.261331461 0.294056448 0.345361331 0.306230538 0.304442188
[4,]  0.006241247 0.012163345 0.013918772 0.013460313 0.018333562 0.020968470 0.013285119 0.019265144 0.019674476
[5,] -0.004387866 0.032844847 0.018540167 0.035908690 0.040243282 0.040606538 0.053954731 0.079948561 0.040207264
           [,10]       [,11]       [,12]       [,13]
[1,] 0.003044912 0.002433561 0.004133278 0.003444308
[2,] 0.662809748 0.629661196 0.607037413 0.608262284
[3,] 0.281169324 0.231031815 0.215142022 0.206074119
[4,] 0.020875203 0.015341571 0.012732225 0.022471035
[5,] 0.037403467 0.033063112 0.033709548 0.044266559

, , 2

            [,1]        [,2]         [,3]        [,4]        [,5]        [,6]        [,7]        [,8]        [,9]
[1,]  0.00000000 0.001278626 0.0009122368 0.002003157 0.002687068 0.003051907 0.003680197 0.003548745 0.003510372
[2,]  0.21605667 0.279831055 0.2929112537 0.324766642 0.373625790 0.420511419 0.496148546 0.698481191 0.753411071
[3,]  0.07904126 0.122693711 0.1148493780 0.133241435 0.169435234 0.173278643 0.191544680 0.246438187 0.266932848
[4,]  0.01196684 0.011170248 0.0078104961 0.010954626 0.011273296 0.016238051 0.015988136 0.017917181 0.016868071
[5,] -0.01372007 0.027593867 0.0206787639 0.007596312 0.015354911 0.032306468 0.039710643 0.020512778 0.039695319
           [,10]      [,11]       [,12]       [,13]
[1,] 0.003480881 0.00386880 0.004607927 0.003514628
[2,] 0.833646409 0.90537400 1.000971591 1.023073776
[3,] 0.322807661 0.34212128 0.375667840 0.332860160
[4,] 0.019140410 0.02252974 0.021327400 0.025497368
[5,] 0.024676922 0.05123224 0.046833219 0.022364120

, , 3

             [,1]         [,2]        [,3]        [,4]        [,5]        [,6]       [,7]        [,8]        [,9]
[1,]  0.000000000  0.002158130 0.003268272 0.002395471 0.003445312 0.004170484 0.00331058 0.004720789 0.003494378
[2,]  0.000000000  0.072436935 0.107607387 0.143284611 0.127058675 0.161758050 0.35559087 0.523797304 0.578900803
[3,]  0.166499422  0.171548984 0.189437646 0.174452696 0.143538834 0.158369356 0.20574011 0.315754003 0.321404637
[4,] -0.009587016  0.006006717 0.009620626 0.009909488 0.013325474 0.019523516 0.02717121 0.020405471 0.020565813
[5,]  0.002114210 -0.010930832 0.017305102 0.010142917 0.015105295 0.056116566 0.07363367 0.029417920 0.049863017
           [,10]        [,11]       [,12]        [,13]
[1,] 0.003674063  0.003597292 0.003481803  0.003373207
[2,] 0.625936586  0.701320880 0.562995106  0.460343289
[3,] 0.361392235  0.324869207 0.220624116  0.148575405
[4,] 0.020672584  0.014287268 0.006743890  0.003289220
[5,] 0.003878758 -0.009859943 0.024566448 -0.004309822

, , 4

           [,1]        [,2]         [,3]        [,4]        [,5]        [,6]        [,7]        [,8]        [,9]       [,10]
[1,] 0.00000000 0.001176857 0.0004430894 0.001043739 0.001927005 0.003627651 0.006053468 0.006740731 0.005188454 0.004210624
[2,] 0.00000000 0.061315214 0.1749194678 0.245789035 0.283332282 0.361295499 0.494118299 0.640047282 0.699017034 0.758233769
[3,] 0.00000000 0.086242637 0.1279365284 0.152734642 0.174749942 0.216946104 0.264298034 0.301956753 0.309114087 0.322037902
[4,] 0.02728981 0.021160298 0.0127024137 0.011503711 0.006344043 0.012895490 0.021374447 0.026068704 0.019346542 0.027225162
[5,] 0.06970614 0.065828339 0.0143911174 0.021444781 0.017148341 0.016596412 0.017422402 0.023999209 0.035047911 0.042694533
           [,11]       [,12]       [,13]
[1,] 0.004792648 0.004918964 0.004263676
[2,] 0.883069446 1.005255406 1.084284153
[3,] 0.396192669 0.464134076 0.501506904
[4,] 0.029613379 0.028782375 0.031044776
[5,] 0.084510263 0.063590241 0.022796002

, , 5

           [,1]         [,2]         [,3]         [,4]         [,5]        [,6]        [,7]        [,8]          [,9]
[1,] 0.00000000 0.0009692229  0.001998301 7.371275e-07 2.761541e-05 0.001596793 0.001934028 0.001919403  0.0013546860
[2,] 0.00000000 0.0028606720  0.108356189 1.218485e-01 5.391876e-02 0.044911664 0.142945182 0.010407754 -0.0032786419
[3,] 0.00000000 0.0283162328  0.104818423 8.476401e-02 1.325625e-02 0.050360236 0.072423111 0.022382326  0.0257005943
[4,] 0.00000000 0.0104912436  0.012356032 3.742998e-03 1.395064e-03 0.003493951 0.011424095 0.001782995 -0.0007651629
[5,] 0.09569328 0.0141361735 -0.005929851 2.663388e-02 1.165123e-02 0.009973280 0.010158118 0.012664165  0.0079019854
             [,10]         [,11]         [,12]         [,13]
[1,]  0.0006326489  0.0006562509 -0.0002820744  0.0006005044
[2,] -0.0475435217 -0.0704281489 -0.1282392064 -0.1337431160
[3,] -0.0246466905 -0.0306425687 -0.0645995898 -0.0218540259
[4,]  0.0086075656 -0.0008964894  0.0012730222  0.0023574748
[5,]  0.0140525037  0.0047223507  0.0162768839  0.0148774707


$diagnostic_list
$diagnostic_list$`Shock: government_spending`
$diagnostic_list$`Shock: government_spending`[[1]]
                               R-sqrd. Adj. R-sqrd.     F-stat      p-value
h1:government_spending       0.6759043   0.55531059   5.604804 3.094372e-06
h1:inflation_expectations_1y 0.9772487   0.96878308 115.437548 5.530665e-30
h1:inflation_expectations_3y 0.8841808   0.84108533  20.516777 4.456028e-15
h1:inflation                 0.5577524   0.39319512   3.389412 7.189956e-04
h1:economic_activity         0.2941132   0.03145768   1.119768 3.682862e-01

$diagnostic_list$`Shock: government_spending`[[2]]
                               R-sqrd. Adj. R-sqrd.    F-stat      p-value
h2:government_spending       0.5585924   0.39043712  3.321884 9.181744e-04
h2:inflation_expectations_1y 0.9503712   0.93146498 50.267667 3.437830e-22
h2:inflation_expectations_3y 0.7739418   0.68782435  8.987052 5.950171e-09
h2:inflation                 0.4092989   0.18426995  1.818872 6.114846e-02
h2:economic_activity         0.2991225   0.03212153  1.120305 3.686212e-01

$diagnostic_list$`Shock: government_spending`[[3]]
                               R-sqrd. Adj. R-sqrd.    F-stat      p-value
h3:government_spending       0.4144271   0.18591087  1.813556 6.301873e-02
h3:inflation_expectations_1y 0.9256673   0.89665943 31.910891 4.439812e-18
h3:inflation_expectations_3y 0.6424796   0.50295944  4.604923 3.913524e-05
h3:inflation                 0.4248782   0.20044045  1.893078 5.057424e-02
h3:economic_activity         0.2984837   0.02472127  1.090302 3.943641e-01

$diagnostic_list$`Shock: government_spending`[[4]]
                               R-sqrd. Adj. R-sqrd.    F-stat      p-value
h4:government_spending       0.3729485   0.12212783  1.486913 1.529924e-01
h4:inflation_expectations_1y 0.8924925   0.84948948 20.754189 1.774590e-14
h4:inflation_expectations_3y 0.5814474   0.41402637  3.472965 7.037248e-04
h4:inflation                 0.4307522   0.20305305  1.891760 5.167605e-02
h4:economic_activity         0.3067478   0.02944686  1.106191 3.818249e-01

$diagnostic_list$`Shock: government_spending`[[5]]
                               R-sqrd. Adj. R-sqrd.    F-stat      p-value
h5:government_spending       0.3841092   0.13143608  1.520182 1.416638e-01
h5:inflation_expectations_1y 0.8471033   0.78437647 13.504638 3.181089e-11
h5:inflation_expectations_3y 0.5403947   0.35183867  2.865964 3.694744e-03
h5:inflation                 0.3910148   0.14117475  1.565060 1.260940e-01
h5:economic_activity         0.3307554   0.05619358  1.204666 3.073222e-01

$diagnostic_list$`Shock: government_spending`[[6]]
                               R-sqrd. Adj. R-sqrd.    F-stat      p-value
h6:government_spending       0.4796226   0.26051626 2.1889949 2.398387e-02
h6:inflation_expectations_1y 0.8053418   0.72338040 9.8258709 4.941668e-09
h6:inflation_expectations_3y 0.5379493   0.34340164 2.7651286 5.078941e-03
h6:inflation                 0.5285932   0.33010616 2.6631117 6.666006e-03
h6:economic_activity         0.2869331  -0.01330554 0.9556835 5.193699e-01

$diagnostic_list$`Shock: government_spending`[[7]]
                               R-sqrd. Adj. R-sqrd.    F-stat      p-value
h7:government_spending       0.6045808    0.4335887 3.5357234 7.520129e-04
h7:inflation_expectations_1y 0.7569443    0.6518392 7.2017817 3.905387e-07
h7:inflation_expectations_3y 0.4934150    0.2743513 2.2523809 2.082797e-02
h7:inflation                 0.4776012    0.2516990 2.1141946 3.017695e-02
h7:economic_activity         0.1697791   -0.1892354 0.4729031 9.451549e-01

$diagnostic_list$`Shock: government_spending`[[8]]
                               R-sqrd. Adj. R-sqrd.    F-stat      p-value
h8:government_spending       0.2889944  -0.02700815 0.9145319 5.604397e-01
h8:inflation_expectations_1y 0.7005149   0.56741039 5.2628942 1.763632e-05
h8:inflation_expectations_3y 0.3812001   0.10617792 1.3860704 2.033047e-01
h8:inflation                 0.3587238   0.07371222 1.2586288 2.749090e-01
h8:economic_activity         0.2991928  -0.01227709 0.9605834 5.154033e-01

$diagnostic_list$`Shock: government_spending`[[9]]
                               R-sqrd. Adj. R-sqrd.    F-stat     p-value
h9:government_spending       0.2633525  -0.07340059 0.7820344 0.694144396
h9:inflation_expectations_1y 0.6561479   0.49895831 4.1742461 0.000203465
h9:inflation_expectations_3y 0.3589695   0.06592700 1.2249742 0.298247943
h9:inflation                 0.2979425  -0.02299805 0.9283417 0.547076554
h9:economic_activity         0.2655614  -0.07018200 0.7909653 0.685147447

$diagnostic_list$`Shock: government_spending`[[10]]
                                R-sqrd. Adj. R-sqrd.    F-stat      p-value
h10:government_spending       0.3678947   0.07043334 1.2367815 0.2918214962
h10:inflation_expectations_1y 0.6301185   0.45605667 3.6200837 0.0007917837
h10:inflation_expectations_3y 0.3903201   0.10341185 1.3604353 0.2194347168
h10:inflation                 0.3318783   0.01746810 1.0555583 0.4297770585
h10:economic_activity         0.3108042  -0.01352321 0.9583038 0.5184508222

$diagnostic_list$`Shock: government_spending`[[11]]
                                R-sqrd. Adj. R-sqrd.    F-stat     p-value
h11:government_spending       0.4328389    0.1578517 1.5740327 0.132324274
h11:inflation_expectations_1y 0.6074728    0.4171565 3.1919124 0.002345876
h11:inflation_expectations_3y 0.4426581    0.1724317 1.6381007 0.112942289
h11:inflation                 0.2504935   -0.1129037 0.6893105 0.783577429
h11:economic_activity         0.2878981   -0.0573634 0.8338552 0.641518278

$diagnostic_list$`Shock: government_spending`[[12]]
                                R-sqrd. Adj. R-sqrd.    F-stat    p-value
h12:government_spending       0.3994859   0.09922882 1.3304796 0.23882742
h12:inflation_expectations_1y 0.5611031   0.34165460 2.5568785 0.01160855
h12:inflation_expectations_3y 0.4769675   0.21545122 1.8238540 0.07239659
h12:inflation                 0.1687612  -0.24685823 0.4060474 0.97049742
h12:economic_activity         0.3443113   0.01646697 1.0502280 0.43618105


$diagnostic_list$`Shock: inflation_expectations_1y`
$diagnostic_list$`Shock: inflation_expectations_1y`[[1]]
                               R-sqrd. Adj. R-sqrd.     F-stat      p-value
h1:government_spending       0.6759043   0.55531059   5.604804 3.094372e-06
h1:inflation_expectations_1y 0.9772487   0.96878308 115.437548 5.530665e-30
h1:inflation_expectations_3y 0.8841808   0.84108533  20.516777 4.456028e-15
h1:inflation                 0.5577524   0.39319512   3.389412 7.189956e-04
h1:economic_activity         0.2941132   0.03145768   1.119768 3.682862e-01

$diagnostic_list$`Shock: inflation_expectations_1y`[[2]]
                               R-sqrd. Adj. R-sqrd.    F-stat      p-value
h2:government_spending       0.5585924   0.39043712  3.321884 9.181744e-04
h2:inflation_expectations_1y 0.9503712   0.93146498 50.267667 3.437830e-22
h2:inflation_expectations_3y 0.7739418   0.68782435  8.987052 5.950171e-09
h2:inflation                 0.4092989   0.18426995  1.818872 6.114846e-02
h2:economic_activity         0.2991225   0.03212153  1.120305 3.686212e-01

$diagnostic_list$`Shock: inflation_expectations_1y`[[3]]
                               R-sqrd. Adj. R-sqrd.    F-stat      p-value
h3:government_spending       0.4144271   0.18591087  1.813556 6.301873e-02
h3:inflation_expectations_1y 0.9256673   0.89665943 31.910891 4.439812e-18
h3:inflation_expectations_3y 0.6424796   0.50295944  4.604923 3.913524e-05
h3:inflation                 0.4248782   0.20044045  1.893078 5.057424e-02
h3:economic_activity         0.2984837   0.02472127  1.090302 3.943641e-01

$diagnostic_list$`Shock: inflation_expectations_1y`[[4]]
                               R-sqrd. Adj. R-sqrd.    F-stat      p-value
h4:government_spending       0.3729485   0.12212783  1.486913 1.529924e-01
h4:inflation_expectations_1y 0.8924925   0.84948948 20.754189 1.774590e-14
h4:inflation_expectations_3y 0.5814474   0.41402637  3.472965 7.037248e-04
h4:inflation                 0.4307522   0.20305305  1.891760 5.167605e-02
h4:economic_activity         0.3067478   0.02944686  1.106191 3.818249e-01

$diagnostic_list$`Shock: inflation_expectations_1y`[[5]]
                               R-sqrd. Adj. R-sqrd.    F-stat      p-value
h5:government_spending       0.3841092   0.13143608  1.520182 1.416638e-01
h5:inflation_expectations_1y 0.8471033   0.78437647 13.504638 3.181089e-11
h5:inflation_expectations_3y 0.5403947   0.35183867  2.865964 3.694744e-03
h5:inflation                 0.3910148   0.14117475  1.565060 1.260940e-01
h5:economic_activity         0.3307554   0.05619358  1.204666 3.073222e-01

$diagnostic_list$`Shock: inflation_expectations_1y`[[6]]
                               R-sqrd. Adj. R-sqrd.    F-stat      p-value
h6:government_spending       0.4796226   0.26051626 2.1889949 2.398387e-02
h6:inflation_expectations_1y 0.8053418   0.72338040 9.8258709 4.941668e-09
h6:inflation_expectations_3y 0.5379493   0.34340164 2.7651286 5.078941e-03
h6:inflation                 0.5285932   0.33010616 2.6631117 6.666006e-03
h6:economic_activity         0.2869331  -0.01330554 0.9556835 5.193699e-01

$diagnostic_list$`Shock: inflation_expectations_1y`[[7]]
                               R-sqrd. Adj. R-sqrd.    F-stat      p-value
h7:government_spending       0.6045808    0.4335887 3.5357234 7.520129e-04
h7:inflation_expectations_1y 0.7569443    0.6518392 7.2017817 3.905387e-07
h7:inflation_expectations_3y 0.4934150    0.2743513 2.2523809 2.082797e-02
h7:inflation                 0.4776012    0.2516990 2.1141946 3.017695e-02
h7:economic_activity         0.1697791   -0.1892354 0.4729031 9.451549e-01

$diagnostic_list$`Shock: inflation_expectations_1y`[[8]]
                               R-sqrd. Adj. R-sqrd.    F-stat      p-value
h8:government_spending       0.2889944  -0.02700815 0.9145319 5.604397e-01
h8:inflation_expectations_1y 0.7005149   0.56741039 5.2628942 1.763632e-05
h8:inflation_expectations_3y 0.3812001   0.10617792 1.3860704 2.033047e-01
h8:inflation                 0.3587238   0.07371222 1.2586288 2.749090e-01
h8:economic_activity         0.2991928  -0.01227709 0.9605834 5.154033e-01

$diagnostic_list$`Shock: inflation_expectations_1y`[[9]]
                               R-sqrd. Adj. R-sqrd.    F-stat     p-value
h9:government_spending       0.2633525  -0.07340059 0.7820344 0.694144396
h9:inflation_expectations_1y 0.6561479   0.49895831 4.1742461 0.000203465
h9:inflation_expectations_3y 0.3589695   0.06592700 1.2249742 0.298247943
h9:inflation                 0.2979425  -0.02299805 0.9283417 0.547076554
h9:economic_activity         0.2655614  -0.07018200 0.7909653 0.685147447

$diagnostic_list$`Shock: inflation_expectations_1y`[[10]]
                                R-sqrd. Adj. R-sqrd.    F-stat      p-value
h10:government_spending       0.3678947   0.07043334 1.2367815 0.2918214962
h10:inflation_expectations_1y 0.6301185   0.45605667 3.6200837 0.0007917837
h10:inflation_expectations_3y 0.3903201   0.10341185 1.3604353 0.2194347168
h10:inflation                 0.3318783   0.01746810 1.0555583 0.4297770585
h10:economic_activity         0.3108042  -0.01352321 0.9583038 0.5184508222

$diagnostic_list$`Shock: inflation_expectations_1y`[[11]]
                                R-sqrd. Adj. R-sqrd.    F-stat     p-value
h11:government_spending       0.4328389    0.1578517 1.5740327 0.132324274
h11:inflation_expectations_1y 0.6074728    0.4171565 3.1919124 0.002345876
h11:inflation_expectations_3y 0.4426581    0.1724317 1.6381007 0.112942289
h11:inflation                 0.2504935   -0.1129037 0.6893105 0.783577429
h11:economic_activity         0.2878981   -0.0573634 0.8338552 0.641518278

$diagnostic_list$`Shock: inflation_expectations_1y`[[12]]
                                R-sqrd. Adj. R-sqrd.    F-stat    p-value
h12:government_spending       0.3994859   0.09922882 1.3304796 0.23882742
h12:inflation_expectations_1y 0.5611031   0.34165460 2.5568785 0.01160855
h12:inflation_expectations_3y 0.4769675   0.21545122 1.8238540 0.07239659
h12:inflation                 0.1687612  -0.24685823 0.4060474 0.97049742
h12:economic_activity         0.3443113   0.01646697 1.0502280 0.43618105


$diagnostic_list$`Shock: inflation_expectations_3y`
$diagnostic_list$`Shock: inflation_expectations_3y`[[1]]
                               R-sqrd. Adj. R-sqrd.     F-stat      p-value
h1:government_spending       0.6759043   0.55531059   5.604804 3.094372e-06
h1:inflation_expectations_1y 0.9772487   0.96878308 115.437548 5.530665e-30
h1:inflation_expectations_3y 0.8841808   0.84108533  20.516777 4.456028e-15
h1:inflation                 0.5577524   0.39319512   3.389412 7.189956e-04
h1:economic_activity         0.2941132   0.03145768   1.119768 3.682862e-01

$diagnostic_list$`Shock: inflation_expectations_3y`[[2]]
                               R-sqrd. Adj. R-sqrd.    F-stat      p-value
h2:government_spending       0.5585924   0.39043712  3.321884 9.181744e-04
h2:inflation_expectations_1y 0.9503712   0.93146498 50.267667 3.437830e-22
h2:inflation_expectations_3y 0.7739418   0.68782435  8.987052 5.950171e-09
h2:inflation                 0.4092989   0.18426995  1.818872 6.114846e-02
h2:economic_activity         0.2991225   0.03212153  1.120305 3.686212e-01

$diagnostic_list$`Shock: inflation_expectations_3y`[[3]]
                               R-sqrd. Adj. R-sqrd.    F-stat      p-value
h3:government_spending       0.4144271   0.18591087  1.813556 6.301873e-02
h3:inflation_expectations_1y 0.9256673   0.89665943 31.910891 4.439812e-18
h3:inflation_expectations_3y 0.6424796   0.50295944  4.604923 3.913524e-05
h3:inflation                 0.4248782   0.20044045  1.893078 5.057424e-02
h3:economic_activity         0.2984837   0.02472127  1.090302 3.943641e-01

$diagnostic_list$`Shock: inflation_expectations_3y`[[4]]
                               R-sqrd. Adj. R-sqrd.    F-stat      p-value
h4:government_spending       0.3729485   0.12212783  1.486913 1.529924e-01
h4:inflation_expectations_1y 0.8924925   0.84948948 20.754189 1.774590e-14
h4:inflation_expectations_3y 0.5814474   0.41402637  3.472965 7.037248e-04
h4:inflation                 0.4307522   0.20305305  1.891760 5.167605e-02
h4:economic_activity         0.3067478   0.02944686  1.106191 3.818249e-01

$diagnostic_list$`Shock: inflation_expectations_3y`[[5]]
                               R-sqrd. Adj. R-sqrd.    F-stat      p-value
h5:government_spending       0.3841092   0.13143608  1.520182 1.416638e-01
h5:inflation_expectations_1y 0.8471033   0.78437647 13.504638 3.181089e-11
h5:inflation_expectations_3y 0.5403947   0.35183867  2.865964 3.694744e-03
h5:inflation                 0.3910148   0.14117475  1.565060 1.260940e-01
h5:economic_activity         0.3307554   0.05619358  1.204666 3.073222e-01

$diagnostic_list$`Shock: inflation_expectations_3y`[[6]]
                               R-sqrd. Adj. R-sqrd.    F-stat      p-value
h6:government_spending       0.4796226   0.26051626 2.1889949 2.398387e-02
h6:inflation_expectations_1y 0.8053418   0.72338040 9.8258709 4.941668e-09
h6:inflation_expectations_3y 0.5379493   0.34340164 2.7651286 5.078941e-03
h6:inflation                 0.5285932   0.33010616 2.6631117 6.666006e-03
h6:economic_activity         0.2869331  -0.01330554 0.9556835 5.193699e-01

$diagnostic_list$`Shock: inflation_expectations_3y`[[7]]
                               R-sqrd. Adj. R-sqrd.    F-stat      p-value
h7:government_spending       0.6045808    0.4335887 3.5357234 7.520129e-04
h7:inflation_expectations_1y 0.7569443    0.6518392 7.2017817 3.905387e-07
h7:inflation_expectations_3y 0.4934150    0.2743513 2.2523809 2.082797e-02
h7:inflation                 0.4776012    0.2516990 2.1141946 3.017695e-02
h7:economic_activity         0.1697791   -0.1892354 0.4729031 9.451549e-01

$diagnostic_list$`Shock: inflation_expectations_3y`[[8]]
                               R-sqrd. Adj. R-sqrd.    F-stat      p-value
h8:government_spending       0.2889944  -0.02700815 0.9145319 5.604397e-01
h8:inflation_expectations_1y 0.7005149   0.56741039 5.2628942 1.763632e-05
h8:inflation_expectations_3y 0.3812001   0.10617792 1.3860704 2.033047e-01
h8:inflation                 0.3587238   0.07371222 1.2586288 2.749090e-01
h8:economic_activity         0.2991928  -0.01227709 0.9605834 5.154033e-01

$diagnostic_list$`Shock: inflation_expectations_3y`[[9]]
                               R-sqrd. Adj. R-sqrd.    F-stat     p-value
h9:government_spending       0.2633525  -0.07340059 0.7820344 0.694144396
h9:inflation_expectations_1y 0.6561479   0.49895831 4.1742461 0.000203465
h9:inflation_expectations_3y 0.3589695   0.06592700 1.2249742 0.298247943
h9:inflation                 0.2979425  -0.02299805 0.9283417 0.547076554
h9:economic_activity         0.2655614  -0.07018200 0.7909653 0.685147447

$diagnostic_list$`Shock: inflation_expectations_3y`[[10]]
                                R-sqrd. Adj. R-sqrd.    F-stat      p-value
h10:government_spending       0.3678947   0.07043334 1.2367815 0.2918214962
h10:inflation_expectations_1y 0.6301185   0.45605667 3.6200837 0.0007917837
h10:inflation_expectations_3y 0.3903201   0.10341185 1.3604353 0.2194347168
h10:inflation                 0.3318783   0.01746810 1.0555583 0.4297770585
h10:economic_activity         0.3108042  -0.01352321 0.9583038 0.5184508222

$diagnostic_list$`Shock: inflation_expectations_3y`[[11]]
                                R-sqrd. Adj. R-sqrd.    F-stat     p-value
h11:government_spending       0.4328389    0.1578517 1.5740327 0.132324274
h11:inflation_expectations_1y 0.6074728    0.4171565 3.1919124 0.002345876
h11:inflation_expectations_3y 0.4426581    0.1724317 1.6381007 0.112942289
h11:inflation                 0.2504935   -0.1129037 0.6893105 0.783577429
h11:economic_activity         0.2878981   -0.0573634 0.8338552 0.641518278

$diagnostic_list$`Shock: inflation_expectations_3y`[[12]]
                                R-sqrd. Adj. R-sqrd.    F-stat    p-value
h12:government_spending       0.3994859   0.09922882 1.3304796 0.23882742
h12:inflation_expectations_1y 0.5611031   0.34165460 2.5568785 0.01160855
h12:inflation_expectations_3y 0.4769675   0.21545122 1.8238540 0.07239659
h12:inflation                 0.1687612  -0.24685823 0.4060474 0.97049742
h12:economic_activity         0.3443113   0.01646697 1.0502280 0.43618105


$diagnostic_list$`Shock: inflation`
$diagnostic_list$`Shock: inflation`[[1]]
                               R-sqrd. Adj. R-sqrd.     F-stat      p-value
h1:government_spending       0.6759043   0.55531059   5.604804 3.094372e-06
h1:inflation_expectations_1y 0.9772487   0.96878308 115.437548 5.530665e-30
h1:inflation_expectations_3y 0.8841808   0.84108533  20.516777 4.456028e-15
h1:inflation                 0.5577524   0.39319512   3.389412 7.189956e-04
h1:economic_activity         0.2941132   0.03145768   1.119768 3.682862e-01

$diagnostic_list$`Shock: inflation`[[2]]
                               R-sqrd. Adj. R-sqrd.    F-stat      p-value
h2:government_spending       0.5585924   0.39043712  3.321884 9.181744e-04
h2:inflation_expectations_1y 0.9503712   0.93146498 50.267667 3.437830e-22
h2:inflation_expectations_3y 0.7739418   0.68782435  8.987052 5.950171e-09
h2:inflation                 0.4092989   0.18426995  1.818872 6.114846e-02
h2:economic_activity         0.2991225   0.03212153  1.120305 3.686212e-01

$diagnostic_list$`Shock: inflation`[[3]]
                               R-sqrd. Adj. R-sqrd.    F-stat      p-value
h3:government_spending       0.4144271   0.18591087  1.813556 6.301873e-02
h3:inflation_expectations_1y 0.9256673   0.89665943 31.910891 4.439812e-18
h3:inflation_expectations_3y 0.6424796   0.50295944  4.604923 3.913524e-05
h3:inflation                 0.4248782   0.20044045  1.893078 5.057424e-02
h3:economic_activity         0.2984837   0.02472127  1.090302 3.943641e-01

$diagnostic_list$`Shock: inflation`[[4]]
                               R-sqrd. Adj. R-sqrd.    F-stat      p-value
h4:government_spending       0.3729485   0.12212783  1.486913 1.529924e-01
h4:inflation_expectations_1y 0.8924925   0.84948948 20.754189 1.774590e-14
h4:inflation_expectations_3y 0.5814474   0.41402637  3.472965 7.037248e-04
h4:inflation                 0.4307522   0.20305305  1.891760 5.167605e-02
h4:economic_activity         0.3067478   0.02944686  1.106191 3.818249e-01

$diagnostic_list$`Shock: inflation`[[5]]
                               R-sqrd. Adj. R-sqrd.    F-stat      p-value
h5:government_spending       0.3841092   0.13143608  1.520182 1.416638e-01
h5:inflation_expectations_1y 0.8471033   0.78437647 13.504638 3.181089e-11
h5:inflation_expectations_3y 0.5403947   0.35183867  2.865964 3.694744e-03
h5:inflation                 0.3910148   0.14117475  1.565060 1.260940e-01
h5:economic_activity         0.3307554   0.05619358  1.204666 3.073222e-01

$diagnostic_list$`Shock: inflation`[[6]]
                               R-sqrd. Adj. R-sqrd.    F-stat      p-value
h6:government_spending       0.4796226   0.26051626 2.1889949 2.398387e-02
h6:inflation_expectations_1y 0.8053418   0.72338040 9.8258709 4.941668e-09
h6:inflation_expectations_3y 0.5379493   0.34340164 2.7651286 5.078941e-03
h6:inflation                 0.5285932   0.33010616 2.6631117 6.666006e-03
h6:economic_activity         0.2869331  -0.01330554 0.9556835 5.193699e-01

$diagnostic_list$`Shock: inflation`[[7]]
                               R-sqrd. Adj. R-sqrd.    F-stat      p-value
h7:government_spending       0.6045808    0.4335887 3.5357234 7.520129e-04
h7:inflation_expectations_1y 0.7569443    0.6518392 7.2017817 3.905387e-07
h7:inflation_expectations_3y 0.4934150    0.2743513 2.2523809 2.082797e-02
h7:inflation                 0.4776012    0.2516990 2.1141946 3.017695e-02
h7:economic_activity         0.1697791   -0.1892354 0.4729031 9.451549e-01

$diagnostic_list$`Shock: inflation`[[8]]
                               R-sqrd. Adj. R-sqrd.    F-stat      p-value
h8:government_spending       0.2889944  -0.02700815 0.9145319 5.604397e-01
h8:inflation_expectations_1y 0.7005149   0.56741039 5.2628942 1.763632e-05
h8:inflation_expectations_3y 0.3812001   0.10617792 1.3860704 2.033047e-01
h8:inflation                 0.3587238   0.07371222 1.2586288 2.749090e-01
h8:economic_activity         0.2991928  -0.01227709 0.9605834 5.154033e-01

$diagnostic_list$`Shock: inflation`[[9]]
                               R-sqrd. Adj. R-sqrd.    F-stat     p-value
h9:government_spending       0.2633525  -0.07340059 0.7820344 0.694144396
h9:inflation_expectations_1y 0.6561479   0.49895831 4.1742461 0.000203465
h9:inflation_expectations_3y 0.3589695   0.06592700 1.2249742 0.298247943
h9:inflation                 0.2979425  -0.02299805 0.9283417 0.547076554
h9:economic_activity         0.2655614  -0.07018200 0.7909653 0.685147447

$diagnostic_list$`Shock: inflation`[[10]]
                                R-sqrd. Adj. R-sqrd.    F-stat      p-value
h10:government_spending       0.3678947   0.07043334 1.2367815 0.2918214962
h10:inflation_expectations_1y 0.6301185   0.45605667 3.6200837 0.0007917837
h10:inflation_expectations_3y 0.3903201   0.10341185 1.3604353 0.2194347168
h10:inflation                 0.3318783   0.01746810 1.0555583 0.4297770585
h10:economic_activity         0.3108042  -0.01352321 0.9583038 0.5184508222

$diagnostic_list$`Shock: inflation`[[11]]
                                R-sqrd. Adj. R-sqrd.    F-stat     p-value
h11:government_spending       0.4328389    0.1578517 1.5740327 0.132324274
h11:inflation_expectations_1y 0.6074728    0.4171565 3.1919124 0.002345876
h11:inflation_expectations_3y 0.4426581    0.1724317 1.6381007 0.112942289
h11:inflation                 0.2504935   -0.1129037 0.6893105 0.783577429
h11:economic_activity         0.2878981   -0.0573634 0.8338552 0.641518278

$diagnostic_list$`Shock: inflation`[[12]]
                                R-sqrd. Adj. R-sqrd.    F-stat    p-value
h12:government_spending       0.3994859   0.09922882 1.3304796 0.23882742
h12:inflation_expectations_1y 0.5611031   0.34165460 2.5568785 0.01160855
h12:inflation_expectations_3y 0.4769675   0.21545122 1.8238540 0.07239659
h12:inflation                 0.1687612  -0.24685823 0.4060474 0.97049742
h12:economic_activity         0.3443113   0.01646697 1.0502280 0.43618105


$diagnostic_list$`Shock: economic_activity`
$diagnostic_list$`Shock: economic_activity`[[1]]
                               R-sqrd. Adj. R-sqrd.     F-stat      p-value
h1:government_spending       0.6759043   0.55531059   5.604804 3.094372e-06
h1:inflation_expectations_1y 0.9772487   0.96878308 115.437548 5.530665e-30
h1:inflation_expectations_3y 0.8841808   0.84108533  20.516777 4.456028e-15
h1:inflation                 0.5577524   0.39319512   3.389412 7.189956e-04
h1:economic_activity         0.2941132   0.03145768   1.119768 3.682862e-01

$diagnostic_list$`Shock: economic_activity`[[2]]
                               R-sqrd. Adj. R-sqrd.    F-stat      p-value
h2:government_spending       0.5585924   0.39043712  3.321884 9.181744e-04
h2:inflation_expectations_1y 0.9503712   0.93146498 50.267667 3.437830e-22
h2:inflation_expectations_3y 0.7739418   0.68782435  8.987052 5.950171e-09
h2:inflation                 0.4092989   0.18426995  1.818872 6.114846e-02
h2:economic_activity         0.2991225   0.03212153  1.120305 3.686212e-01

$diagnostic_list$`Shock: economic_activity`[[3]]
                               R-sqrd. Adj. R-sqrd.    F-stat      p-value
h3:government_spending       0.4144271   0.18591087  1.813556 6.301873e-02
h3:inflation_expectations_1y 0.9256673   0.89665943 31.910891 4.439812e-18
h3:inflation_expectations_3y 0.6424796   0.50295944  4.604923 3.913524e-05
h3:inflation                 0.4248782   0.20044045  1.893078 5.057424e-02
h3:economic_activity         0.2984837   0.02472127  1.090302 3.943641e-01

$diagnostic_list$`Shock: economic_activity`[[4]]
                               R-sqrd. Adj. R-sqrd.    F-stat      p-value
h4:government_spending       0.3729485   0.12212783  1.486913 1.529924e-01
h4:inflation_expectations_1y 0.8924925   0.84948948 20.754189 1.774590e-14
h4:inflation_expectations_3y 0.5814474   0.41402637  3.472965 7.037248e-04
h4:inflation                 0.4307522   0.20305305  1.891760 5.167605e-02
h4:economic_activity         0.3067478   0.02944686  1.106191 3.818249e-01

$diagnostic_list$`Shock: economic_activity`[[5]]
                               R-sqrd. Adj. R-sqrd.    F-stat      p-value
h5:government_spending       0.3841092   0.13143608  1.520182 1.416638e-01
h5:inflation_expectations_1y 0.8471033   0.78437647 13.504638 3.181089e-11
h5:inflation_expectations_3y 0.5403947   0.35183867  2.865964 3.694744e-03
h5:inflation                 0.3910148   0.14117475  1.565060 1.260940e-01
h5:economic_activity         0.3307554   0.05619358  1.204666 3.073222e-01

$diagnostic_list$`Shock: economic_activity`[[6]]
                               R-sqrd. Adj. R-sqrd.    F-stat      p-value
h6:government_spending       0.4796226   0.26051626 2.1889949 2.398387e-02
h6:inflation_expectations_1y 0.8053418   0.72338040 9.8258709 4.941668e-09
h6:inflation_expectations_3y 0.5379493   0.34340164 2.7651286 5.078941e-03
h6:inflation                 0.5285932   0.33010616 2.6631117 6.666006e-03
h6:economic_activity         0.2869331  -0.01330554 0.9556835 5.193699e-01

$diagnostic_list$`Shock: economic_activity`[[7]]
                               R-sqrd. Adj. R-sqrd.    F-stat      p-value
h7:government_spending       0.6045808    0.4335887 3.5357234 7.520129e-04
h7:inflation_expectations_1y 0.7569443    0.6518392 7.2017817 3.905387e-07
h7:inflation_expectations_3y 0.4934150    0.2743513 2.2523809 2.082797e-02
h7:inflation                 0.4776012    0.2516990 2.1141946 3.017695e-02
h7:economic_activity         0.1697791   -0.1892354 0.4729031 9.451549e-01

$diagnostic_list$`Shock: economic_activity`[[8]]
                               R-sqrd. Adj. R-sqrd.    F-stat      p-value
h8:government_spending       0.2889944  -0.02700815 0.9145319 5.604397e-01
h8:inflation_expectations_1y 0.7005149   0.56741039 5.2628942 1.763632e-05
h8:inflation_expectations_3y 0.3812001   0.10617792 1.3860704 2.033047e-01
h8:inflation                 0.3587238   0.07371222 1.2586288 2.749090e-01
h8:economic_activity         0.2991928  -0.01227709 0.9605834 5.154033e-01

$diagnostic_list$`Shock: economic_activity`[[9]]
                               R-sqrd. Adj. R-sqrd.    F-stat     p-value
h9:government_spending       0.2633525  -0.07340059 0.7820344 0.694144396
h9:inflation_expectations_1y 0.6561479   0.49895831 4.1742461 0.000203465
h9:inflation_expectations_3y 0.3589695   0.06592700 1.2249742 0.298247943
h9:inflation                 0.2979425  -0.02299805 0.9283417 0.547076554
h9:economic_activity         0.2655614  -0.07018200 0.7909653 0.685147447

$diagnostic_list$`Shock: economic_activity`[[10]]
                                R-sqrd. Adj. R-sqrd.    F-stat      p-value
h10:government_spending       0.3678947   0.07043334 1.2367815 0.2918214962
h10:inflation_expectations_1y 0.6301185   0.45605667 3.6200837 0.0007917837
h10:inflation_expectations_3y 0.3903201   0.10341185 1.3604353 0.2194347168
h10:inflation                 0.3318783   0.01746810 1.0555583 0.4297770585
h10:economic_activity         0.3108042  -0.01352321 0.9583038 0.5184508222

$diagnostic_list$`Shock: economic_activity`[[11]]
                                R-sqrd. Adj. R-sqrd.    F-stat     p-value
h11:government_spending       0.4328389    0.1578517 1.5740327 0.132324274
h11:inflation_expectations_1y 0.6074728    0.4171565 3.1919124 0.002345876
h11:inflation_expectations_3y 0.4426581    0.1724317 1.6381007 0.112942289
h11:inflation                 0.2504935   -0.1129037 0.6893105 0.783577429
h11:economic_activity         0.2878981   -0.0573634 0.8338552 0.641518278

$diagnostic_list$`Shock: economic_activity`[[12]]
                                R-sqrd. Adj. R-sqrd.    F-stat    p-value
h12:government_spending       0.3994859   0.09922882 1.3304796 0.23882742
h12:inflation_expectations_1y 0.5611031   0.34165460 2.5568785 0.01160855
h12:inflation_expectations_3y 0.4769675   0.21545122 1.8238540 0.07239659
h12:inflation                 0.1687612  -0.24685823 0.4060474 0.97049742
h12:economic_activity         0.3443113   0.01646697 1.0502280 0.43618105



$specs
$specs$lags_endog_lin
SC(n) 
    1 

$specs$lags_criterion
[1] NaN

$specs$max_lags
[1] NaN

$specs$trend
[1] 0

$specs$shock_type
[1] 0

$specs$confint
[1] 1.65

$specs$hor
[1] 12

$specs$use_nw
[1] TRUE

$specs$nw_prewhite
[1] FALSE

$specs$adjust_se
[1] FALSE

$specs$use_twosls
[1] FALSE

$specs$contemp_data
$specs$contemp_data$dummy
 [1] 0 0 0 0 0 0 0 0 0 0 0 0 0 0 0 0 0 0 0 0 0 0 0 0 0 0 1 1 1 1 0 1 0 1 0 0 0 0 0 0 0 0 0 0 0 0 0 0 0 0 0 0 0 0 0 0 0 0 0 0
[61] 0

$specs$contemp_data$Jan
 [1] 0 0 0 0 0 0 0 0 0 0 0 1 0 0 0 0 0 0 0 0 0 0 0 1 0 0 0 0 0 0 0 0 0 0 0 1 0 0 0 0 0 0 0 0 0 0 0 1 0 0 0 0 0 0 0 0 0 0 0 1
[61] 0

$specs$contemp_data$Feb
 [1] 1 0 0 0 0 0 0 0 0 0 0 0 1 0 0 0 0 0 0 0 0 0 0 0 1 0 0 0 0 0 0 0 0 0 0 0 1 0 0 0 0 0 0 0 0 0 0 0 1 0 0 0 0 0 0 0 0 0 0 0
[61] 1

$specs$contemp_data$Mar
 [1] 0 1 0 0 0 0 0 0 0 0 0 0 0 1 0 0 0 0 0 0 0 0 0 0 0 1 0 0 0 0 0 0 0 0 0 0 0 1 0 0 0 0 0 0 0 0 0 0 0 1 0 0 0 0 0 0 0 0 0 0
[61] 0

$specs$contemp_data$Apr
 [1] 0 0 1 0 0 0 0 0 0 0 0 0 0 0 1 0 0 0 0 0 0 0 0 0 0 0 1 0 0 0 0 0 0 0 0 0 0 0 1 0 0 0 0 0 0 0 0 0 0 0 1 0 0 0 0 0 0 0 0 0
[61] 0

$specs$contemp_data$May
 [1] 0 0 0 1 0 0 0 0 0 0 0 0 0 0 0 1 0 0 0 0 0 0 0 0 0 0 0 1 0 0 0 0 0 0 0 0 0 0 0 1 0 0 0 0 0 0 0 0 0 0 0 1 0 0 0 0 0 0 0 0
[61] 0

$specs$contemp_data$Jun
 [1] 0 0 0 0 1 0 0 0 0 0 0 0 0 0 0 0 1 0 0 0 0 0 0 0 0 0 0 0 1 0 0 0 0 0 0 0 0 0 0 0 1 0 0 0 0 0 0 0 0 0 0 0 1 0 0 0 0 0 0 0
[61] 0

$specs$contemp_data$Jul
 [1] 0 0 0 0 0 1 0 0 0 0 0 0 0 0 0 0 0 1 0 0 0 0 0 0 0 0 0 0 0 1 0 0 0 0 0 0 0 0 0 0 0 1 0 0 0 0 0 0 0 0 0 0 0 1 0 0 0 0 0 0
[61] 0

$specs$contemp_data$Aug
 [1] 0 0 0 0 0 0 1 0 0 0 0 0 0 0 0 0 0 0 1 0 0 0 0 0 0 0 0 0 0 0 1 0 0 0 0 0 0 0 0 0 0 0 1 0 0 0 0 0 0 0 0 0 0 0 1 0 0 0 0 0
[61] 0

$specs$contemp_data$Sep
 [1] 0 0 0 0 0 0 0 1 0 0 0 0 0 0 0 0 0 0 0 1 0 0 0 0 0 0 0 0 0 0 0 1 0 0 0 0 0 0 0 0 0 0 0 1 0 0 0 0 0 0 0 0 0 0 0 1 0 0 0 0
[61] 0

$specs$contemp_data$Oct
 [1] 0 0 0 0 0 0 0 0 1 0 0 0 0 0 0 0 0 0 0 0 1 0 0 0 0 0 0 0 0 0 0 0 1 0 0 0 0 0 0 0 0 0 0 0 1 0 0 0 0 0 0 0 0 0 0 0 1 0 0 0
[61] 0


$specs$model_type
[1] 0

$specs$starts
[1] 1

$specs$ends
[1] 61

$specs$column_names
[1] "government_spending"       "inflation_expectations_1y" "inflation_expectations_3y" "inflation"                
[5] "economic_activity"        

$specs$endog
[1] 5

$specs$y_lin
   government_spending inflation_expectations_1y inflation_expectations_3y    inflation economic_activity
2        -1.214246e-03                  2.831908                  2.884280  0.032745451        0.02976223
3        -1.151317e-03                  2.752288                  2.908013  0.002310570        0.03672057
4        -1.560334e-03                  2.980844                  2.969947  0.031662657        0.02660601
5        -3.929060e-04                  2.980844                  2.961960  0.027403122        0.04356130
6        -2.858944e-03                  2.980844                  3.000000  0.010862582        0.01757053
7         3.378841e-04                  2.982717                  2.883912  0.009406502        0.03236078
8        -2.789964e-03                  3.000000                  3.000000  0.021640425        0.02930438
9        -4.241332e-03                  2.995079                  3.000000  0.025003951        0.02923299
10       -1.898698e-03                  3.000000                  3.000000  0.028405410        0.02229492
11       -2.387351e-03                  2.969947                  2.883912 -0.008420605        0.02323041
12       -8.765886e-03                  3.000000                  2.980844  0.008246918        0.01734758
13       -7.295043e-03                  2.969947                  2.969947 -0.002323999        0.03391158
14       -5.292319e-03                  2.793575                  2.768439  0.029025084        0.02600387
15       -3.959188e-03                  2.816437                  2.864411  0.042416785        0.02691934
16       -8.151226e-03                  2.598124                  2.693518  0.048586660        0.03757401
17       -3.404127e-03                  2.453082                  2.593332  0.003720327        0.02002637
18       -7.408875e-03                  2.670152                  2.662437 -0.006141925        0.02480201
19       -9.231197e-03                  2.590599                  2.579365  0.024993882        0.02186920
20       -8.150278e-03                  2.414448                  2.501432  0.017681720        0.02278745
21       -2.007968e-02                  2.483634                  2.374794  0.021370449        0.03620964
22       -8.291179e-03                  2.330186                  2.378875  0.034784574        0.01981848
23       -5.636318e-03                  2.347553                  2.521351  0.026361361        0.02549842
24       -1.953230e-02                  2.527644                  2.537525  0.038444527        0.02259084
25       -1.008200e-02                  2.495654                  2.537525  0.019694440        0.03781474
26       -8.406299e-03                  2.537525                  2.588670  0.009814561        0.03578346
27       -1.781368e-02                  2.537525                  2.399339 -0.050912346       -0.07956922
28       -1.305688e-02                  2.623311                  2.623311 -0.090824177       -0.77070172
29       -1.372237e-02                  3.000000                  2.610335 -0.010450429        0.21339722
30       -1.139090e-02                  2.681402                  2.473736  0.053592068        0.21330076
31       -6.678663e-03                  2.887446                  2.731703  0.061866907        0.02971606
32       -1.254692e-02                  3.000000                  2.980844  0.053808986        0.15791953
33       -2.055414e-02                  2.980844                  2.742111  0.028930510        0.07717705
34       -2.162517e-02                  2.836102                  2.702108  0.011918979        0.10115859
35       -2.061000e-02                  2.962508                  2.819740  0.024543630        0.04507153
36       -1.174619e-02                  3.000000                  2.980844  0.057557700        0.01677041
37        3.135076e-04                  3.046669                  3.028186  0.028496735        0.06736316
38        3.239720e-03                  3.090884                  3.000000  0.045997380        0.05066022
39        8.228391e-03                  3.244256                  3.092952  0.059503194        0.06160136
40        4.397655e-03                  3.360180                  3.098045  0.082225516        0.03720211
41        4.819128e-03                  4.000000                  3.569710  0.082531234        0.06412900
42        6.882618e-03                  4.801745                  3.546918  0.098347464        0.05475905
43       -2.419673e-04                  4.842451                  3.711669  0.054649100        0.08879717
44        8.543586e-04                  5.179827                  3.999662  0.049840953        0.06602323
45        3.236999e-03                  5.310169                  4.193985  0.052018077        0.07861505
46        1.588250e-02                  5.653467                  4.211177  0.114305741        0.06819482
47        4.314385e-03                  6.000000                  4.011200  0.098833469        0.06879133
48       -2.324142e-03                  5.990274                  4.000000  0.097421769        0.06937609
49       -1.478933e-03                  5.788440                  3.477248  0.075404740        0.03542764
50        8.410262e-04                  6.000000                  3.774801  0.088488916        0.07849205
51       -2.493194e-03                  6.583898                  3.674923  0.126900569        0.05112829
52        2.199211e-04                  6.345438                  3.902376  0.048497289        0.04431433
53        2.638548e-05                  6.576015                  3.879077  0.115684054        0.03389257
54       -6.655181e-04                  6.775855                  3.618484  0.151285219        0.03843642
55       -1.212072e-02                  6.223626                  3.182451 -0.004064650        0.05041760
56       -1.852798e-02                  5.745714                  2.755268  0.028517738        0.02896168
57       -6.405094e-03                  5.440794                  2.909971  0.050566174        0.04915587
58       -5.194212e-03                  5.944291                  3.110663  0.060045147        0.03059615
59       -6.205389e-03                  5.228549                  2.997374  0.024858721        0.04330825
60       -8.833019e-03                  4.993469                  2.992784  0.015857387        0.03585464
61       -8.150737e-03                  4.954980                  2.711993  0.063675095        0.04576300

$specs$x_lin
   government_spending_lag_1 inflation_expectations_1y_lag_1 inflation_expectations_3y_lag_1 inflation_lag_1
2               8.453680e-04                        2.711993                        2.793575     0.052137819
3              -1.214246e-03                        2.831908                        2.884280     0.032745451
4              -1.151317e-03                        2.752288                        2.908013     0.002310570
5              -1.560334e-03                        2.980844                        2.969947     0.031662657
6              -3.929060e-04                        2.980844                        2.961960     0.027403122
7              -2.858944e-03                        2.980844                        3.000000     0.010862582
8               3.378841e-04                        2.982717                        2.883912     0.009406502
9              -2.789964e-03                        3.000000                        3.000000     0.021640425
10             -4.241332e-03                        2.995079                        3.000000     0.025003951
11             -1.898698e-03                        3.000000                        3.000000     0.028405410
12             -2.387351e-03                        2.969947                        2.883912    -0.008420605
13             -8.765886e-03                        3.000000                        2.980844     0.008246918
14             -7.295043e-03                        2.969947                        2.969947    -0.002323999
15             -5.292319e-03                        2.793575                        2.768439     0.029025084
16             -3.959188e-03                        2.816437                        2.864411     0.042416785
17             -8.151226e-03                        2.598124                        2.693518     0.048586660
18             -3.404127e-03                        2.453082                        2.593332     0.003720327
19             -7.408875e-03                        2.670152                        2.662437    -0.006141925
20             -9.231197e-03                        2.590599                        2.579365     0.024993882
21             -8.150278e-03                        2.414448                        2.501432     0.017681720
22             -2.007968e-02                        2.483634                        2.374794     0.021370449
23             -8.291179e-03                        2.330186                        2.378875     0.034784574
24             -5.636318e-03                        2.347553                        2.521351     0.026361361
25             -1.953230e-02                        2.527644                        2.537525     0.038444527
26             -1.008200e-02                        2.495654                        2.537525     0.019694440
27             -8.406299e-03                        2.537525                        2.588670     0.009814561
28             -1.781368e-02                        2.537525                        2.399339    -0.050912346
29             -1.305688e-02                        2.623311                        2.623311    -0.090824177
30             -1.372237e-02                        3.000000                        2.610335    -0.010450429
31             -1.139090e-02                        2.681402                        2.473736     0.053592068
32             -6.678663e-03                        2.887446                        2.731703     0.061866907
33             -1.254692e-02                        3.000000                        2.980844     0.053808986
34             -2.055414e-02                        2.980844                        2.742111     0.028930510
35             -2.162517e-02                        2.836102                        2.702108     0.011918979
36             -2.061000e-02                        2.962508                        2.819740     0.024543630
37             -1.174619e-02                        3.000000                        2.980844     0.057557700
38              3.135076e-04                        3.046669                        3.028186     0.028496735
39              3.239720e-03                        3.090884                        3.000000     0.045997380
40              8.228391e-03                        3.244256                        3.092952     0.059503194
41              4.397655e-03                        3.360180                        3.098045     0.082225516
42              4.819128e-03                        4.000000                        3.569710     0.082531234
43              6.882618e-03                        4.801745                        3.546918     0.098347464
44             -2.419673e-04                        4.842451                        3.711669     0.054649100
45              8.543586e-04                        5.179827                        3.999662     0.049840953
46              3.236999e-03                        5.310169                        4.193985     0.052018077
47              1.588250e-02                        5.653467                        4.211177     0.114305741
48              4.314385e-03                        6.000000                        4.011200     0.098833469
49             -2.324142e-03                        5.990274                        4.000000     0.097421769
50             -1.478933e-03                        5.788440                        3.477248     0.075404740
51              8.410262e-04                        6.000000                        3.774801     0.088488916
52             -2.493194e-03                        6.583898                        3.674923     0.126900569
53              2.199211e-04                        6.345438                        3.902376     0.048497289
54              2.638548e-05                        6.576015                        3.879077     0.115684054
55             -6.655181e-04                        6.775855                        3.618484     0.151285219
56             -1.212072e-02                        6.223626                        3.182451    -0.004064650
57             -1.852798e-02                        5.745714                        2.755268     0.028517738
58             -6.405094e-03                        5.440794                        2.909971     0.050566174
59             -5.194212e-03                        5.944291                        3.110663     0.060045147
60             -6.205389e-03                        5.228549                        2.997374     0.024858721
61             -8.833019e-03                        4.993469                        2.992784     0.015857387
   economic_activity_lag_1 dummy Jan Feb Mar Apr May Jun Jul Aug Sep Oct
2               0.02580719     0   0   0   1   0   0   0   0   0   0   0
3               0.02976223     0   0   0   0   1   0   0   0   0   0   0
4               0.03672057     0   0   0   0   0   1   0   0   0   0   0
5               0.02660601     0   0   0   0   0   0   1   0   0   0   0
6               0.04356130     0   0   0   0   0   0   0   1   0   0   0
7               0.01757053     0   0   0   0   0   0   0   0   1   0   0
8               0.03236078     0   0   0   0   0   0   0   0   0   1   0
9               0.02930438     0   0   0   0   0   0   0   0   0   0   1
10              0.02923299     0   0   0   0   0   0   0   0   0   0   0
11              0.02229492     0   0   0   0   0   0   0   0   0   0   0
12              0.02323041     0   1   0   0   0   0   0   0   0   0   0
13              0.01734758     0   0   1   0   0   0   0   0   0   0   0
14              0.03391158     0   0   0   1   0   0   0   0   0   0   0
15              0.02600387     0   0   0   0   1   0   0   0   0   0   0
16              0.02691934     0   0   0   0   0   1   0   0   0   0   0
17              0.03757401     0   0   0   0   0   0   1   0   0   0   0
18              0.02002637     0   0   0   0   0   0   0   1   0   0   0
19              0.02480201     0   0   0   0   0   0   0   0   1   0   0
20              0.02186920     0   0   0   0   0   0   0   0   0   1   0
21              0.02278745     0   0   0   0   0   0   0   0   0   0   1
22              0.03620964     0   0   0   0   0   0   0   0   0   0   0
23              0.01981848     0   0   0   0   0   0   0   0   0   0   0
24              0.02549842     0   1   0   0   0   0   0   0   0   0   0
25              0.02259084     0   0   1   0   0   0   0   0   0   0   0
26              0.03781474     0   0   0   1   0   0   0   0   0   0   0
27              0.03578346     1   0   0   0   1   0   0   0   0   0   0
28             -0.07956922     1   0   0   0   0   1   0   0   0   0   0
29             -0.77070172     1   0   0   0   0   0   1   0   0   0   0
30              0.21339722     1   0   0   0   0   0   0   1   0   0   0
31              0.21330076     0   0   0   0   0   0   0   0   1   0   0
32              0.02971606     1   0   0   0   0   0   0   0   0   1   0
33              0.15791953     0   0   0   0   0   0   0   0   0   0   1
34              0.07717705     1   0   0   0   0   0   0   0   0   0   0
35              0.10115859     0   0   0   0   0   0   0   0   0   0   0
36              0.04507153     0   1   0   0   0   0   0   0   0   0   0
37              0.01677041     0   0   1   0   0   0   0   0   0   0   0
38              0.06736316     0   0   0   1   0   0   0   0   0   0   0
39              0.05066022     0   0   0   0   1   0   0   0   0   0   0
40              0.06160136     0   0   0   0   0   1   0   0   0   0   0
41              0.03720211     0   0   0   0   0   0   1   0   0   0   0
42              0.06412900     0   0   0   0   0   0   0   1   0   0   0
43              0.05475905     0   0   0   0   0   0   0   0   1   0   0
44              0.08879717     0   0   0   0   0   0   0   0   0   1   0
45              0.06602323     0   0   0   0   0   0   0   0   0   0   1
46              0.07861505     0   0   0   0   0   0   0   0   0   0   0
47              0.06819482     0   0   0   0   0   0   0   0   0   0   0
48              0.06879133     0   1   0   0   0   0   0   0   0   0   0
49              0.06937609     0   0   1   0   0   0   0   0   0   0   0
50              0.03542764     0   0   0   1   0   0   0   0   0   0   0
51              0.07849205     0   0   0   0   1   0   0   0   0   0   0
52              0.05112829     0   0   0   0   0   1   0   0   0   0   0
53              0.04431433     0   0   0   0   0   0   1   0   0   0   0
54              0.03389257     0   0   0   0   0   0   0   1   0   0   0
55              0.03843642     0   0   0   0   0   0   0   0   1   0   0
56              0.05041760     0   0   0   0   0   0   0   0   0   1   0
57              0.02896168     0   0   0   0   0   0   0   0   0   0   1
58              0.04915587     0   0   0   0   0   0   0   0   0   0   0
59              0.03059615     0   0   0   0   0   0   0   0   0   0   0
60              0.04330825     0   1   0   0   0   0   0   0   0   0   0
61              0.03585464     0   0   1   0   0   0   0   0   0   0   0


attr(,"class")
[1] "lpirfs_lin_obj"
