[1] "politics"             "djn level estimation"
                   1             2             3             4             5             6
AIC(n) -2.595862e+01 -2.619766e+01 -2.591404e+01 -2.648055e+01 -2.722878e+01 -2.795299e+01
HQ(n)  -2.475896e+01 -2.464515e+01 -2.400869e+01 -2.422236e+01 -2.461775e+01 -2.498911e+01
SC(n)  -2.285638e+01 -2.218299e+01 -2.098695e+01 -2.064103e+01 -2.047684e+01 -2.028862e+01
FPE(n)  5.911448e-12  5.311397e-12  8.850406e-12  7.274400e-12  6.246721e-12  8.088794e-12
                   1             2             3             4             5             6
AIC(n) -2.595862e+01 -2.619766e+01 -2.591404e+01 -2.648055e+01 -2.722878e+01 -2.795299e+01
HQ(n)  -2.475896e+01 -2.464515e+01 -2.400869e+01 -2.422236e+01 -2.461775e+01 -2.498911e+01
SC(n)  -2.285638e+01 -2.218299e+01 -2.098695e+01 -2.064103e+01 -2.047684e+01 -2.028862e+01
FPE(n)  5.911448e-12  5.311397e-12  8.850406e-12  7.274400e-12  6.246721e-12  8.088794e-12
$irf_lin_mean
, , 1

            [,1]        [,2]        [,3]        [,4]        [,5]        [,6]        [,7]        [,8]        [,9]       [,10]
[1,] 0.010150047 0.008697953 0.007352406 0.006852250 0.006045192 0.005768366 0.006145375 0.005436933 0.004173525 0.002890465
[2,] 0.049962122 0.077589907 0.104214922 0.135268837 0.169166984 0.195296734 0.204269131 0.239910281 0.250938122 0.273519400
[3,] 0.048084011 0.073279427 0.086866722 0.106621209 0.130591296 0.136435759 0.142560154 0.145013815 0.139825906 0.150078612
[4,] 0.007672512 0.003220183 0.001594148 0.003281924 0.004993919 0.005769065 0.006582820 0.011018065 0.011827496 0.009543967
[5,] 0.006635313 0.009395460 0.009191831 0.006717185 0.011889800 0.005133587 0.001771586 0.021240617 0.023946331 0.010922100
           [,11]       [,12]        [,13]
[1,] 0.001576727 0.001010708 -0.000493388
[2,] 0.307966605 0.339069071  0.357697876
[3,] 0.150636782 0.153892992  0.137332595
[4,] 0.010642473 0.007188042  0.005840453
[5,] 0.015998857 0.000633781 -0.004079554

, , 2

            [,1]         [,2]         [,3]          [,4]          [,5]         [,6]          [,7]         [,8]         [,9]
[1,]  0.00000000 0.0004425247 0.0006275201  0.0007947995  0.0009141496  0.001227301  2.014904e-03  0.002873513  0.003820072
[2,]  0.21536124 0.2281107517 0.2073350566  0.2071977410  0.2412316256  0.245233444  2.188549e-01  0.251697048  0.251022735
[3,]  0.08016427 0.0730489045 0.0390292367  0.0363612415  0.0576646029  0.043028949  4.086372e-02  0.032844414  0.027092847
[4,]  0.01148093 0.0050522399 0.0022190525  0.0043598413  0.0034792466  0.003252891 -3.990368e-05  0.003904894  0.002736521
[5,] -0.01693059 0.0120884003 0.0015602643 -0.0032864372 -0.0017330603 -0.005205299  1.438265e-03 -0.003615501 -0.011406914
            [,10]       [,11]       [,12]       [,13]
[1,] 0.0049553821 0.004504443 0.005713757 0.005258047
[2,] 0.2643281946 0.250380075 0.282382950 0.278477952
[3,] 0.0172115933 0.012142582 0.035688537 0.037106135
[4,] 0.0003337433 0.003180151 0.003239480 0.002551625
[5,] 0.0001221607 0.006611204 0.003242865 0.003502154

, , 3

             [,1]          [,2]        [,3]        [,4]         [,5]          [,6]         [,7]         [,8]         [,9]
[1,]  0.000000000  0.0004810266 0.001286356 0.001057914 0.0009475229 -0.0005852971 -0.002709918 -0.002206587 -0.003578964
[2,]  0.000000000  0.0512293114 0.071486892 0.108526570 0.1073136843  0.1449840795  0.248541557  0.275332594  0.249327387
[3,]  0.161368764  0.1408298863 0.133955008 0.117223485 0.0972050051  0.1068432480  0.129342282  0.142626410  0.101898260
[4,] -0.003953948  0.0043668588 0.006607967 0.007311908 0.0083400794  0.0071228658  0.010839629  0.007763060  0.003687681
[5,] -0.005228713 -0.0008242563 0.001532163 0.006422703 0.0072504747  0.0068642299  0.024339366  0.004530899 -0.021089716
            [,10]        [,11]        [,12]        [,13]
[1,] -0.002857946 -0.001401692 -0.005002692 -0.003609515
[2,]  0.200050387  0.163124190 -0.004139509 -0.101144453
[3,]  0.037985438 -0.017689420 -0.098349091 -0.083139941
[4,]  0.003178600 -0.003242382 -0.004539758 -0.006761389
[5,] -0.010146322 -0.024891642  0.005760026 -0.002791841

, , 4

           [,1]          [,2]          [,3]          [,4]         [,5]         [,6]         [,7]          [,8]         [,9]
[1,] 0.00000000  0.0004661638 -0.0006880153 -0.0001469403 -0.000206132  0.002115217  0.006674756  0.0079272084  0.007933473
[2,] 0.00000000 -0.0106959267  0.0411772105  0.0376238261  0.089680292  0.115462992  0.136309910  0.2369330844  0.268326256
[3,] 0.00000000  0.0204800892  0.0156813941  0.0074539259  0.031702789  0.057953074  0.096470007  0.1013413795  0.103762447
[4,] 0.02731377  0.0086034782 -0.0018309794 -0.0017907417 -0.002528842  0.001566706  0.003545175  0.0107257187  0.005913615
[5,] 0.06229845  0.0130992187 -0.0209706455  0.0004762184 -0.010619144 -0.010396115 -0.002138811 -0.0001678078 -0.006172039
           [,10]       [,11]      [,12]       [,13]
[1,] 0.008693829 0.009201731 0.01090798  0.01036239
[2,] 0.311213610 0.358793071 0.46756556  0.50821986
[3,] 0.084746285 0.117259965 0.17257559  0.22494926
[4,] 0.006152688 0.011872007 0.01037229  0.00139151
[5,] 0.007291948 0.023942561 0.01240179 -0.02199724

, , 5

           [,1]         [,2]          [,3]          [,4]          [,5]          [,6]         [,7]          [,8]         [,9]
[1,] 0.00000000  0.000241495 -0.0002290544 -0.0003669815 -0.0005584679 -3.663138e-04 0.0003711859 -8.713749e-04 -0.002334997
[2,] 0.00000000 -0.043003628  0.0409057570  0.0221128001 -0.0475914523 -6.149227e-02 0.0154777242 -3.965482e-02 -0.037601061
[3,] 0.00000000 -0.004765731  0.0476130272  0.0129333093 -0.0555450102 -1.451215e-02 0.0069644579  4.196907e-03  0.004685390
[4,] 0.00000000  0.003897669  0.0030554121 -0.0025479071 -0.0023741873 -9.178032e-06 0.0090503315  2.009206e-06 -0.003862926
[5,] 0.09559096 -0.019534241 -0.0264966210  0.0137506754 -0.0038857473  8.450169e-03 0.0066777543 -1.133250e-03  0.005605363
            [,10]        [,11]        [,12]         [,13]
[1,] -0.003368658 -0.001095075 -0.001989238  3.257512e-05
[2,] -0.066007839 -0.057323981 -0.086802452 -9.346122e-02
[3,] -0.020784468 -0.006523949 -0.037518756 -1.990377e-04
[4,]  0.003523139 -0.001918951 -0.001023491 -7.495288e-03
[5,] -0.001292934 -0.012176448  0.004550061 -2.539807e-02


$irf_lin_low
, , 1

            [,1]         [,2]         [,3]         [,4]         [,5]          [,6]          [,7]         [,8]          [,9]
[1,] 0.010150047  0.005971380  0.003079504  0.002753346  0.001306594 -0.0002120923 -0.0008337743 -0.003618064 -0.0053323091
[2,] 0.049962122  0.022936598  0.021122650  0.007472273  0.013851526 -0.0060118502 -0.0521315949 -0.083667381 -0.1196360480
[3,] 0.048084011  0.033696210  0.030544578  0.023134326  0.035356410  0.0224890592  0.0223619202 -0.009418857 -0.0168569889
[4,] 0.007672512 -0.003887342 -0.006313704 -0.006468538 -0.004971218 -0.0042717522 -0.0041191892  0.001746359  0.0003879896
[5,] 0.006635313 -0.008382466 -0.011070337 -0.010534130 -0.009691569 -0.0104446821 -0.0282912914 -0.002123523 -0.0100365909
            [,10]        [,11]        [,12]       [,13]
[1,] -0.008075323 -0.010308369 -0.011955953 -0.01395854
[2,] -0.120010549 -0.134438751 -0.111806152 -0.15197101
[3,] -0.040663333 -0.043742518 -0.039664355 -0.07625999
[4,] -0.004099877 -0.003909357 -0.006644871 -0.01095348
[5,] -0.010121964 -0.020852172 -0.025224658 -0.02201010

, , 2

            [,1]          [,2]         [,3]         [,4]         [,5]         [,6]         [,7]         [,8]         [,9]
[1,]  0.00000000 -7.508982e-04 -0.001587068 -0.001953936 -0.001984793 -0.002540906 -0.003035607 -0.004774553 -0.005177367
[2,]  0.21536124  1.833487e-01  0.133858764  0.109884494  0.122823263  0.090028535  0.009161024 -0.068852367 -0.092904568
[3,]  0.08016427  3.383430e-02 -0.013003670 -0.029202585 -0.013661570 -0.040187017 -0.047928925 -0.100923533 -0.098356794
[4,]  0.01148093 -4.046432e-05 -0.002384056 -0.001064550 -0.002013590 -0.003568041 -0.009516447 -0.005463243 -0.006578017
[5,] -0.01693059 -1.503155e-03 -0.008863158 -0.013916883 -0.012880297 -0.016568956 -0.022705145 -0.022887435 -0.037621282
            [,10]        [,11]        [,12]        [,13]
[1,] -0.004821007 -0.005322966 -0.005856483 -0.006406270
[2,] -0.064234086 -0.094484795 -0.070082617 -0.133837896
[3,] -0.120329939 -0.115275130 -0.096848982 -0.125415286
[4,] -0.011983348 -0.007734731 -0.009398742 -0.013356436
[5,] -0.014541319 -0.030540070 -0.025589644 -0.005381019

, , 3

             [,1]          [,2]          [,3]         [,4]         [,5]         [,6]          [,7]         [,8]         [,9]
[1,]  0.000000000 -1.327477e-05  0.0005265779 0.0005691174 3.211093e-05 -0.002157303 -0.0055942939 -0.006224172 -0.008458594
[2,]  0.000000000  2.589761e-02  0.0406611809 0.0874626897 7.556570e-02  0.103211348  0.1787711287  0.125347230  0.095826343
[3,]  0.161368764  1.187443e-01  0.1098632161 0.0969562404 8.476110e-02  0.093322174  0.1099853802  0.077236903  0.044485227
[4,] -0.003953948  1.950734e-03  0.0050515289 0.0058754974 6.253565e-03  0.002841594  0.0049972239  0.003267344 -0.003186223
[5,] -0.005228713  6.580833e-04 -0.0017559266 0.0003663114 1.742111e-03  0.002368696 -0.0006602382 -0.005980361 -0.041197234
            [,10]        [,11]        [,12]       [,13]
[1,] -0.008798812 -0.007469184 -0.012179469 -0.01076960
[2,]  0.063230436  0.026622458 -0.141094384 -0.30552412
[3,] -0.023970511 -0.066270473 -0.155113525 -0.17442350
[4,] -0.003434663 -0.011240256 -0.010571297 -0.01254698
[5,] -0.012591169 -0.046611629 -0.007498597 -0.00290714

, , 4

           [,1]         [,2]         [,3]        [,4]         [,5]         [,6]         [,7]          [,8]         [,9]
[1,] 0.00000000 -0.002174345 -0.005052132 -0.00530601 -0.005412751 -0.004083756  0.000272520 -0.0020452165 -0.003566824
[2,] 0.00000000 -0.078921622 -0.078298634 -0.14027353 -0.086778417 -0.104152110 -0.158820118 -0.0877686824 -0.089420650
[3,] 0.00000000 -0.036302659 -0.063007350 -0.09930924 -0.081178228 -0.062954596 -0.027425660 -0.0312874142 -0.036610882
[4,] 0.02731377 -0.002818252 -0.014529829 -0.01390629 -0.010043944 -0.007754491 -0.008227699 -0.0005600758 -0.003008584
[5,] 0.06229845 -0.038178281 -0.050102137 -0.01872951 -0.029111254 -0.029833394 -0.028347166 -0.0207440822 -0.029921681
           [,10]        [,11]         [,12]         [,13]
[1,] -0.00202883 -0.002077005 -0.0006008802 -0.0004686687
[2,] -0.07142273 -0.065798886  0.0849054102  0.1527468115
[3,] -0.09494140 -0.069555100  0.0159496398  0.0736986751
[4,] -0.01158041  0.001212706 -0.0025477010 -0.0207323808
[5,] -0.02324473 -0.023875075 -0.0253928915 -0.0659053322

, , 5

           [,1]         [,2]         [,3]         [,4]         [,5]         [,6]         [,7]         [,8]         [,9]
[1,] 0.00000000 -0.001161849 -0.002023276 -0.002073417 -0.002851471 -0.003152294 -0.002091693 -0.004168114 -0.006578152
[2,] 0.00000000 -0.078247639 -0.008672742 -0.042688562 -0.104581649 -0.122156207 -0.081995467 -0.113164304 -0.113059517
[3,] 0.00000000 -0.029610406  0.013996953 -0.028727385 -0.092871557 -0.042927305 -0.028679073 -0.026741480 -0.035009426
[4,] 0.00000000 -0.002998887 -0.005566986 -0.008981960 -0.005005368 -0.004427047  0.004715709 -0.003644355 -0.008016778
[5,] 0.09559096 -0.051350454 -0.045610855  0.004608607 -0.010748800  0.001663280 -0.010505854 -0.009853722 -0.001093212
            [,10]        [,11]        [,12]        [,13]
[1,] -0.006713181 -0.004725761 -0.005597682 -0.003359852
[2,] -0.169736824 -0.180528845 -0.204800689 -0.199653774
[3,] -0.074542058 -0.060807018 -0.090808441 -0.046883144
[4,] -0.004031280 -0.006656481 -0.005577540 -0.017823766
[5,] -0.012686190 -0.029620038 -0.011345694 -0.063612014


$irf_lin_up
, , 1

            [,1]       [,2]       [,3]       [,4]       [,5]       [,6]       [,7]       [,8]       [,9]      [,10]
[1,] 0.010150047 0.01142453 0.01162531 0.01095115 0.01078379 0.01174883 0.01312452 0.01449193 0.01367936 0.01385625
[2,] 0.049962122 0.13224322 0.18730719 0.26306540 0.32448244 0.39660532 0.46066986 0.56348794 0.62151229 0.66704935
[3,] 0.048084011 0.11286264 0.14318887 0.19010809 0.22582618 0.25038246 0.26275839 0.29944649 0.29650880 0.34082056
[4,] 0.007672512 0.01032771 0.00950200 0.01303239 0.01495906 0.01580988 0.01728483 0.02028977 0.02326700 0.02318781
[5,] 0.006635313 0.02717339 0.02945400 0.02396850 0.03347117 0.02071186 0.03183446 0.04460476 0.05792925 0.03196616
          [,11]      [,12]      [,13]
[1,] 0.01346182 0.01397737 0.01297176
[2,] 0.75037196 0.78994430 0.86736676
[3,] 0.34501608 0.34745034 0.35092518
[4,] 0.02519430 0.02102095 0.02263439
[5,] 0.05284989 0.02649222 0.01385099

, , 2

            [,1]        [,2]        [,3]        [,4]        [,5]        [,6]        [,7]       [,8]       [,9]      [,10]
[1,]  0.00000000 0.001635948 0.002842109 0.003543535 0.003813093 0.004995508 0.007065415 0.01052158 0.01281751 0.01473177
[2,]  0.21536124 0.272872830 0.280811350 0.304510988 0.359639988 0.400438353 0.428548782 0.57224646 0.59495004 0.59289048
[3,]  0.08016427 0.112263513 0.091062143 0.101925068 0.128990776 0.126244915 0.129656361 0.16661236 0.15254249 0.15475313
[4,]  0.01148093 0.010144944 0.006822161 0.009784232 0.008972084 0.010073823 0.009436639 0.01327303 0.01205106 0.01265083
[5,] -0.01693059 0.025679956 0.011983686 0.007344009 0.009414176 0.006158359 0.025581676 0.01565643 0.01480745 0.01478564
          [,11]      [,12]      [,13]
[1,] 0.01433185 0.01728400 0.01692236
[2,] 0.59524494 0.63484852 0.69079380
[3,] 0.13956029 0.16822606 0.19962756
[4,] 0.01409503 0.01587770 0.01845969
[5,] 0.04376248 0.03207537 0.01238533

, , 3

             [,1]          [,2]        [,3]        [,4]        [,5]         [,6]         [,7]        [,8]          [,9]
[1,]  0.000000000  0.0009753279 0.002046134 0.001546711 0.001862935 0.0009867086 0.0001744587 0.001810997  0.0013006653
[2,]  0.000000000  0.0765610082 0.102312603 0.129590450 0.139061668 0.1867568113 0.3183119846 0.425317957  0.4028284310
[3,]  0.161368764  0.1629154613 0.158046800 0.137490729 0.109648915 0.1203643219 0.1486991843 0.208015917  0.1593112931
[4,] -0.003953948  0.0067829836 0.008164406 0.008748319 0.010426594 0.0114041378 0.0166820337 0.012258775  0.0105615859
[5,] -0.005228713 -0.0023065960 0.004820253 0.012479094 0.012758839 0.0113597639 0.0493389704 0.015042159 -0.0009821993
            [,10]        [,11]        [,12]         [,13]
[1,]  0.003082921  0.004665799  0.002174084  0.0035505732
[2,]  0.336870337  0.299625922  0.132815366  0.1032352141
[3,]  0.099941388  0.030891633 -0.041584657  0.0081436136
[4,]  0.009791863  0.004755491  0.001491782 -0.0009757987
[5,] -0.007701474 -0.003171654  0.019018649 -0.0026765429

, , 4

           [,1]        [,2]        [,3]        [,4]        [,5]        [,6]       [,7]       [,8]       [,9]      [,10]
[1,] 0.00000000 0.003106673 0.003676102 0.005012129 0.005000487 0.008314191 0.01307699 0.01789963 0.01943377 0.01941649
[2,] 0.00000000 0.057529769 0.160653055 0.215521185 0.266139001 0.335078093 0.43143994 0.56163485 0.62607316 0.69384995
[3,] 0.00000000 0.077262838 0.094370138 0.114217088 0.144583805 0.178860745 0.22036567 0.23397017 0.24413578 0.26443397
[4,] 0.02731377 0.020025208 0.010867870 0.010324806 0.004986261 0.010887904 0.01531805 0.02201151 0.01483581 0.02388579
[5,] 0.06229845 0.064376719 0.008160846 0.019681951 0.007872965 0.009041165 0.02406954 0.02040847 0.01757760 0.03782862
          [,11]      [,12]      [,13]
[1,] 0.02048047 0.02241683 0.02119346
[2,] 0.78338503 0.85022572 0.86369290
[3,] 0.30407503 0.32920154 0.37619985
[4,] 0.02253131 0.02329227 0.02351540
[5,] 0.07176020 0.05019647 0.02191085

, , 5

           [,1]         [,2]         [,3]        [,4]          [,5]          [,6]        [,7]        [,8]         [,9]
[1,] 0.00000000  0.001644839  0.001565167 0.001339454  0.0017345348  0.0024196667 0.002834065 0.002425364 0.0019081574
[2,] 0.00000000 -0.007759617  0.090484256 0.086914162  0.0093987447 -0.0008283324 0.112950915 0.033854670 0.0378573946
[3,] 0.00000000  0.020078944  0.081229101 0.054594003 -0.0182184632  0.0139030102 0.042607988 0.035135294 0.0443802056
[4,] 0.00000000  0.010794224  0.011677810 0.003886146  0.0002569933  0.0044086908 0.013384954 0.003648373 0.0002909256
[5,] 0.09559096  0.012281972 -0.007382387 0.022892743  0.0029773050  0.0152370584 0.023861362 0.007587223 0.0123039377
             [,10]       [,11]       [,12]       [,13]
[1,] -2.413429e-05 0.002535610 0.001619205 0.003425002
[2,]  3.772114e-02 0.065880883 0.031195784 0.012731342
[3,]  3.297312e-02 0.047759120 0.015770928 0.046485068
[4,]  1.107756e-02 0.002818579 0.003530557 0.002833191
[5,]  1.010032e-02 0.005267142 0.020445816 0.012815867


$diagnostic_list
$diagnostic_list$`Shock: politics`
$diagnostic_list$`Shock: politics`[[1]]
                               R-sqrd. Adj. R-sqrd.     F-stat      p-value
h1:politics                  0.8275510   0.76338396  12.896820 1.497832e-11
h1:inflation_expectations_1y 0.9773949   0.96898372 116.201660 4.819542e-30
h1:inflation_expectations_3y 0.8912088   0.85072830  22.015776 1.222561e-15
h1:inflation                 0.5569752   0.39212873   3.378751 7.400754e-04
h1:economic_activity         0.2956219   0.03352777   1.127923 3.616499e-01

$diagnostic_list$`Shock: politics`[[2]]
                               R-sqrd. Adj. R-sqrd.    F-stat      p-value
h2:politics                  0.7114267   0.60149408  6.471477 5.781801e-07
h2:inflation_expectations_1y 0.9514989   0.93302229 51.497481 2.138398e-22
h2:inflation_expectations_3y 0.7997749   0.72349863 10.485242 5.774543e-10
h2:inflation                 0.4093309   0.18431410  1.819113 6.110756e-02
h2:economic_activity         0.3128332   0.05105532  1.195033 3.111215e-01

$diagnostic_list$`Shock: politics`[[3]]
                               R-sqrd. Adj. R-sqrd.    F-stat      p-value
h3:politics                  0.6177154   0.46853116  4.140621 1.200254e-04
h3:inflation_expectations_1y 0.9295032   0.90199220 33.786649 1.540230e-18
h3:inflation_expectations_3y 0.6997295   0.58255076  5.971472 1.898886e-06
h3:inflation                 0.4248364   0.20038233  1.892754 5.061973e-02
h3:economic_activity         0.2948142   0.01961974  1.071294 4.107111e-01

$diagnostic_list$`Shock: politics`[[4]]
                               R-sqrd. Adj. R-sqrd.    F-stat      p-value
h4:politics                  0.5406692   0.35693690  2.942701 2.856926e-03
h4:inflation_expectations_1y 0.8971898   0.85606573 21.816655 7.518533e-15
h4:inflation_expectations_3y 0.6654557   0.53163795  4.972851 1.888339e-05
h4:inflation                 0.4450118   0.22301657  2.004601 3.785314e-02
h4:economic_activity         0.3334392   0.06681482  1.250595 2.750753e-01

$diagnostic_list$`Shock: politics`[[5]]
                               R-sqrd. Adj. R-sqrd.     F-stat      p-value
h5:politics                  0.4150693  0.175097683  1.7296601 8.157462e-02
h5:inflation_expectations_1y 0.8545107  0.794822758 14.3163074 1.279122e-11
h5:inflation_expectations_3y 0.6261545  0.472781923  4.0825723 1.669736e-04
h5:inflation                 0.3958043  0.147929141  1.5967889 1.160526e-01
h5:economic_activity         0.2881294 -0.003920057  0.9865774 4.892182e-01

$diagnostic_list$`Shock: politics`[[6]]
                               R-sqrd. Adj. R-sqrd.     F-stat      p-value
h6:politics                  0.4211762   0.17746096  1.7281487 8.311590e-02
h6:inflation_expectations_1y 0.8122575   0.73320802 10.2753051 2.628345e-09
h6:inflation_expectations_3y 0.6084187   0.44354233  3.6901514 4.743740e-04
h6:inflation                 0.4760757   0.25547595  2.1580973 2.608342e-02
h6:economic_activity         0.2622311  -0.04840848  0.8441651 6.314371e-01

$diagnostic_list$`Shock: politics`[[7]]
                               R-sqrd. Adj. R-sqrd.   F-stat      p-value
h7:politics                  0.3460871   0.06331397 1.223904 2.963684e-01
h7:inflation_expectations_1y 0.7584937   0.65405854 7.262819 3.516002e-07
h7:inflation_expectations_3y 0.5357657   0.33501577 2.668821 6.870568e-03
h7:inflation                 0.4930033   0.27376142 2.248673 2.103609e-02
h7:economic_activity         0.2209952  -0.11587180 0.656031 8.160968e-01

$diagnostic_list$`Shock: politics`[[8]]
                               R-sqrd. Adj. R-sqrd.   F-stat      p-value
h8:politics                  0.3194850   0.01703394 1.056320 4.274520e-01
h8:inflation_expectations_1y 0.6953649   0.55997146 5.135885 2.286269e-05
h8:inflation_expectations_3y 0.4185693   0.16015570 1.619765 1.133878e-01
h8:inflation                 0.4308658   0.17791725 1.703373 9.141793e-02
h8:economic_activity         0.4088340   0.14609355 1.556038 1.333598e-01

$diagnostic_list$`Shock: politics`[[9]]
                               R-sqrd. Adj. R-sqrd.    F-stat     p-value
h9:politics                  0.3090118 -0.006868509 0.9782560 0.499035231
h9:inflation_expectations_1y 0.6418339  0.478100828 3.9200015 0.000361189
h9:inflation_expectations_3y 0.3694286  0.081167412 1.2815759 0.262107570
h9:inflation                 0.3438552  0.043903295 1.1463678 0.354708167
h9:economic_activity         0.2821257 -0.046045473 0.8596907 0.615559724

$diagnostic_list$`Shock: politics`[[10]]
                                R-sqrd. Adj. R-sqrd.    F-stat     p-value
h10:politics                  0.2893586  -0.04506087 0.8652564 0.609969895
h10:inflation_expectations_1y 0.5952443   0.40477098 3.1250800 0.002564124
h10:inflation_expectations_3y 0.3399463   0.02933282 1.0944351 0.397004761
h10:inflation                 0.3510760   0.04570007 1.1496518 0.353389887
h10:economic_activity         0.3360371   0.02358402 1.0754802 0.412776342

$diagnostic_list$`Shock: politics`[[11]]
                                R-sqrd. Adj. R-sqrd.    F-stat     p-value
h11:politics                  0.3430322   0.02450233 1.0769232 0.412540751
h11:inflation_expectations_1y 0.5657526   0.35520835 2.6870963 0.007993683
h11:inflation_expectations_3y 0.3692678   0.06345825 1.2075090 0.312927875
h11:inflation                 0.2463587  -0.11904311 0.6742131 0.797480272
h11:economic_activity         0.2722527  -0.08059455 0.7715880 0.703967655

$diagnostic_list$`Shock: politics`[[12]]
                                R-sqrd. Adj. R-sqrd.    F-stat    p-value
h12:politics                  0.3248840 -0.012673934 0.9624541 0.51547883
h12:inflation_expectations_1y 0.5232425  0.284863737 2.1950047 0.02854833
h12:inflation_expectations_3y 0.3940963  0.091144398 1.3008544 0.25550198
h12:inflation                 0.2048473 -0.192728991 0.5152403 0.91959183
h12:economic_activity         0.3279501 -0.008074777 0.9759697 0.50281950


$diagnostic_list$`Shock: inflation_expectations_1y`
$diagnostic_list$`Shock: inflation_expectations_1y`[[1]]
                               R-sqrd. Adj. R-sqrd.     F-stat      p-value
h1:politics                  0.8275510   0.76338396  12.896820 1.497832e-11
h1:inflation_expectations_1y 0.9773949   0.96898372 116.201660 4.819542e-30
h1:inflation_expectations_3y 0.8912088   0.85072830  22.015776 1.222561e-15
h1:inflation                 0.5569752   0.39212873   3.378751 7.400754e-04
h1:economic_activity         0.2956219   0.03352777   1.127923 3.616499e-01

$diagnostic_list$`Shock: inflation_expectations_1y`[[2]]
                               R-sqrd. Adj. R-sqrd.    F-stat      p-value
h2:politics                  0.7114267   0.60149408  6.471477 5.781801e-07
h2:inflation_expectations_1y 0.9514989   0.93302229 51.497481 2.138398e-22
h2:inflation_expectations_3y 0.7997749   0.72349863 10.485242 5.774543e-10
h2:inflation                 0.4093309   0.18431410  1.819113 6.110756e-02
h2:economic_activity         0.3128332   0.05105532  1.195033 3.111215e-01

$diagnostic_list$`Shock: inflation_expectations_1y`[[3]]
                               R-sqrd. Adj. R-sqrd.    F-stat      p-value
h3:politics                  0.6177154   0.46853116  4.140621 1.200254e-04
h3:inflation_expectations_1y 0.9295032   0.90199220 33.786649 1.540230e-18
h3:inflation_expectations_3y 0.6997295   0.58255076  5.971472 1.898886e-06
h3:inflation                 0.4248364   0.20038233  1.892754 5.061973e-02
h3:economic_activity         0.2948142   0.01961974  1.071294 4.107111e-01

$diagnostic_list$`Shock: inflation_expectations_1y`[[4]]
                               R-sqrd. Adj. R-sqrd.    F-stat      p-value
h4:politics                  0.5406692   0.35693690  2.942701 2.856926e-03
h4:inflation_expectations_1y 0.8971898   0.85606573 21.816655 7.518533e-15
h4:inflation_expectations_3y 0.6654557   0.53163795  4.972851 1.888339e-05
h4:inflation                 0.4450118   0.22301657  2.004601 3.785314e-02
h4:economic_activity         0.3334392   0.06681482  1.250595 2.750753e-01

$diagnostic_list$`Shock: inflation_expectations_1y`[[5]]
                               R-sqrd. Adj. R-sqrd.     F-stat      p-value
h5:politics                  0.4150693  0.175097683  1.7296601 8.157462e-02
h5:inflation_expectations_1y 0.8545107  0.794822758 14.3163074 1.279122e-11
h5:inflation_expectations_3y 0.6261545  0.472781923  4.0825723 1.669736e-04
h5:inflation                 0.3958043  0.147929141  1.5967889 1.160526e-01
h5:economic_activity         0.2881294 -0.003920057  0.9865774 4.892182e-01

$diagnostic_list$`Shock: inflation_expectations_1y`[[6]]
                               R-sqrd. Adj. R-sqrd.     F-stat      p-value
h6:politics                  0.4211762   0.17746096  1.7281487 8.311590e-02
h6:inflation_expectations_1y 0.8122575   0.73320802 10.2753051 2.628345e-09
h6:inflation_expectations_3y 0.6084187   0.44354233  3.6901514 4.743740e-04
h6:inflation                 0.4760757   0.25547595  2.1580973 2.608342e-02
h6:economic_activity         0.2622311  -0.04840848  0.8441651 6.314371e-01

$diagnostic_list$`Shock: inflation_expectations_1y`[[7]]
                               R-sqrd. Adj. R-sqrd.   F-stat      p-value
h7:politics                  0.3460871   0.06331397 1.223904 2.963684e-01
h7:inflation_expectations_1y 0.7584937   0.65405854 7.262819 3.516002e-07
h7:inflation_expectations_3y 0.5357657   0.33501577 2.668821 6.870568e-03
h7:inflation                 0.4930033   0.27376142 2.248673 2.103609e-02
h7:economic_activity         0.2209952  -0.11587180 0.656031 8.160968e-01

$diagnostic_list$`Shock: inflation_expectations_1y`[[8]]
                               R-sqrd. Adj. R-sqrd.   F-stat      p-value
h8:politics                  0.3194850   0.01703394 1.056320 4.274520e-01
h8:inflation_expectations_1y 0.6953649   0.55997146 5.135885 2.286269e-05
h8:inflation_expectations_3y 0.4185693   0.16015570 1.619765 1.133878e-01
h8:inflation                 0.4308658   0.17791725 1.703373 9.141793e-02
h8:economic_activity         0.4088340   0.14609355 1.556038 1.333598e-01

$diagnostic_list$`Shock: inflation_expectations_1y`[[9]]
                               R-sqrd. Adj. R-sqrd.    F-stat     p-value
h9:politics                  0.3090118 -0.006868509 0.9782560 0.499035231
h9:inflation_expectations_1y 0.6418339  0.478100828 3.9200015 0.000361189
h9:inflation_expectations_3y 0.3694286  0.081167412 1.2815759 0.262107570
h9:inflation                 0.3438552  0.043903295 1.1463678 0.354708167
h9:economic_activity         0.2821257 -0.046045473 0.8596907 0.615559724

$diagnostic_list$`Shock: inflation_expectations_1y`[[10]]
                                R-sqrd. Adj. R-sqrd.    F-stat     p-value
h10:politics                  0.2893586  -0.04506087 0.8652564 0.609969895
h10:inflation_expectations_1y 0.5952443   0.40477098 3.1250800 0.002564124
h10:inflation_expectations_3y 0.3399463   0.02933282 1.0944351 0.397004761
h10:inflation                 0.3510760   0.04570007 1.1496518 0.353389887
h10:economic_activity         0.3360371   0.02358402 1.0754802 0.412776342

$diagnostic_list$`Shock: inflation_expectations_1y`[[11]]
                                R-sqrd. Adj. R-sqrd.    F-stat     p-value
h11:politics                  0.3430322   0.02450233 1.0769232 0.412540751
h11:inflation_expectations_1y 0.5657526   0.35520835 2.6870963 0.007993683
h11:inflation_expectations_3y 0.3692678   0.06345825 1.2075090 0.312927875
h11:inflation                 0.2463587  -0.11904311 0.6742131 0.797480272
h11:economic_activity         0.2722527  -0.08059455 0.7715880 0.703967655

$diagnostic_list$`Shock: inflation_expectations_1y`[[12]]
                                R-sqrd. Adj. R-sqrd.    F-stat    p-value
h12:politics                  0.3248840 -0.012673934 0.9624541 0.51547883
h12:inflation_expectations_1y 0.5232425  0.284863737 2.1950047 0.02854833
h12:inflation_expectations_3y 0.3940963  0.091144398 1.3008544 0.25550198
h12:inflation                 0.2048473 -0.192728991 0.5152403 0.91959183
h12:economic_activity         0.3279501 -0.008074777 0.9759697 0.50281950


$diagnostic_list$`Shock: inflation_expectations_3y`
$diagnostic_list$`Shock: inflation_expectations_3y`[[1]]
                               R-sqrd. Adj. R-sqrd.     F-stat      p-value
h1:politics                  0.8275510   0.76338396  12.896820 1.497832e-11
h1:inflation_expectations_1y 0.9773949   0.96898372 116.201660 4.819542e-30
h1:inflation_expectations_3y 0.8912088   0.85072830  22.015776 1.222561e-15
h1:inflation                 0.5569752   0.39212873   3.378751 7.400754e-04
h1:economic_activity         0.2956219   0.03352777   1.127923 3.616499e-01

$diagnostic_list$`Shock: inflation_expectations_3y`[[2]]
                               R-sqrd. Adj. R-sqrd.    F-stat      p-value
h2:politics                  0.7114267   0.60149408  6.471477 5.781801e-07
h2:inflation_expectations_1y 0.9514989   0.93302229 51.497481 2.138398e-22
h2:inflation_expectations_3y 0.7997749   0.72349863 10.485242 5.774543e-10
h2:inflation                 0.4093309   0.18431410  1.819113 6.110756e-02
h2:economic_activity         0.3128332   0.05105532  1.195033 3.111215e-01

$diagnostic_list$`Shock: inflation_expectations_3y`[[3]]
                               R-sqrd. Adj. R-sqrd.    F-stat      p-value
h3:politics                  0.6177154   0.46853116  4.140621 1.200254e-04
h3:inflation_expectations_1y 0.9295032   0.90199220 33.786649 1.540230e-18
h3:inflation_expectations_3y 0.6997295   0.58255076  5.971472 1.898886e-06
h3:inflation                 0.4248364   0.20038233  1.892754 5.061973e-02
h3:economic_activity         0.2948142   0.01961974  1.071294 4.107111e-01

$diagnostic_list$`Shock: inflation_expectations_3y`[[4]]
                               R-sqrd. Adj. R-sqrd.    F-stat      p-value
h4:politics                  0.5406692   0.35693690  2.942701 2.856926e-03
h4:inflation_expectations_1y 0.8971898   0.85606573 21.816655 7.518533e-15
h4:inflation_expectations_3y 0.6654557   0.53163795  4.972851 1.888339e-05
h4:inflation                 0.4450118   0.22301657  2.004601 3.785314e-02
h4:economic_activity         0.3334392   0.06681482  1.250595 2.750753e-01

$diagnostic_list$`Shock: inflation_expectations_3y`[[5]]
                               R-sqrd. Adj. R-sqrd.     F-stat      p-value
h5:politics                  0.4150693  0.175097683  1.7296601 8.157462e-02
h5:inflation_expectations_1y 0.8545107  0.794822758 14.3163074 1.279122e-11
h5:inflation_expectations_3y 0.6261545  0.472781923  4.0825723 1.669736e-04
h5:inflation                 0.3958043  0.147929141  1.5967889 1.160526e-01
h5:economic_activity         0.2881294 -0.003920057  0.9865774 4.892182e-01

$diagnostic_list$`Shock: inflation_expectations_3y`[[6]]
                               R-sqrd. Adj. R-sqrd.     F-stat      p-value
h6:politics                  0.4211762   0.17746096  1.7281487 8.311590e-02
h6:inflation_expectations_1y 0.8122575   0.73320802 10.2753051 2.628345e-09
h6:inflation_expectations_3y 0.6084187   0.44354233  3.6901514 4.743740e-04
h6:inflation                 0.4760757   0.25547595  2.1580973 2.608342e-02
h6:economic_activity         0.2622311  -0.04840848  0.8441651 6.314371e-01

$diagnostic_list$`Shock: inflation_expectations_3y`[[7]]
                               R-sqrd. Adj. R-sqrd.   F-stat      p-value
h7:politics                  0.3460871   0.06331397 1.223904 2.963684e-01
h7:inflation_expectations_1y 0.7584937   0.65405854 7.262819 3.516002e-07
h7:inflation_expectations_3y 0.5357657   0.33501577 2.668821 6.870568e-03
h7:inflation                 0.4930033   0.27376142 2.248673 2.103609e-02
h7:economic_activity         0.2209952  -0.11587180 0.656031 8.160968e-01

$diagnostic_list$`Shock: inflation_expectations_3y`[[8]]
                               R-sqrd. Adj. R-sqrd.   F-stat      p-value
h8:politics                  0.3194850   0.01703394 1.056320 4.274520e-01
h8:inflation_expectations_1y 0.6953649   0.55997146 5.135885 2.286269e-05
h8:inflation_expectations_3y 0.4185693   0.16015570 1.619765 1.133878e-01
h8:inflation                 0.4308658   0.17791725 1.703373 9.141793e-02
h8:economic_activity         0.4088340   0.14609355 1.556038 1.333598e-01

$diagnostic_list$`Shock: inflation_expectations_3y`[[9]]
                               R-sqrd. Adj. R-sqrd.    F-stat     p-value
h9:politics                  0.3090118 -0.006868509 0.9782560 0.499035231
h9:inflation_expectations_1y 0.6418339  0.478100828 3.9200015 0.000361189
h9:inflation_expectations_3y 0.3694286  0.081167412 1.2815759 0.262107570
h9:inflation                 0.3438552  0.043903295 1.1463678 0.354708167
h9:economic_activity         0.2821257 -0.046045473 0.8596907 0.615559724

$diagnostic_list$`Shock: inflation_expectations_3y`[[10]]
                                R-sqrd. Adj. R-sqrd.    F-stat     p-value
h10:politics                  0.2893586  -0.04506087 0.8652564 0.609969895
h10:inflation_expectations_1y 0.5952443   0.40477098 3.1250800 0.002564124
h10:inflation_expectations_3y 0.3399463   0.02933282 1.0944351 0.397004761
h10:inflation                 0.3510760   0.04570007 1.1496518 0.353389887
h10:economic_activity         0.3360371   0.02358402 1.0754802 0.412776342

$diagnostic_list$`Shock: inflation_expectations_3y`[[11]]
                                R-sqrd. Adj. R-sqrd.    F-stat     p-value
h11:politics                  0.3430322   0.02450233 1.0769232 0.412540751
h11:inflation_expectations_1y 0.5657526   0.35520835 2.6870963 0.007993683
h11:inflation_expectations_3y 0.3692678   0.06345825 1.2075090 0.312927875
h11:inflation                 0.2463587  -0.11904311 0.6742131 0.797480272
h11:economic_activity         0.2722527  -0.08059455 0.7715880 0.703967655

$diagnostic_list$`Shock: inflation_expectations_3y`[[12]]
                                R-sqrd. Adj. R-sqrd.    F-stat    p-value
h12:politics                  0.3248840 -0.012673934 0.9624541 0.51547883
h12:inflation_expectations_1y 0.5232425  0.284863737 2.1950047 0.02854833
h12:inflation_expectations_3y 0.3940963  0.091144398 1.3008544 0.25550198
h12:inflation                 0.2048473 -0.192728991 0.5152403 0.91959183
h12:economic_activity         0.3279501 -0.008074777 0.9759697 0.50281950


$diagnostic_list$`Shock: inflation`
$diagnostic_list$`Shock: inflation`[[1]]
                               R-sqrd. Adj. R-sqrd.     F-stat      p-value
h1:politics                  0.8275510   0.76338396  12.896820 1.497832e-11
h1:inflation_expectations_1y 0.9773949   0.96898372 116.201660 4.819542e-30
h1:inflation_expectations_3y 0.8912088   0.85072830  22.015776 1.222561e-15
h1:inflation                 0.5569752   0.39212873   3.378751 7.400754e-04
h1:economic_activity         0.2956219   0.03352777   1.127923 3.616499e-01

$diagnostic_list$`Shock: inflation`[[2]]
                               R-sqrd. Adj. R-sqrd.    F-stat      p-value
h2:politics                  0.7114267   0.60149408  6.471477 5.781801e-07
h2:inflation_expectations_1y 0.9514989   0.93302229 51.497481 2.138398e-22
h2:inflation_expectations_3y 0.7997749   0.72349863 10.485242 5.774543e-10
h2:inflation                 0.4093309   0.18431410  1.819113 6.110756e-02
h2:economic_activity         0.3128332   0.05105532  1.195033 3.111215e-01

$diagnostic_list$`Shock: inflation`[[3]]
                               R-sqrd. Adj. R-sqrd.    F-stat      p-value
h3:politics                  0.6177154   0.46853116  4.140621 1.200254e-04
h3:inflation_expectations_1y 0.9295032   0.90199220 33.786649 1.540230e-18
h3:inflation_expectations_3y 0.6997295   0.58255076  5.971472 1.898886e-06
h3:inflation                 0.4248364   0.20038233  1.892754 5.061973e-02
h3:economic_activity         0.2948142   0.01961974  1.071294 4.107111e-01

$diagnostic_list$`Shock: inflation`[[4]]
                               R-sqrd. Adj. R-sqrd.    F-stat      p-value
h4:politics                  0.5406692   0.35693690  2.942701 2.856926e-03
h4:inflation_expectations_1y 0.8971898   0.85606573 21.816655 7.518533e-15
h4:inflation_expectations_3y 0.6654557   0.53163795  4.972851 1.888339e-05
h4:inflation                 0.4450118   0.22301657  2.004601 3.785314e-02
h4:economic_activity         0.3334392   0.06681482  1.250595 2.750753e-01

$diagnostic_list$`Shock: inflation`[[5]]
                               R-sqrd. Adj. R-sqrd.     F-stat      p-value
h5:politics                  0.4150693  0.175097683  1.7296601 8.157462e-02
h5:inflation_expectations_1y 0.8545107  0.794822758 14.3163074 1.279122e-11
h5:inflation_expectations_3y 0.6261545  0.472781923  4.0825723 1.669736e-04
h5:inflation                 0.3958043  0.147929141  1.5967889 1.160526e-01
h5:economic_activity         0.2881294 -0.003920057  0.9865774 4.892182e-01

$diagnostic_list$`Shock: inflation`[[6]]
                               R-sqrd. Adj. R-sqrd.     F-stat      p-value
h6:politics                  0.4211762   0.17746096  1.7281487 8.311590e-02
h6:inflation_expectations_1y 0.8122575   0.73320802 10.2753051 2.628345e-09
h6:inflation_expectations_3y 0.6084187   0.44354233  3.6901514 4.743740e-04
h6:inflation                 0.4760757   0.25547595  2.1580973 2.608342e-02
h6:economic_activity         0.2622311  -0.04840848  0.8441651 6.314371e-01

$diagnostic_list$`Shock: inflation`[[7]]
                               R-sqrd. Adj. R-sqrd.   F-stat      p-value
h7:politics                  0.3460871   0.06331397 1.223904 2.963684e-01
h7:inflation_expectations_1y 0.7584937   0.65405854 7.262819 3.516002e-07
h7:inflation_expectations_3y 0.5357657   0.33501577 2.668821 6.870568e-03
h7:inflation                 0.4930033   0.27376142 2.248673 2.103609e-02
h7:economic_activity         0.2209952  -0.11587180 0.656031 8.160968e-01

$diagnostic_list$`Shock: inflation`[[8]]
                               R-sqrd. Adj. R-sqrd.   F-stat      p-value
h8:politics                  0.3194850   0.01703394 1.056320 4.274520e-01
h8:inflation_expectations_1y 0.6953649   0.55997146 5.135885 2.286269e-05
h8:inflation_expectations_3y 0.4185693   0.16015570 1.619765 1.133878e-01
h8:inflation                 0.4308658   0.17791725 1.703373 9.141793e-02
h8:economic_activity         0.4088340   0.14609355 1.556038 1.333598e-01

$diagnostic_list$`Shock: inflation`[[9]]
                               R-sqrd. Adj. R-sqrd.    F-stat     p-value
h9:politics                  0.3090118 -0.006868509 0.9782560 0.499035231
h9:inflation_expectations_1y 0.6418339  0.478100828 3.9200015 0.000361189
h9:inflation_expectations_3y 0.3694286  0.081167412 1.2815759 0.262107570
h9:inflation                 0.3438552  0.043903295 1.1463678 0.354708167
h9:economic_activity         0.2821257 -0.046045473 0.8596907 0.615559724

$diagnostic_list$`Shock: inflation`[[10]]
                                R-sqrd. Adj. R-sqrd.    F-stat     p-value
h10:politics                  0.2893586  -0.04506087 0.8652564 0.609969895
h10:inflation_expectations_1y 0.5952443   0.40477098 3.1250800 0.002564124
h10:inflation_expectations_3y 0.3399463   0.02933282 1.0944351 0.397004761
h10:inflation                 0.3510760   0.04570007 1.1496518 0.353389887
h10:economic_activity         0.3360371   0.02358402 1.0754802 0.412776342

$diagnostic_list$`Shock: inflation`[[11]]
                                R-sqrd. Adj. R-sqrd.    F-stat     p-value
h11:politics                  0.3430322   0.02450233 1.0769232 0.412540751
h11:inflation_expectations_1y 0.5657526   0.35520835 2.6870963 0.007993683
h11:inflation_expectations_3y 0.3692678   0.06345825 1.2075090 0.312927875
h11:inflation                 0.2463587  -0.11904311 0.6742131 0.797480272
h11:economic_activity         0.2722527  -0.08059455 0.7715880 0.703967655

$diagnostic_list$`Shock: inflation`[[12]]
                                R-sqrd. Adj. R-sqrd.    F-stat    p-value
h12:politics                  0.3248840 -0.012673934 0.9624541 0.51547883
h12:inflation_expectations_1y 0.5232425  0.284863737 2.1950047 0.02854833
h12:inflation_expectations_3y 0.3940963  0.091144398 1.3008544 0.25550198
h12:inflation                 0.2048473 -0.192728991 0.5152403 0.91959183
h12:economic_activity         0.3279501 -0.008074777 0.9759697 0.50281950


$diagnostic_list$`Shock: economic_activity`
$diagnostic_list$`Shock: economic_activity`[[1]]
                               R-sqrd. Adj. R-sqrd.     F-stat      p-value
h1:politics                  0.8275510   0.76338396  12.896820 1.497832e-11
h1:inflation_expectations_1y 0.9773949   0.96898372 116.201660 4.819542e-30
h1:inflation_expectations_3y 0.8912088   0.85072830  22.015776 1.222561e-15
h1:inflation                 0.5569752   0.39212873   3.378751 7.400754e-04
h1:economic_activity         0.2956219   0.03352777   1.127923 3.616499e-01

$diagnostic_list$`Shock: economic_activity`[[2]]
                               R-sqrd. Adj. R-sqrd.    F-stat      p-value
h2:politics                  0.7114267   0.60149408  6.471477 5.781801e-07
h2:inflation_expectations_1y 0.9514989   0.93302229 51.497481 2.138398e-22
h2:inflation_expectations_3y 0.7997749   0.72349863 10.485242 5.774543e-10
h2:inflation                 0.4093309   0.18431410  1.819113 6.110756e-02
h2:economic_activity         0.3128332   0.05105532  1.195033 3.111215e-01

$diagnostic_list$`Shock: economic_activity`[[3]]
                               R-sqrd. Adj. R-sqrd.    F-stat      p-value
h3:politics                  0.6177154   0.46853116  4.140621 1.200254e-04
h3:inflation_expectations_1y 0.9295032   0.90199220 33.786649 1.540230e-18
h3:inflation_expectations_3y 0.6997295   0.58255076  5.971472 1.898886e-06
h3:inflation                 0.4248364   0.20038233  1.892754 5.061973e-02
h3:economic_activity         0.2948142   0.01961974  1.071294 4.107111e-01

$diagnostic_list$`Shock: economic_activity`[[4]]
                               R-sqrd. Adj. R-sqrd.    F-stat      p-value
h4:politics                  0.5406692   0.35693690  2.942701 2.856926e-03
h4:inflation_expectations_1y 0.8971898   0.85606573 21.816655 7.518533e-15
h4:inflation_expectations_3y 0.6654557   0.53163795  4.972851 1.888339e-05
h4:inflation                 0.4450118   0.22301657  2.004601 3.785314e-02
h4:economic_activity         0.3334392   0.06681482  1.250595 2.750753e-01

$diagnostic_list$`Shock: economic_activity`[[5]]
                               R-sqrd. Adj. R-sqrd.     F-stat      p-value
h5:politics                  0.4150693  0.175097683  1.7296601 8.157462e-02
h5:inflation_expectations_1y 0.8545107  0.794822758 14.3163074 1.279122e-11
h5:inflation_expectations_3y 0.6261545  0.472781923  4.0825723 1.669736e-04
h5:inflation                 0.3958043  0.147929141  1.5967889 1.160526e-01
h5:economic_activity         0.2881294 -0.003920057  0.9865774 4.892182e-01

$diagnostic_list$`Shock: economic_activity`[[6]]
                               R-sqrd. Adj. R-sqrd.     F-stat      p-value
h6:politics                  0.4211762   0.17746096  1.7281487 8.311590e-02
h6:inflation_expectations_1y 0.8122575   0.73320802 10.2753051 2.628345e-09
h6:inflation_expectations_3y 0.6084187   0.44354233  3.6901514 4.743740e-04
h6:inflation                 0.4760757   0.25547595  2.1580973 2.608342e-02
h6:economic_activity         0.2622311  -0.04840848  0.8441651 6.314371e-01

$diagnostic_list$`Shock: economic_activity`[[7]]
                               R-sqrd. Adj. R-sqrd.   F-stat      p-value
h7:politics                  0.3460871   0.06331397 1.223904 2.963684e-01
h7:inflation_expectations_1y 0.7584937   0.65405854 7.262819 3.516002e-07
h7:inflation_expectations_3y 0.5357657   0.33501577 2.668821 6.870568e-03
h7:inflation                 0.4930033   0.27376142 2.248673 2.103609e-02
h7:economic_activity         0.2209952  -0.11587180 0.656031 8.160968e-01

$diagnostic_list$`Shock: economic_activity`[[8]]
                               R-sqrd. Adj. R-sqrd.   F-stat      p-value
h8:politics                  0.3194850   0.01703394 1.056320 4.274520e-01
h8:inflation_expectations_1y 0.6953649   0.55997146 5.135885 2.286269e-05
h8:inflation_expectations_3y 0.4185693   0.16015570 1.619765 1.133878e-01
h8:inflation                 0.4308658   0.17791725 1.703373 9.141793e-02
h8:economic_activity         0.4088340   0.14609355 1.556038 1.333598e-01

$diagnostic_list$`Shock: economic_activity`[[9]]
                               R-sqrd. Adj. R-sqrd.    F-stat     p-value
h9:politics                  0.3090118 -0.006868509 0.9782560 0.499035231
h9:inflation_expectations_1y 0.6418339  0.478100828 3.9200015 0.000361189
h9:inflation_expectations_3y 0.3694286  0.081167412 1.2815759 0.262107570
h9:inflation                 0.3438552  0.043903295 1.1463678 0.354708167
h9:economic_activity         0.2821257 -0.046045473 0.8596907 0.615559724

$diagnostic_list$`Shock: economic_activity`[[10]]
                                R-sqrd. Adj. R-sqrd.    F-stat     p-value
h10:politics                  0.2893586  -0.04506087 0.8652564 0.609969895
h10:inflation_expectations_1y 0.5952443   0.40477098 3.1250800 0.002564124
h10:inflation_expectations_3y 0.3399463   0.02933282 1.0944351 0.397004761
h10:inflation                 0.3510760   0.04570007 1.1496518 0.353389887
h10:economic_activity         0.3360371   0.02358402 1.0754802 0.412776342

$diagnostic_list$`Shock: economic_activity`[[11]]
                                R-sqrd. Adj. R-sqrd.    F-stat     p-value
h11:politics                  0.3430322   0.02450233 1.0769232 0.412540751
h11:inflation_expectations_1y 0.5657526   0.35520835 2.6870963 0.007993683
h11:inflation_expectations_3y 0.3692678   0.06345825 1.2075090 0.312927875
h11:inflation                 0.2463587  -0.11904311 0.6742131 0.797480272
h11:economic_activity         0.2722527  -0.08059455 0.7715880 0.703967655

$diagnostic_list$`Shock: economic_activity`[[12]]
                                R-sqrd. Adj. R-sqrd.    F-stat    p-value
h12:politics                  0.3248840 -0.012673934 0.9624541 0.51547883
h12:inflation_expectations_1y 0.5232425  0.284863737 2.1950047 0.02854833
h12:inflation_expectations_3y 0.3940963  0.091144398 1.3008544 0.25550198
h12:inflation                 0.2048473 -0.192728991 0.5152403 0.91959183
h12:economic_activity         0.3279501 -0.008074777 0.9759697 0.50281950



$specs
$specs$lags_endog_lin
SC(n) 
    1 

$specs$lags_criterion
[1] NaN

$specs$max_lags
[1] NaN

$specs$trend
[1] 0

$specs$shock_type
[1] 0

$specs$confint
[1] 1.65

$specs$hor
[1] 12

$specs$use_nw
[1] TRUE

$specs$nw_prewhite
[1] FALSE

$specs$adjust_se
[1] FALSE

$specs$use_twosls
[1] FALSE

$specs$contemp_data
$specs$contemp_data$dummy
 [1] 0 0 0 0 0 0 0 0 0 0 0 0 0 0 0 0 0 0 0 0 0 0 0 0 0 0 1 1 1 1 0 1 0 1 0 0 0 0 0 0 0 0 0 0 0 0 0 0 0 0 0 0 0 0 0 0 0 0 0 0
[61] 0

$specs$contemp_data$Jan
 [1] 0 0 0 0 0 0 0 0 0 0 0 1 0 0 0 0 0 0 0 0 0 0 0 1 0 0 0 0 0 0 0 0 0 0 0 1 0 0 0 0 0 0 0 0 0 0 0 1 0 0 0 0 0 0 0 0 0 0 0 1
[61] 0

$specs$contemp_data$Feb
 [1] 1 0 0 0 0 0 0 0 0 0 0 0 1 0 0 0 0 0 0 0 0 0 0 0 1 0 0 0 0 0 0 0 0 0 0 0 1 0 0 0 0 0 0 0 0 0 0 0 1 0 0 0 0 0 0 0 0 0 0 0
[61] 1

$specs$contemp_data$Mar
 [1] 0 1 0 0 0 0 0 0 0 0 0 0 0 1 0 0 0 0 0 0 0 0 0 0 0 1 0 0 0 0 0 0 0 0 0 0 0 1 0 0 0 0 0 0 0 0 0 0 0 1 0 0 0 0 0 0 0 0 0 0
[61] 0

$specs$contemp_data$Apr
 [1] 0 0 1 0 0 0 0 0 0 0 0 0 0 0 1 0 0 0 0 0 0 0 0 0 0 0 1 0 0 0 0 0 0 0 0 0 0 0 1 0 0 0 0 0 0 0 0 0 0 0 1 0 0 0 0 0 0 0 0 0
[61] 0

$specs$contemp_data$May
 [1] 0 0 0 1 0 0 0 0 0 0 0 0 0 0 0 1 0 0 0 0 0 0 0 0 0 0 0 1 0 0 0 0 0 0 0 0 0 0 0 1 0 0 0 0 0 0 0 0 0 0 0 1 0 0 0 0 0 0 0 0
[61] 0

$specs$contemp_data$Jun
 [1] 0 0 0 0 1 0 0 0 0 0 0 0 0 0 0 0 1 0 0 0 0 0 0 0 0 0 0 0 1 0 0 0 0 0 0 0 0 0 0 0 1 0 0 0 0 0 0 0 0 0 0 0 1 0 0 0 0 0 0 0
[61] 0

$specs$contemp_data$Jul
 [1] 0 0 0 0 0 1 0 0 0 0 0 0 0 0 0 0 0 1 0 0 0 0 0 0 0 0 0 0 0 1 0 0 0 0 0 0 0 0 0 0 0 1 0 0 0 0 0 0 0 0 0 0 0 1 0 0 0 0 0 0
[61] 0

$specs$contemp_data$Aug
 [1] 0 0 0 0 0 0 1 0 0 0 0 0 0 0 0 0 0 0 1 0 0 0 0 0 0 0 0 0 0 0 1 0 0 0 0 0 0 0 0 0 0 0 1 0 0 0 0 0 0 0 0 0 0 0 1 0 0 0 0 0
[61] 0

$specs$contemp_data$Sep
 [1] 0 0 0 0 0 0 0 1 0 0 0 0 0 0 0 0 0 0 0 1 0 0 0 0 0 0 0 0 0 0 0 1 0 0 0 0 0 0 0 0 0 0 0 1 0 0 0 0 0 0 0 0 0 0 0 1 0 0 0 0
[61] 0

$specs$contemp_data$Oct
 [1] 0 0 0 0 0 0 0 0 1 0 0 0 0 0 0 0 0 0 0 0 1 0 0 0 0 0 0 0 0 0 0 0 1 0 0 0 0 0 0 0 0 0 0 0 1 0 0 0 0 0 0 0 0 0 0 0 1 0 0 0
[61] 0


$specs$model_type
[1] 0

$specs$starts
[1] 1

$specs$ends
[1] 61

$specs$column_names
[1] "politics"                  "inflation_expectations_1y" "inflation_expectations_3y" "inflation"                
[5] "economic_activity"        

$specs$endog
[1] 5

$specs$y_lin
        politics inflation_expectations_1y inflation_expectations_3y    inflation economic_activity
2  -3.752333e-03                  2.831908                  2.884280  0.032745451        0.02976223
3  -3.061722e-02                  2.752288                  2.908013  0.002310570        0.03672057
4  -8.281932e-03                  2.980844                  2.969947  0.031662657        0.02660601
5  -2.610068e-02                  2.980844                  2.961960  0.027403122        0.04356130
6  -2.177146e-02                  2.980844                  3.000000  0.010862582        0.01757053
7  -2.382853e-02                  2.982717                  2.883912  0.009406502        0.03236078
8  -1.030667e-02                  3.000000                  3.000000  0.021640425        0.02930438
9  -1.324394e-02                  2.995079                  3.000000  0.025003951        0.02923299
10 -9.346691e-03                  3.000000                  3.000000  0.028405410        0.02229492
11 -2.893934e-02                  2.969947                  2.883912 -0.008420605        0.02323041
12 -2.986328e-02                  3.000000                  2.980844  0.008246918        0.01734758
13 -3.699766e-02                  2.969947                  2.969947 -0.002323999        0.03391158
14 -4.338488e-02                  2.793575                  2.768439  0.029025084        0.02600387
15 -2.822886e-02                  2.816437                  2.864411  0.042416785        0.02691934
16 -2.867344e-02                  2.598124                  2.693518  0.048586660        0.03757401
17 -5.476657e-02                  2.453082                  2.593332  0.003720327        0.02002637
18 -7.429615e-02                  2.670152                  2.662437 -0.006141925        0.02480201
19 -7.739339e-02                  2.590599                  2.579365  0.024993882        0.02186920
20 -1.042663e-01                  2.414448                  2.501432  0.017681720        0.02278745
21 -8.117544e-02                  2.483634                  2.374794  0.021370449        0.03620964
22 -4.996570e-02                  2.330186                  2.378875  0.034784574        0.01981848
23 -5.390644e-02                  2.347553                  2.521351  0.026361361        0.02549842
24 -6.452138e-02                  2.527644                  2.537525  0.038444527        0.02259084
25 -3.401634e-02                  2.495654                  2.537525  0.019694440        0.03781474
26 -2.541685e-02                  2.537525                  2.588670  0.009814561        0.03578346
27 -2.381875e-02                  2.537525                  2.399339 -0.050912346       -0.07956922
28 -1.628794e-02                  2.623311                  2.623311 -0.090824177       -0.77070172
29 -2.188195e-02                  3.000000                  2.610335 -0.010450429        0.21339722
30 -1.180421e-02                  2.681402                  2.473736  0.053592068        0.21330076
31 -1.151947e-02                  2.887446                  2.731703  0.061866907        0.02971606
32 -1.358613e-02                  3.000000                  2.980844  0.053808986        0.15791953
33 -1.776433e-02                  2.980844                  2.742111  0.028930510        0.07717705
34 -2.488519e-02                  2.836102                  2.702108  0.011918979        0.10115859
35 -1.526538e-02                  2.962508                  2.819740  0.024543630        0.04507153
36 -1.062061e-02                  3.000000                  2.980844  0.057557700        0.01677041
37  2.792673e-03                  3.046669                  3.028186  0.028496735        0.06736316
38 -4.857598e-03                  3.090884                  3.000000  0.045997380        0.05066022
39 -2.039264e-06                  3.244256                  3.092952  0.059503194        0.06160136
40  2.659291e-03                  3.360180                  3.098045  0.082225516        0.03720211
41  3.664400e-03                  4.000000                  3.569710  0.082531234        0.06412900
42 -1.864351e-04                  4.801745                  3.546918  0.098347464        0.05475905
43 -1.515970e-03                  4.842451                  3.711669  0.054649100        0.08879717
44  4.287129e-04                  5.179827                  3.999662  0.049840953        0.06602323
45  4.872667e-03                  5.310169                  4.193985  0.052018077        0.07861505
46  7.730068e-03                  5.653467                  4.211177  0.114305741        0.06819482
47  1.408586e-02                  6.000000                  4.011200  0.098833469        0.06879133
48  1.511592e-03                  5.990274                  4.000000  0.097421769        0.06937609
49  7.304047e-03                  5.788440                  3.477248  0.075404740        0.03542764
50  4.253136e-03                  6.000000                  3.774801  0.088488916        0.07849205
51  2.510209e-03                  6.583898                  3.674923  0.126900569        0.05112829
52  3.738700e-03                  6.345438                  3.902376  0.048497289        0.04431433
53 -1.861967e-03                  6.576015                  3.879077  0.115684054        0.03389257
54  2.987791e-05                  6.775855                  3.618484  0.151285219        0.03843642
55 -1.120562e-03                  6.223626                  3.182451 -0.004064650        0.05041760
56 -1.169201e-02                  5.745714                  2.755268  0.028517738        0.02896168
57 -7.678889e-03                  5.440794                  2.909971  0.050566174        0.04915587
58 -1.117430e-02                  5.944291                  3.110663  0.060045147        0.03059615
59 -1.139205e-02                  5.228549                  2.997374  0.024858721        0.04330825
60 -8.950596e-03                  4.993469                  2.992784  0.015857387        0.03585464
61 -1.364690e-02                  4.954980                  2.711993  0.063675095        0.04576300

$specs$x_lin
   politics_lag_1 inflation_expectations_1y_lag_1 inflation_expectations_3y_lag_1 inflation_lag_1 economic_activity_lag_1
2   -5.297478e-03                        2.711993                        2.793575     0.052137819              0.02580719
3   -3.752333e-03                        2.831908                        2.884280     0.032745451              0.02976223
4   -3.061722e-02                        2.752288                        2.908013     0.002310570              0.03672057
5   -8.281932e-03                        2.980844                        2.969947     0.031662657              0.02660601
6   -2.610068e-02                        2.980844                        2.961960     0.027403122              0.04356130
7   -2.177146e-02                        2.980844                        3.000000     0.010862582              0.01757053
8   -2.382853e-02                        2.982717                        2.883912     0.009406502              0.03236078
9   -1.030667e-02                        3.000000                        3.000000     0.021640425              0.02930438
10  -1.324394e-02                        2.995079                        3.000000     0.025003951              0.02923299
11  -9.346691e-03                        3.000000                        3.000000     0.028405410              0.02229492
12  -2.893934e-02                        2.969947                        2.883912    -0.008420605              0.02323041
13  -2.986328e-02                        3.000000                        2.980844     0.008246918              0.01734758
14  -3.699766e-02                        2.969947                        2.969947    -0.002323999              0.03391158
15  -4.338488e-02                        2.793575                        2.768439     0.029025084              0.02600387
16  -2.822886e-02                        2.816437                        2.864411     0.042416785              0.02691934
17  -2.867344e-02                        2.598124                        2.693518     0.048586660              0.03757401
18  -5.476657e-02                        2.453082                        2.593332     0.003720327              0.02002637
19  -7.429615e-02                        2.670152                        2.662437    -0.006141925              0.02480201
20  -7.739339e-02                        2.590599                        2.579365     0.024993882              0.02186920
21  -1.042663e-01                        2.414448                        2.501432     0.017681720              0.02278745
22  -8.117544e-02                        2.483634                        2.374794     0.021370449              0.03620964
23  -4.996570e-02                        2.330186                        2.378875     0.034784574              0.01981848
24  -5.390644e-02                        2.347553                        2.521351     0.026361361              0.02549842
25  -6.452138e-02                        2.527644                        2.537525     0.038444527              0.02259084
26  -3.401634e-02                        2.495654                        2.537525     0.019694440              0.03781474
27  -2.541685e-02                        2.537525                        2.588670     0.009814561              0.03578346
28  -2.381875e-02                        2.537525                        2.399339    -0.050912346             -0.07956922
29  -1.628794e-02                        2.623311                        2.623311    -0.090824177             -0.77070172
30  -2.188195e-02                        3.000000                        2.610335    -0.010450429              0.21339722
31  -1.180421e-02                        2.681402                        2.473736     0.053592068              0.21330076
32  -1.151947e-02                        2.887446                        2.731703     0.061866907              0.02971606
33  -1.358613e-02                        3.000000                        2.980844     0.053808986              0.15791953
34  -1.776433e-02                        2.980844                        2.742111     0.028930510              0.07717705
35  -2.488519e-02                        2.836102                        2.702108     0.011918979              0.10115859
36  -1.526538e-02                        2.962508                        2.819740     0.024543630              0.04507153
37  -1.062061e-02                        3.000000                        2.980844     0.057557700              0.01677041
38   2.792673e-03                        3.046669                        3.028186     0.028496735              0.06736316
39  -4.857598e-03                        3.090884                        3.000000     0.045997380              0.05066022
40  -2.039264e-06                        3.244256                        3.092952     0.059503194              0.06160136
41   2.659291e-03                        3.360180                        3.098045     0.082225516              0.03720211
42   3.664400e-03                        4.000000                        3.569710     0.082531234              0.06412900
43  -1.864351e-04                        4.801745                        3.546918     0.098347464              0.05475905
44  -1.515970e-03                        4.842451                        3.711669     0.054649100              0.08879717
45   4.287129e-04                        5.179827                        3.999662     0.049840953              0.06602323
46   4.872667e-03                        5.310169                        4.193985     0.052018077              0.07861505
47   7.730068e-03                        5.653467                        4.211177     0.114305741              0.06819482
48   1.408586e-02                        6.000000                        4.011200     0.098833469              0.06879133
49   1.511592e-03                        5.990274                        4.000000     0.097421769              0.06937609
50   7.304047e-03                        5.788440                        3.477248     0.075404740              0.03542764
51   4.253136e-03                        6.000000                        3.774801     0.088488916              0.07849205
52   2.510209e-03                        6.583898                        3.674923     0.126900569              0.05112829
53   3.738700e-03                        6.345438                        3.902376     0.048497289              0.04431433
54  -1.861967e-03                        6.576015                        3.879077     0.115684054              0.03389257
55   2.987791e-05                        6.775855                        3.618484     0.151285219              0.03843642
56  -1.120562e-03                        6.223626                        3.182451    -0.004064650              0.05041760
57  -1.169201e-02                        5.745714                        2.755268     0.028517738              0.02896168
58  -7.678889e-03                        5.440794                        2.909971     0.050566174              0.04915587
59  -1.117430e-02                        5.944291                        3.110663     0.060045147              0.03059615
60  -1.139205e-02                        5.228549                        2.997374     0.024858721              0.04330825
61  -8.950596e-03                        4.993469                        2.992784     0.015857387              0.03585464
   dummy Jan Feb Mar Apr May Jun Jul Aug Sep Oct
2      0   0   0   1   0   0   0   0   0   0   0
3      0   0   0   0   1   0   0   0   0   0   0
4      0   0   0   0   0   1   0   0   0   0   0
5      0   0   0   0   0   0   1   0   0   0   0
6      0   0   0   0   0   0   0   1   0   0   0
7      0   0   0   0   0   0   0   0   1   0   0
8      0   0   0   0   0   0   0   0   0   1   0
9      0   0   0   0   0   0   0   0   0   0   1
10     0   0   0   0   0   0   0   0   0   0   0
11     0   0   0   0   0   0   0   0   0   0   0
12     0   1   0   0   0   0   0   0   0   0   0
13     0   0   1   0   0   0   0   0   0   0   0
14     0   0   0   1   0   0   0   0   0   0   0
15     0   0   0   0   1   0   0   0   0   0   0
16     0   0   0   0   0   1   0   0   0   0   0
17     0   0   0   0   0   0   1   0   0   0   0
18     0   0   0   0   0   0   0   1   0   0   0
19     0   0   0   0   0   0   0   0   1   0   0
20     0   0   0   0   0   0   0   0   0   1   0
21     0   0   0   0   0   0   0   0   0   0   1
22     0   0   0   0   0   0   0   0   0   0   0
23     0   0   0   0   0   0   0   0   0   0   0
24     0   1   0   0   0   0   0   0   0   0   0
25     0   0   1   0   0   0   0   0   0   0   0
26     0   0   0   1   0   0   0   0   0   0   0
27     1   0   0   0   1   0   0   0   0   0   0
28     1   0   0   0   0   1   0   0   0   0   0
29     1   0   0   0   0   0   1   0   0   0   0
30     1   0   0   0   0   0   0   1   0   0   0
31     0   0   0   0   0   0   0   0   1   0   0
32     1   0   0   0   0   0   0   0   0   1   0
33     0   0   0   0   0   0   0   0   0   0   1
34     1   0   0   0   0   0   0   0   0   0   0
35     0   0   0   0   0   0   0   0   0   0   0
36     0   1   0   0   0   0   0   0   0   0   0
37     0   0   1   0   0   0   0   0   0   0   0
38     0   0   0   1   0   0   0   0   0   0   0
39     0   0   0   0   1   0   0   0   0   0   0
40     0   0   0   0   0   1   0   0   0   0   0
41     0   0   0   0   0   0   1   0   0   0   0
42     0   0   0   0   0   0   0   1   0   0   0
43     0   0   0   0   0   0   0   0   1   0   0
44     0   0   0   0   0   0   0   0   0   1   0
45     0   0   0   0   0   0   0   0   0   0   1
46     0   0   0   0   0   0   0   0   0   0   0
47     0   0   0   0   0   0   0   0   0   0   0
48     0   1   0   0   0   0   0   0   0   0   0
49     0   0   1   0   0   0   0   0   0   0   0
50     0   0   0   1   0   0   0   0   0   0   0
51     0   0   0   0   1   0   0   0   0   0   0
52     0   0   0   0   0   1   0   0   0   0   0
53     0   0   0   0   0   0   1   0   0   0   0
54     0   0   0   0   0   0   0   1   0   0   0
55     0   0   0   0   0   0   0   0   1   0   0
56     0   0   0   0   0   0   0   0   0   1   0
57     0   0   0   0   0   0   0   0   0   0   1
58     0   0   0   0   0   0   0   0   0   0   0
59     0   0   0   0   0   0   0   0   0   0   0
60     0   1   0   0   0   0   0   0   0   0   0
61     0   0   1   0   0   0   0   0   0   0   0


attr(,"class")
[1] "lpirfs_lin_obj"
