[1] "pent_up_demand"       "djn level estimation"
                   1             2             3             4             5             6
AIC(n) -2.773356e+01 -2.790595e+01 -2.825525e+01 -2.887302e+01 -2.954969e+01 -3.061840e+01
HQ(n)  -2.653390e+01 -2.635344e+01 -2.634990e+01 -2.661483e+01 -2.693866e+01 -2.765453e+01
SC(n)  -2.463132e+01 -2.389128e+01 -2.332816e+01 -2.303350e+01 -2.279775e+01 -2.295404e+01
FPE(n)  1.001954e-12  9.622913e-13  8.515119e-13  6.649062e-13  6.133258e-13  5.627428e-13
                   1             2             3             4             5             6
AIC(n) -2.773356e+01 -2.790595e+01 -2.825525e+01 -2.887302e+01 -2.954969e+01 -3.061840e+01
HQ(n)  -2.653390e+01 -2.635344e+01 -2.634990e+01 -2.661483e+01 -2.693866e+01 -2.765453e+01
SC(n)  -2.463132e+01 -2.389128e+01 -2.332816e+01 -2.303350e+01 -2.279775e+01 -2.295404e+01
FPE(n)  1.001954e-12  9.622913e-13  8.515119e-13  6.649062e-13  6.133258e-13  5.627428e-13
$irf_lin_mean
, , 1

             [,1]          [,2]          [,3]          [,4]         [,5]         [,6]         [,7]          [,8]
[1,]  0.006105312  0.0007928958 -0.0001822851  0.0002121134 -0.001886299 -0.002122844  0.000230835  8.490808e-05
[2,] -0.002354364  0.0724141825  0.0916985277  0.0499407912  0.055213443  0.058450298  0.018849010 -3.281376e-03
[3,]  0.010328240  0.0227966090  0.0279327316 -0.0057251165  0.022383763  0.004915394 -0.007151507 -1.974387e-02
[4,]  0.004961507  0.0011154394 -0.0042316519 -0.0077128888  0.001995481  0.005078721  0.001266164  4.976031e-03
[5,]  0.016065688 -0.0340990626 -0.0106276701 -0.0241976326 -0.013823803  0.010868680  0.019304408  3.488169e-03
              [,9]         [,10]         [,11]        [,12]        [,13]
[1,] -0.0001353681  0.0003889447 -0.0008503121 -0.001468059 -0.003716962
[2,]  0.0306345125  0.0007687104 -0.0131265762 -0.007141916  0.021918758
[3,] -0.0061379491 -0.0294631240 -0.0323226260  0.003734575  0.008492197
[4,] -0.0002275277 -0.0115665714 -0.0082906800 -0.005408046 -0.004730953
[5,] -0.0007701858 -0.0160241748 -0.0127262353 -0.013234918 -0.004947381

, , 2

             [,1]        [,2]          [,3]          [,4]          [,5]          [,6]          [,7]         [,8]
[1,]  0.000000000 0.000619085  0.0005208247 -0.0002574165 -0.0001471324 -0.0006429557 -0.0008658226 -0.001583585
[2,]  0.164580119 0.112077060  0.0739615515  0.0598704782  0.0569201775  0.0143290990 -0.0323240782 -0.038633172
[3,]  0.069105064 0.038641348  0.0031714025 -0.0109143642 -0.0130658134 -0.0368738900 -0.0311260860 -0.038300268
[4,]  0.011069125 0.002330085 -0.0015415119  0.0007071421 -0.0032826798 -0.0041431908 -0.0043272394 -0.002773666
[5,] -0.001494783 0.012902390 -0.0048120218 -0.0060184949 -0.0032151010 -0.0016376424 -0.0042653739 -0.006147579
              [,9]         [,10]         [,11]         [,12]        [,13]
[1,] -0.0006656898 -0.0007362469 -0.0007633323 -3.114918e-05 -0.001986889
[2,] -0.0826197664 -0.0886651490 -0.0813514970 -7.041337e-02 -0.072373365
[3,] -0.0545195138 -0.0614452160 -0.0438753250 -1.338591e-02 -0.013965142
[4,] -0.0054173901 -0.0064459995 -0.0029715005 -3.534283e-03 -0.009689652
[5,]  0.0017071316 -0.0029964560  0.0038185186  3.864233e-03 -0.027300117

, , 3

             [,1]         [,2]         [,3]         [,4]         [,5]         [,6]        [,7]        [,8]         [,9]
[1,]  0.000000000 0.0004243488  0.001509905 0.0001786876  0.001489075  0.002961320 0.001492303 0.003674693  0.001360997
[2,]  0.000000000 0.0476353704  0.003090880 0.0411501105  0.032214861  0.073987331 0.154978768 0.085018773  0.094570464
[3,]  0.139949664 0.0798089319  0.039738153 0.0073227332 -0.010268165  0.031793586 0.061377266 0.079537028  0.035617351
[4,] -0.004139423 0.0060238996  0.003729877 0.0056494976  0.009752034  0.006681235 0.013864719 0.009913565  0.010235863
[5,] -0.011029529 0.0063584115 -0.001545789 0.0034332890  0.014915855 -0.002204200 0.027690878 0.037477725 -0.001116836
            [,10]         [,11]        [,12]        [,13]
[1,]  0.002829549  2.075928e-05 -0.001273875 -0.000372006
[2,]  0.081441249  8.827603e-02  0.006025403 -0.027239252
[3,]  0.013780460 -5.912283e-02 -0.114998888 -0.079707873
[4,]  0.006851864 -2.899400e-03 -0.008417800 -0.008177548
[5,] -0.010356470 -2.999411e-02 -0.007260081 -0.007819488

, , 4

           [,1]         [,2]          [,3]          [,4]         [,5]          [,6]          [,7]         [,8]          [,9]
[1,] 0.00000000  0.002454698  0.0015472890  0.0016825967  0.001046421 -0.0004670493 -0.0003840263 -0.001013839  0.0001052205
[2,] 0.00000000 -0.022928088 -0.0016931554 -0.0146240652  0.020558691  0.0227668056  0.0045791967  0.002347622 -0.0387886282
[3,] 0.00000000  0.007161206 -0.0127464307 -0.0160449331  0.000346720  0.0147877765  0.0352229190  0.005312245 -0.0205618669
[4,] 0.02610982  0.008796776 -0.0009985119  0.0008896937 -0.001954554  0.0003446676  0.0012392600  0.006926501  0.0037517904
[5,] 0.04878478  0.026318062 -0.0138910266  0.0131102916 -0.001322427 -0.0129020547 -0.0051050982  0.010323471  0.0038909900
            [,10]        [,11]       [,12]        [,13]
[1,]  0.001377971  0.002801605 0.002266900 -0.001433286
[2,] -0.018615547  0.002445638 0.071207063  0.088554369
[3,] -0.038939857 -0.009153443 0.028915878  0.068989680
[4,]  0.005047505  0.008384449 0.003504563 -0.006505137
[5,]  0.010958482  0.026182078 0.007539128 -0.032155227

, , 5

           [,1]         [,2]         [,3]          [,4]          [,5]          [,6]          [,7]         [,8]          [,9]
[1,] 0.00000000  0.001714294 -0.001420783  0.0007262748  6.047591e-05 -0.0007208717  0.0007009942  0.001095343  0.0001526174
[2,] 0.00000000 -0.043267272  0.029323124  0.0138044236 -5.223864e-02 -0.0681183112 -0.0035199385 -0.037067182 -0.0101440873
[3,] 0.00000000 -0.006023646  0.038060675  0.0018542278 -5.932696e-02 -0.0233145053 -0.0034977339  0.001797950  0.0105963303
[4,] 0.00000000  0.002684792  0.001604011 -0.0032570705 -2.441622e-03 -0.0001276875  0.0090174576  0.002175328 -0.0011634242
[5,] 0.08827991 -0.017948790 -0.022662807  0.0103513712 -2.711495e-03  0.0089710120  0.0076392929  0.003881807  0.0094287201
             [,10]         [,11]         [,12]         [,13]
[1,]  0.0011364366 -0.0002345094  5.709577e-05  0.0006315678
[2,] -0.0157498802  0.0058275379  4.801355e-03  0.0101287642
[3,]  0.0017320892  0.0066180128 -1.122445e-02  0.0229062852
[4,]  0.0043590939  0.0001428718  8.835021e-04 -0.0039095334
[5,] -0.0002324502 -0.0100022795  2.836847e-03 -0.0196144576


$irf_lin_low
, , 1

             [,1]         [,2]         [,3]         [,4]         [,5]         [,6]        [,7]         [,8]         [,9]
[1,]  0.006105312 -0.001429818 -0.002166408 -0.001592402 -0.004508713 -0.003506584 -0.00206253 -0.001668141 -0.002033561
[2,] -0.002354364  0.018188075  0.012039882 -0.030911071 -0.007533245  0.006995384 -0.04603160 -0.077931248 -0.026758746
[3,]  0.010328240 -0.018546407 -0.012693025 -0.064886150 -0.019379429 -0.042888379 -0.06141560 -0.069887434 -0.045992418
[4,]  0.004961507 -0.008857184 -0.015426100 -0.018814165 -0.007333906 -0.001741497 -0.01124449 -0.002968529 -0.008344494
[5,]  0.016065688 -0.080643303 -0.036043986 -0.059707636 -0.037664798 -0.011113449 -0.01091601 -0.017269259 -0.015100188
            [,10]        [,11]        [,12]        [,13]
[1,] -0.001238946 -0.002777513 -0.004080377 -0.006432723
[2,] -0.083252757 -0.094841330 -0.077846009 -0.051228734
[3,] -0.064747606 -0.070499633 -0.038982405 -0.039547556
[4,] -0.021977940 -0.020153796 -0.014418553 -0.014936907
[5,] -0.044117954 -0.041372142 -0.041316208 -0.023743196

, , 2

             [,1]         [,2]         [,3]         [,4]         [,5]        [,6]         [,7]         [,8]        [,9]
[1,]  0.000000000 -0.001716596 -0.001706692 -0.002645222 -0.002594727 -0.00233655 -0.003496101 -0.004379413 -0.00364635
[2,]  0.164580119  0.053426739 -0.035402333 -0.062266481 -0.050233111 -0.08374208 -0.119615033 -0.145890822 -0.19483599
[3,]  0.069105064 -0.032671568 -0.077241157 -0.095331612 -0.081782508 -0.10269402 -0.092668134 -0.107627158 -0.11494867
[4,]  0.011069125 -0.006760817 -0.014622545 -0.013074596 -0.012280313 -0.01278557 -0.015426659 -0.016571246 -0.01686249
[5,] -0.001494783 -0.019404525 -0.033418984 -0.031062088 -0.023568532 -0.03542536 -0.034086788 -0.067489904 -0.02020445
            [,10]        [,11]        [,12]        [,13]
[1,] -0.002665945 -0.003347612 -0.003550739 -0.004645009
[2,] -0.164469759 -0.143208620 -0.166554599 -0.162520841
[3,] -0.132304277 -0.121754989 -0.079799586 -0.084076023
[4,] -0.015702455 -0.014751539 -0.017292385 -0.026553211
[5,] -0.026924141 -0.043361843 -0.044580040 -0.065055488

, , 3

             [,1]         [,2]          [,3]          [,4]          [,5]         [,6]         [,7]          [,8]
[1,]  0.000000000 -0.001050264  0.0006213611 -0.0007651430  0.0005693874  0.002237791 0.0003318502  1.697031e-03
[2,]  0.000000000  0.024457499 -0.0621902545 -0.0118278927 -0.0153358620  0.038404350 0.1079040888  1.817170e-02
[3,]  0.139949664  0.049676238  0.0069889475 -0.0261619808 -0.0209207171  0.016240711 0.0346935011  4.357104e-02
[4,] -0.004139423  0.003004843 -0.0024359757 -0.0008709467  0.0061335386  0.002815174 0.0060829076  6.123537e-05
[5,] -0.011029529  0.000984602 -0.0157802817 -0.0065293036  0.0023192824 -0.012747645 0.0053635316 -3.928431e-03
              [,9]        [,10]        [,11]        [,12]        [,13]
[1,] -0.0007700482  0.001586198 -0.001382420 -0.002070498 -0.001243053
[2,]  0.0358685475  0.052625799  0.071075534 -0.037946018 -0.074500205
[3,]  0.0023717334 -0.012558355 -0.100509113 -0.146553417 -0.124087097
[4,]  0.0033597098  0.004827606 -0.008882348 -0.013273511 -0.010080174
[5,] -0.0128758491 -0.016634932 -0.048053213 -0.022142208 -0.011990545

, , 4

           [,1]          [,2]          [,3]          [,4]         [,5]         [,6]         [,7]         [,8]         [,9]
[1,] 0.00000000  0.0007735879 -0.0005334161 -0.0001801569 -0.001032315 -0.001803290 -0.003264942 -0.002942032 -0.001910213
[2,] 0.00000000 -0.0656283796 -0.0649146204 -0.1004675780 -0.044904768 -0.058888243 -0.086412898 -0.088497161 -0.131708316
[3,] 0.00000000 -0.0430769910 -0.0628151548 -0.0696046642 -0.050952631 -0.039258610 -0.015463477 -0.038571246 -0.049160348
[4,] 0.02610982 -0.0009112417 -0.0117663201 -0.0094644724 -0.007549283 -0.007150735 -0.008412826 -0.001498508 -0.004663196
[5,] 0.04878478 -0.0187291162 -0.0411325131 -0.0085661703 -0.016116147 -0.033907331 -0.031809524 -0.017218138 -0.011956086
             [,10]         [,11]         [,12]        [,13]
[1,] -0.0004736031  0.0005345184 -0.0004709738 -0.003631545
[2,] -0.0810272027 -0.0516453653  0.0176536500  0.003482560
[3,] -0.0935093757 -0.0559803764 -0.0118760692  0.002334905
[4,] -0.0073471287 -0.0004127827 -0.0043155828 -0.026324583
[5,] -0.0195343172 -0.0231966833 -0.0201732131 -0.073670558

, , 5

           [,1]          [,2]         [,3]          [,4]          [,5]         [,6]         [,7]          [,8]          [,9]
[1,] 0.00000000  0.0007623155 -0.002443325 -9.321999e-05 -0.0008145088 -0.001475519 -0.000674602  0.0001124222 -0.0009998638
[2,] 0.00000000 -0.0653616460 -0.007539922 -2.722543e-02 -0.0868672298 -0.108098559 -0.056024713 -0.0751758190 -0.0449678009
[3,] 0.00000000 -0.0259521548  0.010022311 -2.582430e-02 -0.0813495585 -0.046585930 -0.029752611 -0.0132109940 -0.0028469645
[4,] 0.00000000 -0.0032599252 -0.005938471 -7.870494e-03 -0.0047339928 -0.004066556  0.004526181 -0.0019843584 -0.0057655475
[5,] 0.08827991 -0.0429096890 -0.040239802  2.382051e-03 -0.0085417913  0.001905483 -0.008771358 -0.0044531011  0.0001314287
             [,10]         [,11]        [,12]         [,13]
[1,] -5.404838e-05 -0.0009096016 -0.001006155 -0.0001445711
[2,] -4.531237e-02 -0.0185646100 -0.015284175 -0.0340077801
[3,] -1.013879e-02 -0.0130960984 -0.035845715 -0.0053942980
[4,] -2.276229e-04 -0.0025487210 -0.003160271 -0.0136480526
[5,] -1.021075e-02 -0.0260396774 -0.008172406 -0.0506799743


$irf_lin_up
, , 1

             [,1]       [,2]        [,3]        [,4]        [,5]          [,6]       [,7]        [,8]        [,9]
[1,]  0.006105312 0.00301561 0.001801837 0.002016629 0.000736115 -0.0007391042 0.00252420 0.001837957 0.001762825
[2,] -0.002354364 0.12664029 0.171357173 0.130792653 0.117960131  0.1099052114 0.08372962 0.071368496 0.088027771
[3,]  0.010328240 0.06413963 0.068558488 0.053435917 0.064146954  0.0527191674 0.04711259 0.030399702 0.033716520
[4,]  0.004961507 0.01108806 0.006962796 0.003388388 0.011324868  0.0118989386 0.01377682 0.012920590 0.007889439
[5,]  0.016065688 0.01244518 0.014788646 0.011312371 0.010017191  0.0328508079 0.04952483 0.024245596 0.013559816
            [,10]       [,11]       [,12]        [,13]
[1,]  0.002016836 0.001076889 0.001144258 -0.001001201
[2,]  0.084790178 0.068588177 0.063562178  0.095066251
[3,]  0.005821357 0.005854381 0.046451556  0.056531949
[4,] -0.001155203 0.003572436 0.003602461  0.005475001
[5,]  0.012069604 0.015919671 0.014846373  0.013848434

, , 2

             [,1]        [,2]        [,3]        [,4]        [,5]        [,6]        [,7]        [,8]        [,9]
[1,]  0.000000000 0.002954766 0.002748341 0.002130389 0.002300462 0.001050639 0.001764455 0.001212243 0.002314970
[2,]  0.164580119 0.170727381 0.183325436 0.182007437 0.164073466 0.112400279 0.054966877 0.068624479 0.029596452
[3,]  0.069105064 0.109954264 0.083583962 0.073502883 0.055650881 0.028946238 0.030415962 0.031026623 0.005909640
[4,]  0.011069125 0.011420988 0.011539521 0.014488880 0.005714954 0.004499185 0.006772181 0.011023915 0.006027708
[5,] -0.001494783 0.045209305 0.023794940 0.019025098 0.017138330 0.032150077 0.025556040 0.055194746 0.023618712
            [,10]        [,11]      [,12]        [,13]
[1,]  0.001193452  0.001820948 0.00348844 0.0006712312
[2,] -0.012860540 -0.019494374 0.02572785 0.0177741108
[3,]  0.009413845  0.034004339 0.05302776 0.0561457387
[4,]  0.002810456  0.008808538 0.01022382 0.0071739067
[5,]  0.020931229  0.050998880 0.05230851 0.0104552544

, , 3

             [,1]        [,2]        [,3]        [,4]         [,5]        [,6]        [,7]        [,8]        [,9]
[1,]  0.000000000 0.001898961 0.002398448 0.001122518 0.0024087633 0.003684849 0.002652756 0.005652356 0.003492042
[2,]  0.000000000 0.070813242 0.068372015 0.094128114 0.0797655841 0.109570312 0.202053447 0.151865848 0.153272380
[3,]  0.139949664 0.109941626 0.072487359 0.040807447 0.0003843871 0.047346461 0.088061030 0.115503018 0.068862968
[4,] -0.004139423 0.009042957 0.009895729 0.012169942 0.0133705300 0.010547296 0.021646530 0.019765896 0.017112015
[5,] -0.011029529 0.011732221 0.012688705 0.013395882 0.0275124280 0.008339246 0.050018225 0.078883880 0.010642177
            [,10]        [,11]         [,12]         [,13]
[1,]  0.004072901  0.001423939 -0.0004772518  0.0004990413
[2,]  0.110256699  0.105476525  0.0499968235  0.0200217004
[3,]  0.040119275 -0.017736537 -0.0834443582 -0.0353286487
[4,]  0.008876121  0.003083549 -0.0035620898 -0.0062749219
[5,] -0.004078008 -0.011935010  0.0076220472 -0.0036484310

, , 4

           [,1]        [,2]        [,3]       [,4]        [,5]         [,6]       [,7]         [,8]        [,9]       [,10]
[1,] 0.00000000 0.004135808 0.003627994 0.00354535 0.003125158 0.0008691915 0.00249689 0.0009143539 0.002120654 0.003229544
[2,] 0.00000000 0.019772204 0.061528310 0.07121945 0.086022151 0.1044218544 0.09557129 0.0931924049 0.054131060 0.043796110
[3,] 0.00000000 0.057399403 0.037322293 0.03751480 0.051646071 0.0688341635 0.08590932 0.0491957350 0.008036614 0.015629661
[4,] 0.02610982 0.018504794 0.009769296 0.01124386 0.003640174 0.0078400705 0.01089135 0.0153515092 0.012166777 0.017442138
[5,] 0.04878478 0.071365240 0.013350460 0.03478675 0.013471294 0.0081032220 0.02159933 0.0378650792 0.019738066 0.041451281
           [,11]       [,12]        [,13]
[1,] 0.005068692 0.005004774 0.0007649726
[2,] 0.056536641 0.124760475 0.1736261790
[3,] 0.037673490 0.069707825 0.1356444555
[4,] 0.017181681 0.011324709 0.0133143094
[5,] 0.075560840 0.035251469 0.0093601045

, , 5

           [,1]         [,2]          [,3]        [,4]          [,5]          [,6]       [,7]        [,8]        [,9]
[1,] 0.00000000  0.002666272 -0.0003982418 0.001545770  0.0009354606  3.377568e-05 0.00207659 0.002078264 0.001305099
[2,] 0.00000000 -0.021172898  0.0661861694 0.054834274 -0.0176100461 -2.813806e-02 0.04898484 0.001041456 0.024679626
[3,] 0.00000000  0.013904863  0.0660990378 0.029532760 -0.0373043708 -4.308052e-05 0.02275714 0.016806894 0.024039625
[4,] 0.00000000  0.008629509  0.0091464933 0.001356353 -0.0001492514  3.811181e-03 0.01350873 0.006335014 0.003438699
[5,] 0.08827991  0.007012109 -0.0050858117 0.018320691  0.0031188003  1.603654e-02 0.02404994 0.012216716 0.018726011
           [,10]        [,11]       [,12]       [,13]
[1,] 0.002326922 0.0004405827 0.001120347 0.001407707
[2,] 0.013812608 0.0302196857 0.024886885 0.054265308
[3,] 0.013602968 0.0263321240 0.013396813 0.051206868
[4,] 0.008945811 0.0028344646 0.004927275 0.005828986
[5,] 0.009745845 0.0060351184 0.013846101 0.011451059


$diagnostic_list
$diagnostic_list$`Shock: pent_up_demand`
$diagnostic_list$`Shock: pent_up_demand`[[1]]
                               R-sqrd. Adj. R-sqrd.   F-stat      p-value
h1:pent_up_demand            0.4203033    0.2046022 1.948545 4.176685e-02
h1:inflation_expectations_1y 0.6795789    0.5603524 5.699900 2.508410e-06
h1:inflation_expectations_3y 0.4106523    0.1913601 1.872626 5.178083e-02
h1:inflation                 0.3728079    0.1394341 1.597471 1.110876e-01
h1:economic_activity         0.3914101    0.1649581 1.728446 7.753699e-02

$diagnostic_list$`Shock: pent_up_demand`[[2]]
                               R-sqrd. Adj. R-sqrd.    F-stat    p-value
h2:pent_up_demand            0.4246511   0.20547056 1.9374489 0.04388400
h2:inflation_expectations_1y 0.4440890   0.23231338 2.0969789 0.02797117
h2:inflation_expectations_3y 0.2013638  -0.10287851 0.6618534 0.81319184
h2:inflation                 0.1691111  -0.14741797 0.5342672 0.91268044
h2:economic_activity         0.2878927   0.01661375 1.0612423 0.41887982

$diagnostic_list$`Shock: pent_up_demand`[[3]]
                                R-sqrd. Adj. R-sqrd.    F-stat   p-value
h3:pent_up_demand            0.33365051   0.07361168 1.2830796 0.2534190
h3:inflation_expectations_1y 0.31237407   0.04403224 1.1640901 0.3349969
h3:inflation_expectations_3y 0.05735364  -0.31050836 0.1559107 0.9998882
h3:inflation                 0.17036254  -0.15339842 0.5261985 0.9173404
h3:economic_activity         0.32609003   0.06310077 1.2399367 0.2809803

$diagnostic_list$`Shock: pent_up_demand`[[4]]
                               R-sqrd. Adj. R-sqrd.    F-stat   p-value
h4:pent_up_demand            0.2223431 -0.088719628 0.7147854 0.7626375
h4:inflation_expectations_1y 0.3127976  0.037916660 1.1379385 0.3561625
h4:inflation_expectations_3y 0.2260455 -0.083536367 0.7301638 0.7475860
h4:inflation                 0.1992769 -0.121012376 0.6221778 0.8467998
h4:economic_activity         0.2914556  0.008037903 1.0283606 0.4496930

$diagnostic_list$`Shock: pent_up_demand`[[5]]
                               R-sqrd. Adj. R-sqrd.    F-stat   p-value
h5:pent_up_demand            0.3337829   0.06046309 1.2212174 0.2958241
h5:inflation_expectations_1y 0.3436472   0.07437429 1.2762041 0.2600137
h5:inflation_expectations_3y 0.2623347  -0.04029722 0.8668441 0.6082242
h5:inflation                 0.1921727  -0.13924363 0.5798528 0.8797928
h5:economic_activity         0.2760639  -0.02093546 0.9295101 0.5448375

$diagnostic_list$`Shock: pent_up_demand`[[6]]
                               R-sqrd.  Adj. R-sqrd.    F-stat   p-value
h6:pent_up_demand            0.1719704 -0.1766736886 0.4932548 0.9351375
h6:inflation_expectations_1y 0.3919747  0.1359639818 1.5310872 0.1390948
h6:inflation_expectations_3y 0.3347976  0.0547123183 1.1953417 0.3150520
h6:inflation                 0.2963812  0.0001206083 1.0004071 0.4766635
h6:economic_activity         0.2577234 -0.0548141747 0.8246157 0.6514687

$diagnostic_list$`Shock: pent_up_demand`[[7]]
                               R-sqrd.  Adj. R-sqrd.    F-stat    p-value
h7:pent_up_demand            0.3016295 -0.0003684942 0.9987798 0.47872068
h7:inflation_expectations_1y 0.3576023  0.0798086884 1.2872949 0.25582485
h7:inflation_expectations_3y 0.4662006  0.2353684655 2.0196520 0.03888443
h7:inflation                 0.2248894 -0.1102935847 0.6709451 0.80265054
h7:economic_activity         0.1681069 -0.1916306462 0.4673043 0.94783975

$diagnostic_list$`Shock: pent_up_demand`[[8]]
                               R-sqrd. Adj. R-sqrd.    F-stat    p-value
h8:pent_up_demand            0.1103118  -0.28510516 0.2789759 0.99580625
h8:inflation_expectations_1y 0.4961323   0.27219114 2.2154582 0.02371599
h8:inflation_expectations_3y 0.2920301  -0.02262319 0.9281012 0.54702422
h8:inflation                 0.2343646  -0.10591779 0.6887356 0.78571411
h8:economic_activity         0.2543494  -0.07705093 0.7674989 0.70904615

$diagnostic_list$`Shock: pent_up_demand`[[9]]
                               R-sqrd. Adj. R-sqrd.    F-stat    p-value
h9:pent_up_demand            0.2508280  -0.09165062 0.7323903 0.74345204
h9:inflation_expectations_1y 0.4570750   0.20888071 1.8416016 0.06499979
h9:inflation_expectations_3y 0.3743116   0.08828255 1.3086490 0.24612513
h9:inflation                 0.3622197   0.07066296 1.2423644 0.28674624
h9:economic_activity         0.2892650  -0.03564238 0.8902999 0.58477214

$diagnostic_list$`Shock: pent_up_demand`[[10]]
                                R-sqrd. Adj. R-sqrd.    F-stat   p-value
h10:pent_up_demand            0.2781016  -0.06161524 0.8186277 0.6570009
h10:inflation_expectations_1y 0.5067996   0.27470527 2.1835933 0.0274715
h10:inflation_expectations_3y 0.2851395  -0.05126550 0.8476078 0.6277387
h10:inflation                 0.2695402  -0.07420563 0.7841264 0.6917563
h10:economic_activity         0.3283432   0.01226937 1.0388181 0.4443890

$diagnostic_list$`Shock: pent_up_demand`[[11]]
                                R-sqrd. Adj. R-sqrd.    F-stat    p-value
h11:pent_up_demand            0.2298106  -0.14361461 0.6154126 0.84851038
h11:inflation_expectations_1y 0.4724768   0.21670795 1.8472805 0.06678757
h11:inflation_expectations_3y 0.3590992   0.04835940 1.1556267 0.35014699
h11:inflation                 0.2238049  -0.15253211 0.5946928 0.86508079
h11:economic_activity         0.2765287  -0.07424523 0.7883388 0.68724788

$diagnostic_list$`Shock: pent_up_demand`[[12]]
                                R-sqrd. Adj. R-sqrd.    F-stat     p-value
h12:pent_up_demand            0.3839071  0.075860589 1.2462635 0.288759015
h12:inflation_expectations_1y 0.5877152  0.381572741 2.8510151 0.005672127
h12:inflation_expectations_3y 0.3318596 -0.002210637 0.9933827 0.486734582
h12:inflation                 0.3082108 -0.037683855 0.8910539 0.584466249
h12:economic_activity         0.3967158  0.095073632 1.3151869 0.247316636


$diagnostic_list$`Shock: inflation_expectations_1y`
$diagnostic_list$`Shock: inflation_expectations_1y`[[1]]
                               R-sqrd. Adj. R-sqrd.   F-stat      p-value
h1:pent_up_demand            0.4203033    0.2046022 1.948545 4.176685e-02
h1:inflation_expectations_1y 0.6795789    0.5603524 5.699900 2.508410e-06
h1:inflation_expectations_3y 0.4106523    0.1913601 1.872626 5.178083e-02
h1:inflation                 0.3728079    0.1394341 1.597471 1.110876e-01
h1:economic_activity         0.3914101    0.1649581 1.728446 7.753699e-02

$diagnostic_list$`Shock: inflation_expectations_1y`[[2]]
                               R-sqrd. Adj. R-sqrd.    F-stat    p-value
h2:pent_up_demand            0.4246511   0.20547056 1.9374489 0.04388400
h2:inflation_expectations_1y 0.4440890   0.23231338 2.0969789 0.02797117
h2:inflation_expectations_3y 0.2013638  -0.10287851 0.6618534 0.81319184
h2:inflation                 0.1691111  -0.14741797 0.5342672 0.91268044
h2:economic_activity         0.2878927   0.01661375 1.0612423 0.41887982

$diagnostic_list$`Shock: inflation_expectations_1y`[[3]]
                                R-sqrd. Adj. R-sqrd.    F-stat   p-value
h3:pent_up_demand            0.33365051   0.07361168 1.2830796 0.2534190
h3:inflation_expectations_1y 0.31237407   0.04403224 1.1640901 0.3349969
h3:inflation_expectations_3y 0.05735364  -0.31050836 0.1559107 0.9998882
h3:inflation                 0.17036254  -0.15339842 0.5261985 0.9173404
h3:economic_activity         0.32609003   0.06310077 1.2399367 0.2809803

$diagnostic_list$`Shock: inflation_expectations_1y`[[4]]
                               R-sqrd. Adj. R-sqrd.    F-stat   p-value
h4:pent_up_demand            0.2223431 -0.088719628 0.7147854 0.7626375
h4:inflation_expectations_1y 0.3127976  0.037916660 1.1379385 0.3561625
h4:inflation_expectations_3y 0.2260455 -0.083536367 0.7301638 0.7475860
h4:inflation                 0.1992769 -0.121012376 0.6221778 0.8467998
h4:economic_activity         0.2914556  0.008037903 1.0283606 0.4496930

$diagnostic_list$`Shock: inflation_expectations_1y`[[5]]
                               R-sqrd. Adj. R-sqrd.    F-stat   p-value
h5:pent_up_demand            0.3337829   0.06046309 1.2212174 0.2958241
h5:inflation_expectations_1y 0.3436472   0.07437429 1.2762041 0.2600137
h5:inflation_expectations_3y 0.2623347  -0.04029722 0.8668441 0.6082242
h5:inflation                 0.1921727  -0.13924363 0.5798528 0.8797928
h5:economic_activity         0.2760639  -0.02093546 0.9295101 0.5448375

$diagnostic_list$`Shock: inflation_expectations_1y`[[6]]
                               R-sqrd.  Adj. R-sqrd.    F-stat   p-value
h6:pent_up_demand            0.1719704 -0.1766736886 0.4932548 0.9351375
h6:inflation_expectations_1y 0.3919747  0.1359639818 1.5310872 0.1390948
h6:inflation_expectations_3y 0.3347976  0.0547123183 1.1953417 0.3150520
h6:inflation                 0.2963812  0.0001206083 1.0004071 0.4766635
h6:economic_activity         0.2577234 -0.0548141747 0.8246157 0.6514687

$diagnostic_list$`Shock: inflation_expectations_1y`[[7]]
                               R-sqrd.  Adj. R-sqrd.    F-stat    p-value
h7:pent_up_demand            0.3016295 -0.0003684942 0.9987798 0.47872068
h7:inflation_expectations_1y 0.3576023  0.0798086884 1.2872949 0.25582485
h7:inflation_expectations_3y 0.4662006  0.2353684655 2.0196520 0.03888443
h7:inflation                 0.2248894 -0.1102935847 0.6709451 0.80265054
h7:economic_activity         0.1681069 -0.1916306462 0.4673043 0.94783975

$diagnostic_list$`Shock: inflation_expectations_1y`[[8]]
                               R-sqrd. Adj. R-sqrd.    F-stat    p-value
h8:pent_up_demand            0.1103118  -0.28510516 0.2789759 0.99580625
h8:inflation_expectations_1y 0.4961323   0.27219114 2.2154582 0.02371599
h8:inflation_expectations_3y 0.2920301  -0.02262319 0.9281012 0.54702422
h8:inflation                 0.2343646  -0.10591779 0.6887356 0.78571411
h8:economic_activity         0.2543494  -0.07705093 0.7674989 0.70904615

$diagnostic_list$`Shock: inflation_expectations_1y`[[9]]
                               R-sqrd. Adj. R-sqrd.    F-stat    p-value
h9:pent_up_demand            0.2508280  -0.09165062 0.7323903 0.74345204
h9:inflation_expectations_1y 0.4570750   0.20888071 1.8416016 0.06499979
h9:inflation_expectations_3y 0.3743116   0.08828255 1.3086490 0.24612513
h9:inflation                 0.3622197   0.07066296 1.2423644 0.28674624
h9:economic_activity         0.2892650  -0.03564238 0.8902999 0.58477214

$diagnostic_list$`Shock: inflation_expectations_1y`[[10]]
                                R-sqrd. Adj. R-sqrd.    F-stat   p-value
h10:pent_up_demand            0.2781016  -0.06161524 0.8186277 0.6570009
h10:inflation_expectations_1y 0.5067996   0.27470527 2.1835933 0.0274715
h10:inflation_expectations_3y 0.2851395  -0.05126550 0.8476078 0.6277387
h10:inflation                 0.2695402  -0.07420563 0.7841264 0.6917563
h10:economic_activity         0.3283432   0.01226937 1.0388181 0.4443890

$diagnostic_list$`Shock: inflation_expectations_1y`[[11]]
                                R-sqrd. Adj. R-sqrd.    F-stat    p-value
h11:pent_up_demand            0.2298106  -0.14361461 0.6154126 0.84851038
h11:inflation_expectations_1y 0.4724768   0.21670795 1.8472805 0.06678757
h11:inflation_expectations_3y 0.3590992   0.04835940 1.1556267 0.35014699
h11:inflation                 0.2238049  -0.15253211 0.5946928 0.86508079
h11:economic_activity         0.2765287  -0.07424523 0.7883388 0.68724788

$diagnostic_list$`Shock: inflation_expectations_1y`[[12]]
                                R-sqrd. Adj. R-sqrd.    F-stat     p-value
h12:pent_up_demand            0.3839071  0.075860589 1.2462635 0.288759015
h12:inflation_expectations_1y 0.5877152  0.381572741 2.8510151 0.005672127
h12:inflation_expectations_3y 0.3318596 -0.002210637 0.9933827 0.486734582
h12:inflation                 0.3082108 -0.037683855 0.8910539 0.584466249
h12:economic_activity         0.3967158  0.095073632 1.3151869 0.247316636


$diagnostic_list$`Shock: inflation_expectations_3y`
$diagnostic_list$`Shock: inflation_expectations_3y`[[1]]
                               R-sqrd. Adj. R-sqrd.   F-stat      p-value
h1:pent_up_demand            0.4203033    0.2046022 1.948545 4.176685e-02
h1:inflation_expectations_1y 0.6795789    0.5603524 5.699900 2.508410e-06
h1:inflation_expectations_3y 0.4106523    0.1913601 1.872626 5.178083e-02
h1:inflation                 0.3728079    0.1394341 1.597471 1.110876e-01
h1:economic_activity         0.3914101    0.1649581 1.728446 7.753699e-02

$diagnostic_list$`Shock: inflation_expectations_3y`[[2]]
                               R-sqrd. Adj. R-sqrd.    F-stat    p-value
h2:pent_up_demand            0.4246511   0.20547056 1.9374489 0.04388400
h2:inflation_expectations_1y 0.4440890   0.23231338 2.0969789 0.02797117
h2:inflation_expectations_3y 0.2013638  -0.10287851 0.6618534 0.81319184
h2:inflation                 0.1691111  -0.14741797 0.5342672 0.91268044
h2:economic_activity         0.2878927   0.01661375 1.0612423 0.41887982

$diagnostic_list$`Shock: inflation_expectations_3y`[[3]]
                                R-sqrd. Adj. R-sqrd.    F-stat   p-value
h3:pent_up_demand            0.33365051   0.07361168 1.2830796 0.2534190
h3:inflation_expectations_1y 0.31237407   0.04403224 1.1640901 0.3349969
h3:inflation_expectations_3y 0.05735364  -0.31050836 0.1559107 0.9998882
h3:inflation                 0.17036254  -0.15339842 0.5261985 0.9173404
h3:economic_activity         0.32609003   0.06310077 1.2399367 0.2809803

$diagnostic_list$`Shock: inflation_expectations_3y`[[4]]
                               R-sqrd. Adj. R-sqrd.    F-stat   p-value
h4:pent_up_demand            0.2223431 -0.088719628 0.7147854 0.7626375
h4:inflation_expectations_1y 0.3127976  0.037916660 1.1379385 0.3561625
h4:inflation_expectations_3y 0.2260455 -0.083536367 0.7301638 0.7475860
h4:inflation                 0.1992769 -0.121012376 0.6221778 0.8467998
h4:economic_activity         0.2914556  0.008037903 1.0283606 0.4496930

$diagnostic_list$`Shock: inflation_expectations_3y`[[5]]
                               R-sqrd. Adj. R-sqrd.    F-stat   p-value
h5:pent_up_demand            0.3337829   0.06046309 1.2212174 0.2958241
h5:inflation_expectations_1y 0.3436472   0.07437429 1.2762041 0.2600137
h5:inflation_expectations_3y 0.2623347  -0.04029722 0.8668441 0.6082242
h5:inflation                 0.1921727  -0.13924363 0.5798528 0.8797928
h5:economic_activity         0.2760639  -0.02093546 0.9295101 0.5448375

$diagnostic_list$`Shock: inflation_expectations_3y`[[6]]
                               R-sqrd.  Adj. R-sqrd.    F-stat   p-value
h6:pent_up_demand            0.1719704 -0.1766736886 0.4932548 0.9351375
h6:inflation_expectations_1y 0.3919747  0.1359639818 1.5310872 0.1390948
h6:inflation_expectations_3y 0.3347976  0.0547123183 1.1953417 0.3150520
h6:inflation                 0.2963812  0.0001206083 1.0004071 0.4766635
h6:economic_activity         0.2577234 -0.0548141747 0.8246157 0.6514687

$diagnostic_list$`Shock: inflation_expectations_3y`[[7]]
                               R-sqrd.  Adj. R-sqrd.    F-stat    p-value
h7:pent_up_demand            0.3016295 -0.0003684942 0.9987798 0.47872068
h7:inflation_expectations_1y 0.3576023  0.0798086884 1.2872949 0.25582485
h7:inflation_expectations_3y 0.4662006  0.2353684655 2.0196520 0.03888443
h7:inflation                 0.2248894 -0.1102935847 0.6709451 0.80265054
h7:economic_activity         0.1681069 -0.1916306462 0.4673043 0.94783975

$diagnostic_list$`Shock: inflation_expectations_3y`[[8]]
                               R-sqrd. Adj. R-sqrd.    F-stat    p-value
h8:pent_up_demand            0.1103118  -0.28510516 0.2789759 0.99580625
h8:inflation_expectations_1y 0.4961323   0.27219114 2.2154582 0.02371599
h8:inflation_expectations_3y 0.2920301  -0.02262319 0.9281012 0.54702422
h8:inflation                 0.2343646  -0.10591779 0.6887356 0.78571411
h8:economic_activity         0.2543494  -0.07705093 0.7674989 0.70904615

$diagnostic_list$`Shock: inflation_expectations_3y`[[9]]
                               R-sqrd. Adj. R-sqrd.    F-stat    p-value
h9:pent_up_demand            0.2508280  -0.09165062 0.7323903 0.74345204
h9:inflation_expectations_1y 0.4570750   0.20888071 1.8416016 0.06499979
h9:inflation_expectations_3y 0.3743116   0.08828255 1.3086490 0.24612513
h9:inflation                 0.3622197   0.07066296 1.2423644 0.28674624
h9:economic_activity         0.2892650  -0.03564238 0.8902999 0.58477214

$diagnostic_list$`Shock: inflation_expectations_3y`[[10]]
                                R-sqrd. Adj. R-sqrd.    F-stat   p-value
h10:pent_up_demand            0.2781016  -0.06161524 0.8186277 0.6570009
h10:inflation_expectations_1y 0.5067996   0.27470527 2.1835933 0.0274715
h10:inflation_expectations_3y 0.2851395  -0.05126550 0.8476078 0.6277387
h10:inflation                 0.2695402  -0.07420563 0.7841264 0.6917563
h10:economic_activity         0.3283432   0.01226937 1.0388181 0.4443890

$diagnostic_list$`Shock: inflation_expectations_3y`[[11]]
                                R-sqrd. Adj. R-sqrd.    F-stat    p-value
h11:pent_up_demand            0.2298106  -0.14361461 0.6154126 0.84851038
h11:inflation_expectations_1y 0.4724768   0.21670795 1.8472805 0.06678757
h11:inflation_expectations_3y 0.3590992   0.04835940 1.1556267 0.35014699
h11:inflation                 0.2238049  -0.15253211 0.5946928 0.86508079
h11:economic_activity         0.2765287  -0.07424523 0.7883388 0.68724788

$diagnostic_list$`Shock: inflation_expectations_3y`[[12]]
                                R-sqrd. Adj. R-sqrd.    F-stat     p-value
h12:pent_up_demand            0.3839071  0.075860589 1.2462635 0.288759015
h12:inflation_expectations_1y 0.5877152  0.381572741 2.8510151 0.005672127
h12:inflation_expectations_3y 0.3318596 -0.002210637 0.9933827 0.486734582
h12:inflation                 0.3082108 -0.037683855 0.8910539 0.584466249
h12:economic_activity         0.3967158  0.095073632 1.3151869 0.247316636


$diagnostic_list$`Shock: inflation`
$diagnostic_list$`Shock: inflation`[[1]]
                               R-sqrd. Adj. R-sqrd.   F-stat      p-value
h1:pent_up_demand            0.4203033    0.2046022 1.948545 4.176685e-02
h1:inflation_expectations_1y 0.6795789    0.5603524 5.699900 2.508410e-06
h1:inflation_expectations_3y 0.4106523    0.1913601 1.872626 5.178083e-02
h1:inflation                 0.3728079    0.1394341 1.597471 1.110876e-01
h1:economic_activity         0.3914101    0.1649581 1.728446 7.753699e-02

$diagnostic_list$`Shock: inflation`[[2]]
                               R-sqrd. Adj. R-sqrd.    F-stat    p-value
h2:pent_up_demand            0.4246511   0.20547056 1.9374489 0.04388400
h2:inflation_expectations_1y 0.4440890   0.23231338 2.0969789 0.02797117
h2:inflation_expectations_3y 0.2013638  -0.10287851 0.6618534 0.81319184
h2:inflation                 0.1691111  -0.14741797 0.5342672 0.91268044
h2:economic_activity         0.2878927   0.01661375 1.0612423 0.41887982

$diagnostic_list$`Shock: inflation`[[3]]
                                R-sqrd. Adj. R-sqrd.    F-stat   p-value
h3:pent_up_demand            0.33365051   0.07361168 1.2830796 0.2534190
h3:inflation_expectations_1y 0.31237407   0.04403224 1.1640901 0.3349969
h3:inflation_expectations_3y 0.05735364  -0.31050836 0.1559107 0.9998882
h3:inflation                 0.17036254  -0.15339842 0.5261985 0.9173404
h3:economic_activity         0.32609003   0.06310077 1.2399367 0.2809803

$diagnostic_list$`Shock: inflation`[[4]]
                               R-sqrd. Adj. R-sqrd.    F-stat   p-value
h4:pent_up_demand            0.2223431 -0.088719628 0.7147854 0.7626375
h4:inflation_expectations_1y 0.3127976  0.037916660 1.1379385 0.3561625
h4:inflation_expectations_3y 0.2260455 -0.083536367 0.7301638 0.7475860
h4:inflation                 0.1992769 -0.121012376 0.6221778 0.8467998
h4:economic_activity         0.2914556  0.008037903 1.0283606 0.4496930

$diagnostic_list$`Shock: inflation`[[5]]
                               R-sqrd. Adj. R-sqrd.    F-stat   p-value
h5:pent_up_demand            0.3337829   0.06046309 1.2212174 0.2958241
h5:inflation_expectations_1y 0.3436472   0.07437429 1.2762041 0.2600137
h5:inflation_expectations_3y 0.2623347  -0.04029722 0.8668441 0.6082242
h5:inflation                 0.1921727  -0.13924363 0.5798528 0.8797928
h5:economic_activity         0.2760639  -0.02093546 0.9295101 0.5448375

$diagnostic_list$`Shock: inflation`[[6]]
                               R-sqrd.  Adj. R-sqrd.    F-stat   p-value
h6:pent_up_demand            0.1719704 -0.1766736886 0.4932548 0.9351375
h6:inflation_expectations_1y 0.3919747  0.1359639818 1.5310872 0.1390948
h6:inflation_expectations_3y 0.3347976  0.0547123183 1.1953417 0.3150520
h6:inflation                 0.2963812  0.0001206083 1.0004071 0.4766635
h6:economic_activity         0.2577234 -0.0548141747 0.8246157 0.6514687

$diagnostic_list$`Shock: inflation`[[7]]
                               R-sqrd.  Adj. R-sqrd.    F-stat    p-value
h7:pent_up_demand            0.3016295 -0.0003684942 0.9987798 0.47872068
h7:inflation_expectations_1y 0.3576023  0.0798086884 1.2872949 0.25582485
h7:inflation_expectations_3y 0.4662006  0.2353684655 2.0196520 0.03888443
h7:inflation                 0.2248894 -0.1102935847 0.6709451 0.80265054
h7:economic_activity         0.1681069 -0.1916306462 0.4673043 0.94783975

$diagnostic_list$`Shock: inflation`[[8]]
                               R-sqrd. Adj. R-sqrd.    F-stat    p-value
h8:pent_up_demand            0.1103118  -0.28510516 0.2789759 0.99580625
h8:inflation_expectations_1y 0.4961323   0.27219114 2.2154582 0.02371599
h8:inflation_expectations_3y 0.2920301  -0.02262319 0.9281012 0.54702422
h8:inflation                 0.2343646  -0.10591779 0.6887356 0.78571411
h8:economic_activity         0.2543494  -0.07705093 0.7674989 0.70904615

$diagnostic_list$`Shock: inflation`[[9]]
                               R-sqrd. Adj. R-sqrd.    F-stat    p-value
h9:pent_up_demand            0.2508280  -0.09165062 0.7323903 0.74345204
h9:inflation_expectations_1y 0.4570750   0.20888071 1.8416016 0.06499979
h9:inflation_expectations_3y 0.3743116   0.08828255 1.3086490 0.24612513
h9:inflation                 0.3622197   0.07066296 1.2423644 0.28674624
h9:economic_activity         0.2892650  -0.03564238 0.8902999 0.58477214

$diagnostic_list$`Shock: inflation`[[10]]
                                R-sqrd. Adj. R-sqrd.    F-stat   p-value
h10:pent_up_demand            0.2781016  -0.06161524 0.8186277 0.6570009
h10:inflation_expectations_1y 0.5067996   0.27470527 2.1835933 0.0274715
h10:inflation_expectations_3y 0.2851395  -0.05126550 0.8476078 0.6277387
h10:inflation                 0.2695402  -0.07420563 0.7841264 0.6917563
h10:economic_activity         0.3283432   0.01226937 1.0388181 0.4443890

$diagnostic_list$`Shock: inflation`[[11]]
                                R-sqrd. Adj. R-sqrd.    F-stat    p-value
h11:pent_up_demand            0.2298106  -0.14361461 0.6154126 0.84851038
h11:inflation_expectations_1y 0.4724768   0.21670795 1.8472805 0.06678757
h11:inflation_expectations_3y 0.3590992   0.04835940 1.1556267 0.35014699
h11:inflation                 0.2238049  -0.15253211 0.5946928 0.86508079
h11:economic_activity         0.2765287  -0.07424523 0.7883388 0.68724788

$diagnostic_list$`Shock: inflation`[[12]]
                                R-sqrd. Adj. R-sqrd.    F-stat     p-value
h12:pent_up_demand            0.3839071  0.075860589 1.2462635 0.288759015
h12:inflation_expectations_1y 0.5877152  0.381572741 2.8510151 0.005672127
h12:inflation_expectations_3y 0.3318596 -0.002210637 0.9933827 0.486734582
h12:inflation                 0.3082108 -0.037683855 0.8910539 0.584466249
h12:economic_activity         0.3967158  0.095073632 1.3151869 0.247316636


$diagnostic_list$`Shock: economic_activity`
$diagnostic_list$`Shock: economic_activity`[[1]]
                               R-sqrd. Adj. R-sqrd.   F-stat      p-value
h1:pent_up_demand            0.4203033    0.2046022 1.948545 4.176685e-02
h1:inflation_expectations_1y 0.6795789    0.5603524 5.699900 2.508410e-06
h1:inflation_expectations_3y 0.4106523    0.1913601 1.872626 5.178083e-02
h1:inflation                 0.3728079    0.1394341 1.597471 1.110876e-01
h1:economic_activity         0.3914101    0.1649581 1.728446 7.753699e-02

$diagnostic_list$`Shock: economic_activity`[[2]]
                               R-sqrd. Adj. R-sqrd.    F-stat    p-value
h2:pent_up_demand            0.4246511   0.20547056 1.9374489 0.04388400
h2:inflation_expectations_1y 0.4440890   0.23231338 2.0969789 0.02797117
h2:inflation_expectations_3y 0.2013638  -0.10287851 0.6618534 0.81319184
h2:inflation                 0.1691111  -0.14741797 0.5342672 0.91268044
h2:economic_activity         0.2878927   0.01661375 1.0612423 0.41887982

$diagnostic_list$`Shock: economic_activity`[[3]]
                                R-sqrd. Adj. R-sqrd.    F-stat   p-value
h3:pent_up_demand            0.33365051   0.07361168 1.2830796 0.2534190
h3:inflation_expectations_1y 0.31237407   0.04403224 1.1640901 0.3349969
h3:inflation_expectations_3y 0.05735364  -0.31050836 0.1559107 0.9998882
h3:inflation                 0.17036254  -0.15339842 0.5261985 0.9173404
h3:economic_activity         0.32609003   0.06310077 1.2399367 0.2809803

$diagnostic_list$`Shock: economic_activity`[[4]]
                               R-sqrd. Adj. R-sqrd.    F-stat   p-value
h4:pent_up_demand            0.2223431 -0.088719628 0.7147854 0.7626375
h4:inflation_expectations_1y 0.3127976  0.037916660 1.1379385 0.3561625
h4:inflation_expectations_3y 0.2260455 -0.083536367 0.7301638 0.7475860
h4:inflation                 0.1992769 -0.121012376 0.6221778 0.8467998
h4:economic_activity         0.2914556  0.008037903 1.0283606 0.4496930

$diagnostic_list$`Shock: economic_activity`[[5]]
                               R-sqrd. Adj. R-sqrd.    F-stat   p-value
h5:pent_up_demand            0.3337829   0.06046309 1.2212174 0.2958241
h5:inflation_expectations_1y 0.3436472   0.07437429 1.2762041 0.2600137
h5:inflation_expectations_3y 0.2623347  -0.04029722 0.8668441 0.6082242
h5:inflation                 0.1921727  -0.13924363 0.5798528 0.8797928
h5:economic_activity         0.2760639  -0.02093546 0.9295101 0.5448375

$diagnostic_list$`Shock: economic_activity`[[6]]
                               R-sqrd.  Adj. R-sqrd.    F-stat   p-value
h6:pent_up_demand            0.1719704 -0.1766736886 0.4932548 0.9351375
h6:inflation_expectations_1y 0.3919747  0.1359639818 1.5310872 0.1390948
h6:inflation_expectations_3y 0.3347976  0.0547123183 1.1953417 0.3150520
h6:inflation                 0.2963812  0.0001206083 1.0004071 0.4766635
h6:economic_activity         0.2577234 -0.0548141747 0.8246157 0.6514687

$diagnostic_list$`Shock: economic_activity`[[7]]
                               R-sqrd.  Adj. R-sqrd.    F-stat    p-value
h7:pent_up_demand            0.3016295 -0.0003684942 0.9987798 0.47872068
h7:inflation_expectations_1y 0.3576023  0.0798086884 1.2872949 0.25582485
h7:inflation_expectations_3y 0.4662006  0.2353684655 2.0196520 0.03888443
h7:inflation                 0.2248894 -0.1102935847 0.6709451 0.80265054
h7:economic_activity         0.1681069 -0.1916306462 0.4673043 0.94783975

$diagnostic_list$`Shock: economic_activity`[[8]]
                               R-sqrd. Adj. R-sqrd.    F-stat    p-value
h8:pent_up_demand            0.1103118  -0.28510516 0.2789759 0.99580625
h8:inflation_expectations_1y 0.4961323   0.27219114 2.2154582 0.02371599
h8:inflation_expectations_3y 0.2920301  -0.02262319 0.9281012 0.54702422
h8:inflation                 0.2343646  -0.10591779 0.6887356 0.78571411
h8:economic_activity         0.2543494  -0.07705093 0.7674989 0.70904615

$diagnostic_list$`Shock: economic_activity`[[9]]
                               R-sqrd. Adj. R-sqrd.    F-stat    p-value
h9:pent_up_demand            0.2508280  -0.09165062 0.7323903 0.74345204
h9:inflation_expectations_1y 0.4570750   0.20888071 1.8416016 0.06499979
h9:inflation_expectations_3y 0.3743116   0.08828255 1.3086490 0.24612513
h9:inflation                 0.3622197   0.07066296 1.2423644 0.28674624
h9:economic_activity         0.2892650  -0.03564238 0.8902999 0.58477214

$diagnostic_list$`Shock: economic_activity`[[10]]
                                R-sqrd. Adj. R-sqrd.    F-stat   p-value
h10:pent_up_demand            0.2781016  -0.06161524 0.8186277 0.6570009
h10:inflation_expectations_1y 0.5067996   0.27470527 2.1835933 0.0274715
h10:inflation_expectations_3y 0.2851395  -0.05126550 0.8476078 0.6277387
h10:inflation                 0.2695402  -0.07420563 0.7841264 0.6917563
h10:economic_activity         0.3283432   0.01226937 1.0388181 0.4443890

$diagnostic_list$`Shock: economic_activity`[[11]]
                                R-sqrd. Adj. R-sqrd.    F-stat    p-value
h11:pent_up_demand            0.2298106  -0.14361461 0.6154126 0.84851038
h11:inflation_expectations_1y 0.4724768   0.21670795 1.8472805 0.06678757
h11:inflation_expectations_3y 0.3590992   0.04835940 1.1556267 0.35014699
h11:inflation                 0.2238049  -0.15253211 0.5946928 0.86508079
h11:economic_activity         0.2765287  -0.07424523 0.7883388 0.68724788

$diagnostic_list$`Shock: economic_activity`[[12]]
                                R-sqrd. Adj. R-sqrd.    F-stat     p-value
h12:pent_up_demand            0.3839071  0.075860589 1.2462635 0.288759015
h12:inflation_expectations_1y 0.5877152  0.381572741 2.8510151 0.005672127
h12:inflation_expectations_3y 0.3318596 -0.002210637 0.9933827 0.486734582
h12:inflation                 0.3082108 -0.037683855 0.8910539 0.584466249
h12:economic_activity         0.3967158  0.095073632 1.3151869 0.247316636



$specs
$specs$lags_endog_lin
SC(n) 
    1 

$specs$lags_criterion
[1] NaN

$specs$max_lags
[1] NaN

$specs$trend
[1] 0

$specs$shock_type
[1] 0

$specs$confint
[1] 1.65

$specs$hor
[1] 12

$specs$use_nw
[1] TRUE

$specs$nw_prewhite
[1] FALSE

$specs$adjust_se
[1] FALSE

$specs$use_twosls
[1] FALSE

$specs$contemp_data
$specs$contemp_data$dummy
 [1] 0 0 0 0 0 0 0 0 0 0 0 0 0 0 0 0 0 0 0 0 0 0 0 0 0 0 1 1 1 1 0 1 0 1 0 0 0 0 0 0 0 0 0 0 0 0 0 0 0 0 0 0 0 0 0 0 0 0 0 0
[61] 0

$specs$contemp_data$Jan
 [1] 0 0 0 0 0 0 0 0 0 0 0 1 0 0 0 0 0 0 0 0 0 0 0 1 0 0 0 0 0 0 0 0 0 0 0 1 0 0 0 0 0 0 0 0 0 0 0 1 0 0 0 0 0 0 0 0 0 0 0 1
[61] 0

$specs$contemp_data$Feb
 [1] 1 0 0 0 0 0 0 0 0 0 0 0 1 0 0 0 0 0 0 0 0 0 0 0 1 0 0 0 0 0 0 0 0 0 0 0 1 0 0 0 0 0 0 0 0 0 0 0 1 0 0 0 0 0 0 0 0 0 0 0
[61] 1

$specs$contemp_data$Mar
 [1] 0 1 0 0 0 0 0 0 0 0 0 0 0 1 0 0 0 0 0 0 0 0 0 0 0 1 0 0 0 0 0 0 0 0 0 0 0 1 0 0 0 0 0 0 0 0 0 0 0 1 0 0 0 0 0 0 0 0 0 0
[61] 0

$specs$contemp_data$Apr
 [1] 0 0 1 0 0 0 0 0 0 0 0 0 0 0 1 0 0 0 0 0 0 0 0 0 0 0 1 0 0 0 0 0 0 0 0 0 0 0 1 0 0 0 0 0 0 0 0 0 0 0 1 0 0 0 0 0 0 0 0 0
[61] 0

$specs$contemp_data$May
 [1] 0 0 0 1 0 0 0 0 0 0 0 0 0 0 0 1 0 0 0 0 0 0 0 0 0 0 0 1 0 0 0 0 0 0 0 0 0 0 0 1 0 0 0 0 0 0 0 0 0 0 0 1 0 0 0 0 0 0 0 0
[61] 0

$specs$contemp_data$Jun
 [1] 0 0 0 0 1 0 0 0 0 0 0 0 0 0 0 0 1 0 0 0 0 0 0 0 0 0 0 0 1 0 0 0 0 0 0 0 0 0 0 0 1 0 0 0 0 0 0 0 0 0 0 0 1 0 0 0 0 0 0 0
[61] 0

$specs$contemp_data$Jul
 [1] 0 0 0 0 0 1 0 0 0 0 0 0 0 0 0 0 0 1 0 0 0 0 0 0 0 0 0 0 0 1 0 0 0 0 0 0 0 0 0 0 0 1 0 0 0 0 0 0 0 0 0 0 0 1 0 0 0 0 0 0
[61] 0

$specs$contemp_data$Aug
 [1] 0 0 0 0 0 0 1 0 0 0 0 0 0 0 0 0 0 0 1 0 0 0 0 0 0 0 0 0 0 0 1 0 0 0 0 0 0 0 0 0 0 0 1 0 0 0 0 0 0 0 0 0 0 0 1 0 0 0 0 0
[61] 0

$specs$contemp_data$Sep
 [1] 0 0 0 0 0 0 0 1 0 0 0 0 0 0 0 0 0 0 0 1 0 0 0 0 0 0 0 0 0 0 0 1 0 0 0 0 0 0 0 0 0 0 0 1 0 0 0 0 0 0 0 0 0 0 0 1 0 0 0 0
[61] 0

$specs$contemp_data$Oct
 [1] 0 0 0 0 0 0 0 0 1 0 0 0 0 0 0 0 0 0 0 0 1 0 0 0 0 0 0 0 0 0 0 0 1 0 0 0 0 0 0 0 0 0 0 0 1 0 0 0 0 0 0 0 0 0 0 0 1 0 0 0
[61] 0


$specs$model_type
[1] 0

$specs$starts
[1] 1

$specs$ends
[1] 61

$specs$column_names
[1] "pent_up_demand"            "inflation_expectations_1y" "inflation_expectations_3y" "inflation"                
[5] "economic_activity"        

$specs$endog
[1] 5

$specs$y_lin
   pent_up_demand inflation_expectations_1y inflation_expectations_3y     inflation economic_activity
2   -0.0082635987              -0.093069017              -0.116992518  0.0118791283      0.0132147973
3   -0.0034857719              -0.179841030              -0.082446768 -0.0180540196      0.0197042191
4    0.0003748857               0.042644040              -0.009027443  0.0117895324      0.0091204916
5   -0.0074118413               0.038628823              -0.004366708  0.0080067127      0.0256060314
6    0.0027210363               0.037587716               0.047957221 -0.0080781182     -0.0008554676
7    0.0018876867               0.042232388              -0.051764649 -0.0091070197      0.0134624669
8    0.0036035484               0.066831950               0.083116914  0.0035186802      0.0099315901
9    0.0055551526               0.074361879               0.104697282  0.0072325549      0.0093828680
10   0.0067276970               0.097256869               0.129269948  0.0109363479      0.0019638250
11   0.0010664217               0.090859949               0.040770491 -0.0256428615      0.0024138617
12   0.0003643304               0.150130443               0.168118070 -0.0087928721     -0.0039597521
13  -0.0021675488               0.154457901               0.190173118 -0.0192514804      0.0121072497
14  -0.0090732178               0.016860856               0.023610225  0.0121350319      0.0036954885
15   0.0055050399               0.081748607               0.155708559  0.0254869151      0.0040989018
16   0.0018468242              -0.092583911               0.021248402  0.0315361282      0.0142325513
17   0.0009791282              -0.193230976              -0.043276262 -0.0135380408     -0.0038460784
18   0.0073554074               0.067156473               0.059606826 -0.0237050248      0.0003874938
19   0.0099176948               0.028570973               0.007379959  0.0070212946     -0.0030995371
20  -0.0009152951              -0.110390831              -0.043736816 -0.0008099038     -0.0027487440
21   0.0055177487              -0.009296058              -0.148649219  0.0022449886      0.0100916736
22  -0.0006152247              -0.137446744              -0.128886832  0.0149056931     -0.0068965871
23   0.0009854290              -0.102682542               0.022526063  0.0056048268     -0.0018302030
24   0.0090426535               0.085885577               0.040433270  0.0166801358     -0.0053688531
25   0.0150118032               0.052676001               0.034575991 -0.0032142186      0.0092054021
26  -0.0112049985               0.082834189               0.071948279 -0.0143825022      0.0065049140
27   0.0004793384               0.059890764              -0.139321440 -0.0765488966     -0.1095376270
28  -0.0171988994               0.110803355               0.054336359 -0.1180561839     -0.8013817712
29  -0.0310002753               0.440086455               0.002754213 -0.0394295123      0.1819834628
30   0.0007635097               0.060988570              -0.180594733  0.0227326525      0.1811371292
31  -0.0137793859               0.192429026               0.022748256  0.0290171471     -0.0032090982
32  -0.0037169306               0.215418333               0.210000612  0.0188797606      0.1242242661
33   0.0048054736               0.090842219              -0.097192097 -0.0081495346      0.0427062365
34  -0.0002439389              -0.176135374              -0.211683475 -0.0273674729      0.0659089440
35   0.0009682472              -0.189613815              -0.173824252 -0.0169879726      0.0090416110
36  -0.0016081142              -0.309955966              -0.096708136  0.0137622962     -0.0200398947
37  -0.0021372530              -0.438829199              -0.136241740 -0.0175590348      0.0297735978
38  -0.0099512333              -0.586924618              -0.252722198 -0.0022948550      0.0122939477
39  -0.0020512391              -0.640823289              -0.247849266  0.0090208096      0.0224621217
40   0.0068982028              -0.744269330              -0.328708352  0.0296218439     -0.0027052872
41   0.0040170158              -0.331977245               0.061289940  0.0278964532      0.0234591779
42   0.0052635076               0.239203704              -0.036411180  0.0417894154      0.0133334691
43   0.0046510857               0.051907720               0.062479848 -0.0037102132      0.0466232530
44   0.0007589453               0.168972059               0.295863311 -0.0101886004      0.0231090359
45  -0.0082033125               0.091561951               0.448800361 -0.0095415708      0.0349689544
46   0.0226655773               0.244040498               0.439272896  0.0513660931      0.0238252787
47   0.0003490226               0.420618875               0.227962584  0.0346746044      0.0237066681
48  -0.0025084182               0.265010741               0.220814479  0.0322088457      0.0235842891
49   0.0094353766              -0.056457642              -0.282966474  0.0093029159     -0.0110638564
50   0.0116778808               0.063072574               0.047559850  0.0216592661      0.0313075917
51   0.0021119990               0.583575145              -0.006092132  0.0594986810      0.0032570089
52   0.0093534129               0.310877420               0.279880828 -0.0193295446     -0.0042385199
53   0.0009213692               0.535617968               0.326312135  0.0475641271     -0.0153374760
54   0.0007116485               0.756444779               0.145136221  0.0829906319     -0.0114672989
55  -0.0018847507               0.249347053              -0.203776953 -0.0724345513     -0.0001570211
56  -0.0078128834              -0.163336671              -0.538329081 -0.0398569237     -0.0222817013
57  -0.0016113554              -0.387472074              -0.287419250 -0.0177631399     -0.0027547779
58  -0.0105552051               0.208077418               0.011815895 -0.0082045127     -0.0219807589
59  -0.0014884206              -0.407923836              -0.001392901 -0.0432906191     -0.0099343622
60  -0.0035849596              -0.539237661               0.094962482 -0.0521834854     -0.0180533987
61  -0.0028612711              -0.472610574              -0.084508752 -0.0042564185     -0.0088103979

$specs$x_lin
   pent_up_demand_lag_1 inflation_expectations_1y_lag_1 inflation_expectations_3y_lag_1 inflation_lag_1
2          0.0010412423                    -0.205402860                    -0.218241259    0.0307655897
3         -0.0082635987                    -0.093069017                    -0.116992518    0.0118791283
4         -0.0034857719                    -0.179841030                    -0.082446768   -0.0180540196
5          0.0003748857                     0.042644040                    -0.009027443    0.0117895324
6         -0.0074118413                     0.038628823                    -0.004366708    0.0080067127
7          0.0027210363                     0.037587716                     0.047957221   -0.0080781182
8          0.0018876867                     0.042232388                    -0.051764649   -0.0091070197
9          0.0036035484                     0.066831950                     0.083116914    0.0035186802
10         0.0055551526                     0.074361879                     0.104697282    0.0072325549
11         0.0067276970                     0.097256869                     0.129269948    0.0109363479
12         0.0010664217                     0.090859949                     0.040770491   -0.0256428615
13         0.0003643304                     0.150130443                     0.168118070   -0.0087928721
14        -0.0021675488                     0.154457901                     0.190173118   -0.0192514804
15        -0.0090732178                     0.016860856                     0.023610225    0.0121350319
16         0.0055050399                     0.081748607                     0.155708559    0.0254869151
17         0.0018468242                    -0.092583911                     0.021248402    0.0315361282
18         0.0009791282                    -0.193230976                    -0.043276262   -0.0135380408
19         0.0073554074                     0.067156473                     0.059606826   -0.0237050248
20         0.0099176948                     0.028570973                     0.007379959    0.0070212946
21        -0.0009152951                    -0.110390831                    -0.043736816   -0.0008099038
22         0.0055177487                    -0.009296058                    -0.148649219    0.0022449886
23        -0.0006152247                    -0.137446744                    -0.128886832    0.0149056931
24         0.0009854290                    -0.102682542                     0.022526063    0.0056048268
25         0.0090426535                     0.085885577                     0.040433270    0.0166801358
26         0.0150118032                     0.052676001                     0.034575991   -0.0032142186
27        -0.0112049985                     0.082834189                     0.071948279   -0.0143825022
28         0.0004793384                     0.059890764                    -0.139321440   -0.0765488966
29        -0.0171988994                     0.110803355                     0.054336359   -0.1180561839
30        -0.0310002753                     0.440086455                     0.002754213   -0.0394295123
31         0.0007635097                     0.060988570                    -0.180594733    0.0227326525
32        -0.0137793859                     0.192429026                     0.022748256    0.0290171471
33        -0.0037169306                     0.215418333                     0.210000612    0.0188797606
34         0.0048054736                     0.090842219                    -0.097192097   -0.0081495346
35        -0.0002439389                    -0.176135374                    -0.211683475   -0.0273674729
36         0.0009682472                    -0.189613815                    -0.173824252   -0.0169879726
37        -0.0016081142                    -0.309955966                    -0.096708136    0.0137622962
38        -0.0021372530                    -0.438829199                    -0.136241740   -0.0175590348
39        -0.0099512333                    -0.586924618                    -0.252722198   -0.0022948550
40        -0.0020512391                    -0.640823289                    -0.247849266    0.0090208096
41         0.0068982028                    -0.744269330                    -0.328708352    0.0296218439
42         0.0040170158                    -0.331977245                     0.061289940    0.0278964532
43         0.0052635076                     0.239203704                    -0.036411180    0.0417894154
44         0.0046510857                     0.051907720                     0.062479848   -0.0037102132
45         0.0007589453                     0.168972059                     0.295863311   -0.0101886004
46        -0.0082033125                     0.091561951                     0.448800361   -0.0095415708
47         0.0226655773                     0.244040498                     0.439272896    0.0513660931
48         0.0003490226                     0.420618875                     0.227962584    0.0346746044
49        -0.0025084182                     0.265010741                     0.220814479    0.0322088457
50         0.0094353766                    -0.056457642                    -0.282966474    0.0093029159
51         0.0116778808                     0.063072574                     0.047559850    0.0216592661
52         0.0021119990                     0.583575145                    -0.006092132    0.0594986810
53         0.0093534129                     0.310877420                     0.279880828   -0.0193295446
54         0.0009213692                     0.535617968                     0.326312135    0.0475641271
55         0.0007116485                     0.756444779                     0.145136221    0.0829906319
56        -0.0018847507                     0.249347053                    -0.203776953   -0.0724345513
57        -0.0078128834                    -0.163336671                    -0.538329081   -0.0398569237
58        -0.0016113554                    -0.387472074                    -0.287419250   -0.0177631399
59        -0.0105552051                     0.208077418                     0.011815895   -0.0082045127
60        -0.0014884206                    -0.407923836                    -0.001392901   -0.0432906191
61        -0.0035849596                    -0.539237661                     0.094962482   -0.0521834854
   economic_activity_lag_1 dummy Jan Feb Mar Apr May Jun Jul Aug Sep Oct
2             0.0097286005     0   0   0   1   0   0   0   0   0   0   0
3             0.0132147973     0   0   0   0   1   0   0   0   0   0   0
4             0.0197042191     0   0   0   0   0   1   0   0   0   0   0
5             0.0091204916     0   0   0   0   0   0   1   0   0   0   0
6             0.0256060314     0   0   0   0   0   0   0   1   0   0   0
7            -0.0008554676     0   0   0   0   0   0   0   0   1   0   0
8             0.0134624669     0   0   0   0   0   0   0   0   0   1   0
9             0.0099315901     0   0   0   0   0   0   0   0   0   0   1
10            0.0093828680     0   0   0   0   0   0   0   0   0   0   0
11            0.0019638250     0   0   0   0   0   0   0   0   0   0   0
12            0.0024138617     0   1   0   0   0   0   0   0   0   0   0
13           -0.0039597521     0   0   1   0   0   0   0   0   0   0   0
14            0.0121072497     0   0   0   1   0   0   0   0   0   0   0
15            0.0036954885     0   0   0   0   1   0   0   0   0   0   0
16            0.0040989018     0   0   0   0   0   1   0   0   0   0   0
17            0.0142325513     0   0   0   0   0   0   1   0   0   0   0
18           -0.0038460784     0   0   0   0   0   0   0   1   0   0   0
19            0.0003874938     0   0   0   0   0   0   0   0   1   0   0
20           -0.0030995371     0   0   0   0   0   0   0   0   0   1   0
21           -0.0027487440     0   0   0   0   0   0   0   0   0   0   1
22            0.0100916736     0   0   0   0   0   0   0   0   0   0   0
23           -0.0068965871     0   0   0   0   0   0   0   0   0   0   0
24           -0.0018302030     0   1   0   0   0   0   0   0   0   0   0
25           -0.0053688531     0   0   1   0   0   0   0   0   0   0   0
26            0.0092054021     0   0   0   1   0   0   0   0   0   0   0
27            0.0065049140     1   0   0   0   1   0   0   0   0   0   0
28           -0.1095376270     1   0   0   0   0   1   0   0   0   0   0
29           -0.8013817712     1   0   0   0   0   0   1   0   0   0   0
30            0.1819834628     1   0   0   0   0   0   0   1   0   0   0
31            0.1811371292     0   0   0   0   0   0   0   0   1   0   0
32           -0.0032090982     1   0   0   0   0   0   0   0   0   1   0
33            0.1242242661     0   0   0   0   0   0   0   0   0   0   1
34            0.0427062365     1   0   0   0   0   0   0   0   0   0   0
35            0.0659089440     0   0   0   0   0   0   0   0   0   0   0
36            0.0090416110     0   1   0   0   0   0   0   0   0   0   0
37           -0.0200398947     0   0   1   0   0   0   0   0   0   0   0
38            0.0297735978     0   0   0   1   0   0   0   0   0   0   0
39            0.0122939477     0   0   0   0   1   0   0   0   0   0   0
40            0.0224621217     0   0   0   0   0   1   0   0   0   0   0
41           -0.0027052872     0   0   0   0   0   0   1   0   0   0   0
42            0.0234591779     0   0   0   0   0   0   0   1   0   0   0
43            0.0133334691     0   0   0   0   0   0   0   0   1   0   0
44            0.0466232530     0   0   0   0   0   0   0   0   0   1   0
45            0.0231090359     0   0   0   0   0   0   0   0   0   0   1
46            0.0349689544     0   0   0   0   0   0   0   0   0   0   0
47            0.0238252787     0   0   0   0   0   0   0   0   0   0   0
48            0.0237066681     0   1   0   0   0   0   0   0   0   0   0
49            0.0235842891     0   0   1   0   0   0   0   0   0   0   0
50           -0.0110638564     0   0   0   1   0   0   0   0   0   0   0
51            0.0313075917     0   0   0   0   1   0   0   0   0   0   0
52            0.0032570089     0   0   0   0   0   1   0   0   0   0   0
53           -0.0042385199     0   0   0   0   0   0   1   0   0   0   0
54           -0.0153374760     0   0   0   0   0   0   0   1   0   0   0
55           -0.0114672989     0   0   0   0   0   0   0   0   1   0   0
56           -0.0001570211     0   0   0   0   0   0   0   0   0   1   0
57           -0.0222817013     0   0   0   0   0   0   0   0   0   0   1
58           -0.0027547779     0   0   0   0   0   0   0   0   0   0   0
59           -0.0219807589     0   0   0   0   0   0   0   0   0   0   0
60           -0.0099343622     0   1   0   0   0   0   0   0   0   0   0
61           -0.0180533987     0   0   1   0   0   0   0   0   0   0   0


attr(,"class")
[1] "lpirfs_lin_obj"
