[1] "taxes"                "djn level estimation"
                   1             2             3             4             5             6
AIC(n) -2.814352e+01 -2.814218e+01 -2.802627e+01 -2.883748e+01 -2.897044e+01 -2.969065e+01
HQ(n)  -2.694386e+01 -2.658967e+01 -2.612093e+01 -2.657929e+01 -2.635941e+01 -2.672677e+01
SC(n)  -2.504128e+01 -2.412751e+01 -2.309918e+01 -2.299796e+01 -2.221850e+01 -2.202628e+01
FPE(n)  6.649725e-13  7.598257e-13  1.070613e-12  6.889613e-13  1.094605e-12  1.423075e-12
                   1             2             3             4             5             6
AIC(n) -2.814352e+01 -2.814218e+01 -2.802627e+01 -2.883748e+01 -2.897044e+01 -2.969065e+01
HQ(n)  -2.694386e+01 -2.658967e+01 -2.612093e+01 -2.657929e+01 -2.635941e+01 -2.672677e+01
SC(n)  -2.504128e+01 -2.412751e+01 -2.309918e+01 -2.299796e+01 -2.221850e+01 -2.202628e+01
FPE(n)  6.649725e-13  7.598257e-13  1.070613e-12  6.889613e-13  1.094605e-12  1.423075e-12
$irf_lin_mean
, , 1

            [,1]         [,2]          [,3]         [,4]          [,5]          [,6]          [,7]         [,8]
[1,] 0.005045201 0.0003028758 -5.123377e-06 0.0002502025 -0.0002007001 -0.0007781409 -4.840637e-04  0.002115754
[2,] 0.031199723 0.0423004636  3.237823e-02 0.0690413991  0.0447726747  0.0105706910  1.116034e-02 -0.003058341
[3,] 0.037168429 0.0228461587  1.632256e-02 0.0135391831 -0.0088216502 -0.0190757102  2.530984e-02  0.010509992
[4,] 0.009822497 0.0049700903  9.630298e-04 0.0020016878  0.0085095276  0.0020454631  4.466285e-05  0.004352424
[5,] 0.023110399 0.0244994725 -2.780083e-02 0.0027306510  0.0195856246  0.0015660513 -1.244315e-02  0.034768260
              [,9]        [,10]         [,11]         [,12]         [,13]
[1,]  0.0002448458 -0.001120728 -0.0007905418  9.379137e-05 -0.0013535662
[2,] -0.0322752222 -0.016851889 -0.0264371969 -1.350806e-02 -0.0134577026
[3,]  0.0050676319 -0.022031861 -0.0181322846 -2.033439e-02 -0.0161731704
[4,] -0.0016203208 -0.005207038 -0.0019349796 -1.125354e-04 -0.0003097346
[5,]  0.0033008042 -0.022609737 -0.0171785580  7.313884e-03 -0.0016226914

, , 2

             [,1]          [,2]          [,3]          [,4]          [,5]          [,6]          [,7]          [,8]
[1,]  0.000000000 -5.023123e-05 -0.0005485926 -8.917741e-05 -0.0005588223 -1.115265e-03 -0.0007663023 -0.0007983057
[2,]  0.181472386  1.365857e-01  0.0821229752  6.418125e-02  0.0697112842  2.285883e-02 -0.0471029835 -0.0435212262
[3,]  0.065141357  3.752092e-02 -0.0028518260 -1.098300e-02 -0.0005552591 -4.050600e-02 -0.0470392670 -0.0522850246
[4,]  0.007857495 -1.137855e-04 -0.0024742401  1.920058e-04 -0.0038154037 -4.840838e-03 -0.0076118356 -0.0052875215
[5,] -0.025144663  7.447034e-03  0.0020946450 -1.283038e-02 -0.0062577077 -8.596561e-05 -0.0050304244 -0.0137726219
              [,9]        [,10]         [,11]         [,12]        [,13]
[1,] -0.0006949043 -0.001463337 -0.0006061594 -0.0005592781 -0.002637320
[2,] -0.0840266133 -0.097914607 -0.0992199783 -0.0976817949 -0.097433390
[3,] -0.0630218241 -0.065329293 -0.0466530236 -0.0077023950 -0.028212746
[4,] -0.0072950569 -0.010670943 -0.0055591636 -0.0050595020 -0.007901951
[5,] -0.0007785913 -0.005152626  0.0030460770  0.0004555189 -0.018059947

, , 3

             [,1]          [,2]         [,3]          [,4]          [,5]          [,6]        [,7]       [,8]          [,9]
[1,]  0.000000000 -0.0002245264 0.0006583431  0.0001597401  0.0008768039  0.0021067898 0.001314213 0.00250637 -0.0004216508
[2,]  0.000000000  0.0556202626 0.0181088062  0.0398823039  0.0324869748  0.0801654221 0.156741161 0.08344798  0.0990738382
[3,]  0.140831913  0.0824842603 0.0446014676  0.0029266206 -0.0085409088  0.0353567319 0.058029086 0.07668615  0.0357762872
[4,] -0.004925581  0.0056167481 0.0028591259  0.0037436968  0.0082590473  0.0069924603 0.014305699 0.01011078  0.0101355159
[5,] -0.009137060 -0.0039551637 0.0008161410 -0.0015284950  0.0086258068 -0.0008424461 0.030930343 0.03613723 -0.0010832701
            [,10]        [,11]        [,12]         [,13]
[1,]  0.000161251 -0.001605418 -0.001901050  0.0003861489
[2,]  0.081983388  0.088538808  0.007427127 -0.0266080696
[3,]  0.013245191 -0.059875568 -0.116567410 -0.0783656360
[4,]  0.006132860 -0.003440973 -0.008464006 -0.0088477866
[5,] -0.011195475 -0.031609026 -0.007545311 -0.0097929208

, , 4

           [,1]         [,2]          [,3]         [,4]          [,5]          [,6]         [,7]          [,8]          [,9]
[1,] 0.00000000  0.000908408 -0.0001133054  0.001133989  0.0005195381 -0.0007685137 0.0007002179  5.874676e-04 -3.188957e-05
[2,] 0.00000000 -0.012793824  0.0199409322 -0.023560995  0.0194787928  0.0346611050 0.0096824262  1.049206e-03 -2.261851e-02
[3,] 0.00000000  0.011772207 -0.0075253324 -0.025606849  0.0035350014  0.0225919124 0.0266614766 -2.309816e-03 -2.775949e-02
[4,] 0.02613898  0.008340465 -0.0026100801 -0.002093436 -0.0053045455  0.0007341734 0.0026409881  7.400923e-03  4.516900e-03
[5,] 0.05357280  0.006244382 -0.0077044882  0.006359860 -0.0133190647 -0.0116181979 0.0054942270  9.877443e-05  3.395668e-03
            [,10]         [,11]        [,12]         [,13]
[1,]  0.000796592  0.0009050749 0.0006059167 -0.0008350562
[2,] -0.017533545  0.0070786712 0.0720318688  0.0993486265
[3,] -0.045560755 -0.0186869661 0.0333927702  0.0785922090
[4,]  0.004232975  0.0066849907 0.0012487747 -0.0095448829
[5,]  0.015355701  0.0292677991 0.0006106074 -0.0382617438

, , 5

          [,1]          [,2]         [,3]          [,4]          [,5]          [,6]         [,7]          [,8]          [,9]
[1,] 0.0000000  0.0001593536 -0.000247986 -0.0004356334  0.0001071286  0.0003283512  0.001635272  0.0005408601  2.908385e-05
[2,] 0.0000000 -0.0502417319  0.028147725  0.0070849816 -0.0602235324 -0.0731591132 -0.002831992 -0.0382975904 -1.123160e-02
[3,] 0.0000000 -0.0066862217  0.038986116 -0.0005412818 -0.0638467299 -0.0221279913 -0.004028283  0.0026951907  1.030995e-02
[4,] 0.0000000  0.0028309176  0.001658012 -0.0035032402 -0.0036984568 -0.0004715076  0.009899903  0.0021445414 -7.695145e-04
[5,] 0.0936923 -0.0200778458 -0.021498582  0.0115350004 -0.0048651211  0.0084259040  0.009111869  0.0015221739  1.008565e-02
             [,10]        [,11]        [,12]         [,13]
[1,]  0.0009305898 -0.001005416 -0.001005352  0.0003696434
[2,] -0.0159920397  0.010689755  0.011587790  0.0125489291
[3,]  0.0034357525  0.011000886 -0.012779859  0.0269486471
[4,]  0.0062105003  0.001797238  0.001888669 -0.0042662044
[5,]  0.0031367953 -0.007540096  0.005197332 -0.0230937605


$irf_lin_low
, , 1

            [,1]         [,2]         [,3]         [,4]         [,5]         [,6]         [,7]          [,8]         [,9]
[1,] 0.005045201 -0.001994692 -0.002304411 -0.001731015 -0.002565470 -0.002646596 -0.002498715  0.0002391237 -0.001962969
[2,] 0.031199723 -0.030633478 -0.084314308 -0.041079548 -0.055997665 -0.087868064 -0.081935331 -0.1083137706 -0.131887937
[3,] 0.037168429 -0.044586076 -0.054766151 -0.061960368 -0.070472125 -0.086783817 -0.044263148 -0.0611386875 -0.058872645
[4,] 0.009822497 -0.006834923 -0.014122611 -0.010404059 -0.001817772 -0.008890495 -0.012005394 -0.0094162500 -0.011112642
[5,] 0.023110399 -0.026901040 -0.072089155 -0.019943089 -0.015937338 -0.029530054 -0.067693596 -0.0335967593 -0.017537021
            [,10]        [,11]        [,12]        [,13]
[1,] -0.002983912 -0.002964387 -0.001946599 -0.003283884
[2,] -0.083528727 -0.089280433 -0.108926890 -0.097823139
[3,] -0.083344760 -0.084751724 -0.085716544 -0.090962671
[4,] -0.017736151 -0.013707922 -0.012869735 -0.017182487
[5,] -0.060619076 -0.056109392 -0.024899672 -0.041297897

, , 2

             [,1]         [,2]         [,3]         [,4]         [,5]         [,6]         [,7]         [,8]         [,9]
[1,]  0.000000000 -0.001797593 -0.002235016 -0.001551154 -0.002019783 -0.002211954 -0.002238721 -0.002537243 -0.002681496
[2,]  0.181472386  0.080515764 -0.020402705 -0.046544973 -0.028390209 -0.064140941 -0.112032723 -0.135496887 -0.168918694
[3,]  0.065141357 -0.025558944 -0.077490677 -0.088651390 -0.066906214 -0.098346794 -0.099825102 -0.119022872 -0.120694672
[4,]  0.007857495 -0.007097032 -0.013691081 -0.011430068 -0.012056040 -0.013069344 -0.016867237 -0.017455871 -0.016681832
[5,] -0.025144663 -0.011499905 -0.017415193 -0.031969118 -0.021222039 -0.032740029 -0.032134197 -0.060766477 -0.019553552
            [,10]        [,11]        [,12]        [,13]
[1,] -0.002612945 -0.001837177 -0.003054273 -0.003951371
[2,] -0.161395125 -0.151461573 -0.194369350 -0.170606410
[3,] -0.128760212 -0.113275649 -0.067027218 -0.084254518
[4,] -0.019393754 -0.016618394 -0.019980475 -0.022523784
[5,] -0.024930443 -0.029319798 -0.047895347 -0.046688524

, , 3

             [,1]         [,2]          [,3]          [,4]         [,5]         [,6]          [,7]         [,8]
[1,]  0.000000000 -0.000900446 -8.818066e-06 -0.0003244439  0.000215122  0.001509682 -2.568118e-05 0.0015321283
[2,]  0.000000000  0.034540988 -3.931280e-02 -0.0090555441 -0.012584145  0.043522065  1.126920e-01 0.0156254014
[3,]  0.140831913  0.054589064  1.161821e-02 -0.0289982211 -0.021010662  0.019570778  2.929740e-02 0.0376630962
[4,] -0.004925581  0.002283633 -4.201900e-03 -0.0031769244  0.005580739  0.002806760  6.292238e-03 0.0005697364
[5,] -0.009137060 -0.008954513 -1.190888e-02 -0.0138726045  0.002695033 -0.011826467 -2.827964e-04 0.0043070177
              [,9]        [,10]        [,11]        [,12]         [,13]
[1,] -0.0016304369 -0.000276015 -0.001997125 -0.002715544 -0.0001560138
[2,]  0.0476362283  0.052299332  0.067002945 -0.037235239 -0.0726744621
[3,]  0.0006573601 -0.008338169 -0.094625483 -0.147766936 -0.1200600602
[4,]  0.0030845929  0.003714878 -0.009129829 -0.014882519 -0.0118473478
[5,] -0.0119519334 -0.014521649 -0.046586074 -0.025151317 -0.0182724180

, , 4

           [,1]         [,2]         [,3]         [,4]        [,5]         [,6]          [,7]          [,8]         [,9]
[1,] 0.00000000 -0.001047334 -0.002192394 -0.000659621 -0.00114681 -0.002181139 -0.0006928453 -0.0006585366 -0.001448484
[2,] 0.00000000 -0.057343989 -0.053805834 -0.114780697 -0.05130037 -0.054150964 -0.0829028281 -0.0913317556 -0.111565079
[3,] 0.00000000 -0.039370209 -0.059562367 -0.087353707 -0.05395541 -0.031016388 -0.0206952552 -0.0478802403 -0.063290941
[4,] 0.02613898 -0.001247992 -0.013884769 -0.013043470 -0.01224771 -0.008032099 -0.0065943082 -0.0016456256 -0.003808071
[5,] 0.05357280 -0.034826218 -0.031488364 -0.012131320 -0.03221793 -0.033153590 -0.0153133937 -0.0253898181 -0.013645645
             [,10]        [,11]        [,12]        [,13]
[1,] -0.0007082284 -0.001418385 -0.001527629 -0.002906052
[2,] -0.0741292249 -0.046233672  0.003444083 -0.001887256
[3,] -0.1083620836 -0.073051274 -0.013501835 -0.003217070
[4,] -0.0108301521 -0.002529594 -0.006500011 -0.028824522
[5,] -0.0205419292 -0.015318646 -0.027863599 -0.080733056

, , 5

          [,1]          [,2]         [,3]         [,4]         [,5]         [,6]         [,7]          [,8]          [,9]
[1,] 0.0000000 -0.0007330723 -0.001240007 -0.001143107 -0.000828105 -0.000558382  0.000822129 -0.0001113449 -0.0006378209
[2,] 0.0000000 -0.0743042396 -0.013728533 -0.034377264 -0.098150316 -0.117903454 -0.059059325 -0.0769552462 -0.0466364503
[3,] 0.0000000 -0.0282668077  0.010245122 -0.031063909 -0.087457652 -0.046379892 -0.030045503 -0.0129324339 -0.0064153469
[4,] 0.0000000 -0.0036913815 -0.006316215 -0.009357910 -0.006400512 -0.004745767  0.005299263 -0.0019586726 -0.0058614855
[5,] 0.0936923 -0.0521394418 -0.039175528  0.003576738 -0.009769422  0.002330696 -0.010459448 -0.0086202909  0.0001468773
             [,10]       [,11]        [,12]         [,13]
[1,]  0.0002517963 -0.00256611 -0.002017532 -0.0005000333
[2,] -0.0460633906 -0.01747260 -0.017161942 -0.0395927238
[3,] -0.0104307094 -0.01248475 -0.041769996 -0.0066999233
[4,]  0.0008827388 -0.00168272 -0.002164709 -0.0133903139
[5,] -0.0098844251 -0.02243698 -0.008322730 -0.0558568031


$irf_lin_up
, , 1

            [,1]        [,2]        [,3]       [,4]       [,5]        [,6]        [,7]        [,8]       [,9]        [,10]
[1,] 0.005045201 0.002600443 0.002294164 0.00223142 0.00216407 0.001090314 0.001530588 0.003992384 0.00245266 0.0007424558
[2,] 0.031199723 0.115234405 0.149070758 0.17916235 0.14554301 0.109009446 0.104256005 0.102197089 0.06733749 0.0498249482
[3,] 0.037168429 0.090278394 0.087411274 0.08903873 0.05282882 0.048632397 0.094882830 0.082158671 0.06900791 0.0392810372
[4,] 0.009822497 0.016775103 0.016048671 0.01440743 0.01883683 0.012981422 0.012094720 0.018121098 0.00787200 0.0073220738
[5,] 0.023110399 0.075899985 0.016487492 0.02540439 0.05510859 0.032662156 0.042807298 0.103133280 0.02413863 0.0153996026
           [,11]       [,12]        [,13]
[1,] 0.001383304 0.002134181 0.0005767513
[2,] 0.036406039 0.081910771 0.0709077338
[3,] 0.048487155 0.045047766 0.0586163308
[4,] 0.009837963 0.012644664 0.0165630179
[5,] 0.021752276 0.039527440 0.0380525138

, , 2

             [,1]        [,2]        [,3]        [,4]         [,5]          [,6]         [,7]         [,8]          [,9]
[1,]  0.000000000 0.001697131 0.001137831 0.001372799 0.0009021382 -1.857623e-05 0.0007061166 0.0009406317  0.0012916876
[2,]  0.181472386 0.192655673 0.184648655 0.174907464 0.1678127779  1.098586e-01 0.0178267560 0.0484544341  0.0008654674
[3,]  0.065141357 0.100600788 0.071787025 0.066685397 0.0657956959  1.733479e-02 0.0057465678 0.0144528231 -0.0053489765
[4,]  0.007857495 0.006869461 0.008742601 0.011814080 0.0044252323  3.387668e-03 0.0016435660 0.0068808276  0.0020917186
[5,] -0.025144663 0.026393972 0.021604483 0.006308354 0.0087066232  3.256810e-02 0.0220733482 0.0332212334  0.0179963697
             [,10]         [,11]         [,12]        [,13]
[1,] -0.0003137296  0.0006248585  0.0019357170 -0.001323270
[2,] -0.0344340897 -0.0469783831 -0.0009942396 -0.024260370
[3,] -0.0018983744  0.0199696022  0.0516224283  0.027829027
[4,] -0.0019481320  0.0055000670  0.0098614715  0.006719881
[5,]  0.0146251903  0.0354119521  0.0488063842  0.010568630

, , 3

             [,1]         [,2]        [,3]         [,4]        [,5]        [,6]        [,7]        [,8]         [,9]
[1,]  0.000000000 0.0004513932 0.001325504 0.0006439241 0.001538486 0.002703897 0.002654107 0.003480612 0.0007871354
[2,]  0.000000000 0.0766995372 0.075530411 0.0888201518 0.077558095 0.116808779 0.200790362 0.151270549 0.1505114481
[3,]  0.140831913 0.1103794569 0.077584729 0.0348514624 0.003928844 0.051142685 0.086760768 0.115709208 0.0708952143
[4,] -0.004925581 0.0089498636 0.009920152 0.0106643179 0.010937356 0.011178160 0.022319159 0.019651821 0.0171864388
[5,] -0.009137060 0.0010441852 0.013541160 0.0108156145 0.014556581 0.010141575 0.062143483 0.067967445 0.0097853931
             [,10]        [,11]        [,12]         [,13]
[1,]  0.0005985169 -0.001213711 -0.001086557  0.0009283117
[2,]  0.1116674439  0.110074672  0.052089494  0.0194583230
[3,]  0.0348285506 -0.025125653 -0.085367884 -0.0366712118
[4,]  0.0085508414  0.002247882 -0.002045493 -0.0058482255
[5,] -0.0078693005 -0.016631978  0.010060696 -0.0013134237

, , 4

           [,1]       [,2]        [,3]        [,4]        [,5]        [,6]        [,7]        [,8]        [,9]       [,10]
[1,] 0.00000000 0.00286415 0.001965784 0.002927599 0.002185887 0.000644112 0.002093281 0.001833472 0.001384705 0.002301412
[2,] 0.00000000 0.03175634 0.093687698 0.067658707 0.090257956 0.123473174 0.102267680 0.093430168 0.066328064 0.039062136
[3,] 0.00000000 0.06291462 0.044511702 0.036140009 0.061025411 0.076200212 0.074018208 0.043260608 0.007771954 0.017240573
[4,] 0.02613898 0.01792892 0.008664609 0.008856598 0.001638617 0.009500446 0.011876284 0.016447471 0.012841871 0.019296103
[5,] 0.05357280 0.04731498 0.016079388 0.024851041 0.005579804 0.009917194 0.026301848 0.025587367 0.020436980 0.051253331
           [,11]       [,12]       [,13]
[1,] 0.003228535 0.002739463 0.001235940
[2,] 0.060391015 0.140619655 0.200584509
[3,] 0.035677342 0.080287375 0.160401488
[4,] 0.015899575 0.008997560 0.009734756
[5,] 0.073854244 0.029084813 0.004209569

, , 5

          [,1]         [,2]          [,3]         [,4]          [,5]         [,6]        [,7]         [,8]         [,9]
[1,] 0.0000000  0.001051779  0.0007440351 0.0002718403  1.042362e-03  0.001215084 0.002448416 0.0011930650 0.0006959886
[2,] 0.0000000 -0.026179224  0.0700239840 0.0485472267 -2.229675e-02 -0.028414772 0.053395341 0.0003600655 0.0241732552
[3,] 0.0000000  0.014894364  0.0677271094 0.0299813460 -4.023581e-02  0.002123910 0.021988936 0.0183228152 0.0270352500
[4,] 0.0000000  0.009353217  0.0096322384 0.0023514295 -9.964014e-04  0.003802752 0.014500543 0.0062477555 0.0043224565
[5,] 0.0936923  0.011983750 -0.0038216364 0.0194932628  3.917952e-05  0.014521112 0.028683187 0.0116646388 0.0200244319
           [,10]        [,11]        [,12]       [,13]
[1,] 0.001609383 0.0005552772 6.827978e-06 0.001239320
[2,] 0.014079311 0.0388521132 4.033752e-02 0.064690582
[3,] 0.017302214 0.0344865183 1.621028e-02 0.060597218
[4,] 0.011538262 0.0052771958 5.942048e-03 0.004857905
[5,] 0.016158016 0.0073567867 1.871740e-02 0.009669282


$diagnostic_list
$diagnostic_list$`Shock: taxes`
$diagnostic_list$`Shock: taxes`[[1]]
                               R-sqrd. Adj. R-sqrd.    F-stat      p-value
h1:taxes                     0.2089903  -0.08533895 0.7100561 7.683214e-01
h1:inflation_expectations_1y 0.6104282   0.46547127 4.2111003 8.373169e-05
h1:inflation_expectations_3y 0.4031983   0.18113254 1.8156707 6.078251e-02
h1:inflation                 0.3714062   0.13751082 1.5879159 1.140009e-01
h1:economic_activity         0.3144981   0.05942759 1.2329850 2.835886e-01

$diagnostic_list$`Shock: taxes`[[2]]
                               R-sqrd. Adj. R-sqrd.    F-stat   p-value
h2:taxes                     0.1225978  -0.21165064 0.3667865 0.9835760
h2:inflation_expectations_1y 0.3469340   0.09814689 1.3945016 0.1911306
h2:inflation_expectations_3y 0.1845083  -0.12615523 0.5939168 0.8704632
h2:inflation                 0.1528346  -0.16989512 0.4735684 0.9465926
h2:economic_activity         0.3227382   0.06473368 1.2509013 0.2726895

$diagnostic_list$`Shock: taxes`[[3]]
                                R-sqrd. Adj. R-sqrd.    F-stat   p-value
h3:taxes                     0.14503587  -0.18860866 0.4347018 0.9630416
h3:inflation_expectations_1y 0.31888208   0.05307997 1.1996973 0.3087476
h3:inflation_expectations_3y 0.07260942  -0.28929910 0.2006292 0.9994401
h3:inflation                 0.11430056  -0.23133824 0.3306937 0.9902016
h3:economic_activity         0.26462107  -0.02235607 0.9220981 0.5518098

$diagnostic_list$`Shock: taxes`[[4]]
                               R-sqrd. Adj. R-sqrd.    F-stat   p-value
h4:taxes                     0.1482401  -0.19246385 0.4350995 0.9626192
h4:inflation_expectations_1y 0.2889847   0.00457865 1.0160990 0.4609842
h4:inflation_expectations_3y 0.2049775  -0.11303151 0.6445651 0.8276818
h4:inflation                 0.2768346  -0.01243156 0.9570238 0.5173679
h4:economic_activity         0.3167241   0.04341371 1.1588440 0.3399331

$diagnostic_list$`Shock: taxes`[[5]]
                               R-sqrd. Adj. R-sqrd.    F-stat   p-value
h5:taxes                     0.2619673  -0.04081540 0.8651990 0.6099086
h5:inflation_expectations_1y 0.3146812   0.03352484 1.1192391 0.3720023
h5:inflation_expectations_3y 0.2780586  -0.01812253 0.9388127 0.5356063
h5:inflation                 0.1771779  -0.16039016 0.5248657 0.9173256
h5:economic_activity         0.2656711  -0.03559204 0.8818573 0.5928879

$diagnostic_list$`Shock: taxes`[[6]]
                               R-sqrd. Adj. R-sqrd.    F-stat   p-value
h6:taxes                     0.2262941  -0.09947678 0.6946419 0.7811098
h6:inflation_expectations_1y 0.3932652   0.13779790 1.5393955 0.1361591
h6:inflation_expectations_3y 0.3286049   0.04591222 1.1624103 0.3392277
h6:inflation                 0.3038008   0.01066431 1.0363800 0.4436539
h6:economic_activity         0.2617140  -0.04914324 0.8419106 0.6337464

$diagnostic_list$`Shock: taxes`[[7]]
                               R-sqrd. Adj. R-sqrd.    F-stat    p-value
h7:taxes                     0.3240227   0.03170818 1.1084728 0.38257523
h7:inflation_expectations_1y 0.3573540   0.07945296 1.2859039 0.25666383
h7:inflation_expectations_3y 0.4453429   0.20549121 1.8567427 0.06007184
h7:inflation                 0.2197021  -0.11772406 0.6511116 0.82045771
h7:economic_activity         0.2255637  -0.10932770 0.6735428 0.80027551

$diagnostic_list$`Shock: taxes`[[8]]
                               R-sqrd. Adj. R-sqrd.    F-stat    p-value
h8:taxes                     0.1571841  -0.21740080 0.4196220 0.96716588
h8:inflation_expectations_1y 0.4930709   0.26776905 2.1884904 0.02547264
h8:inflation_expectations_3y 0.2990892  -0.01242676 0.9601087 0.51585983
h8:inflation                 0.2422906  -0.09446910 0.7194762 0.75644800
h8:economic_activity         0.2541323  -0.07736451 0.7666206 0.70992658

$diagnostic_list$`Shock: taxes`[[9]]
                               R-sqrd. Adj. R-sqrd.    F-stat    p-value
h9:taxes                     0.2669519 -0.068155872 0.7966150 0.67944363
h9:inflation_expectations_1y 0.4575257  0.209537438 1.8449490 0.06443751
h9:inflation_expectations_3y 0.3595272  0.066739646 1.2279456 0.29625743
h9:inflation                 0.2430829 -0.102936359 0.7025126 0.77223999
h9:economic_activity         0.3090099 -0.006871339 0.9782471 0.49904362

$diagnostic_list$`Shock: taxes`[[10]]
                                R-sqrd. Adj. R-sqrd.    F-stat    p-value
h10:taxes                     0.2680458  -0.07640319 0.7781872 0.69770836
h10:inflation_expectations_1y 0.5099104   0.27927993 2.2109414 0.02560011
h10:inflation_expectations_3y 0.2673964  -0.07735817 0.7756138 0.70028327
h10:inflation                 0.1991131  -0.17777478 0.5283086 0.91269624
h10:economic_activity         0.3424075   0.03295222 1.1064846 0.38718840

$diagnostic_list$`Shock: taxes`[[11]]
                                R-sqrd. Adj. R-sqrd.    F-stat    p-value
h11:taxes                     0.3277197  0.001765643 1.0054168 0.47506526
h11:inflation_expectations_1y 0.4726661  0.216989044 1.8486841 0.06655058
h11:inflation_expectations_3y 0.3591808  0.048480650 1.1560368 0.34984050
h11:inflation                 0.2014308 -0.185754262 0.5202442 0.91714247
h11:economic_activity         0.2668089 -0.088677737 0.7505455 0.72479694

$diagnostic_list$`Shock: taxes`[[12]]
                                R-sqrd. Adj. R-sqrd.   F-stat     p-value
h12:taxes                     0.3507843 0.0261764827 1.080640 0.410480756
h12:inflation_expectations_1y 0.5949605 0.3924407036 2.937790 0.004606953
h12:inflation_expectations_3y 0.3499479 0.0249218137 1.076676 0.413774470
h12:inflation                 0.3337662 0.0006493633 1.001949 0.478919231
h12:economic_activity         0.4178894 0.1268341125 1.435773 0.186904859


$diagnostic_list$`Shock: inflation_expectations_1y`
$diagnostic_list$`Shock: inflation_expectations_1y`[[1]]
                               R-sqrd. Adj. R-sqrd.    F-stat      p-value
h1:taxes                     0.2089903  -0.08533895 0.7100561 7.683214e-01
h1:inflation_expectations_1y 0.6104282   0.46547127 4.2111003 8.373169e-05
h1:inflation_expectations_3y 0.4031983   0.18113254 1.8156707 6.078251e-02
h1:inflation                 0.3714062   0.13751082 1.5879159 1.140009e-01
h1:economic_activity         0.3144981   0.05942759 1.2329850 2.835886e-01

$diagnostic_list$`Shock: inflation_expectations_1y`[[2]]
                               R-sqrd. Adj. R-sqrd.    F-stat   p-value
h2:taxes                     0.1225978  -0.21165064 0.3667865 0.9835760
h2:inflation_expectations_1y 0.3469340   0.09814689 1.3945016 0.1911306
h2:inflation_expectations_3y 0.1845083  -0.12615523 0.5939168 0.8704632
h2:inflation                 0.1528346  -0.16989512 0.4735684 0.9465926
h2:economic_activity         0.3227382   0.06473368 1.2509013 0.2726895

$diagnostic_list$`Shock: inflation_expectations_1y`[[3]]
                                R-sqrd. Adj. R-sqrd.    F-stat   p-value
h3:taxes                     0.14503587  -0.18860866 0.4347018 0.9630416
h3:inflation_expectations_1y 0.31888208   0.05307997 1.1996973 0.3087476
h3:inflation_expectations_3y 0.07260942  -0.28929910 0.2006292 0.9994401
h3:inflation                 0.11430056  -0.23133824 0.3306937 0.9902016
h3:economic_activity         0.26462107  -0.02235607 0.9220981 0.5518098

$diagnostic_list$`Shock: inflation_expectations_1y`[[4]]
                               R-sqrd. Adj. R-sqrd.    F-stat   p-value
h4:taxes                     0.1482401  -0.19246385 0.4350995 0.9626192
h4:inflation_expectations_1y 0.2889847   0.00457865 1.0160990 0.4609842
h4:inflation_expectations_3y 0.2049775  -0.11303151 0.6445651 0.8276818
h4:inflation                 0.2768346  -0.01243156 0.9570238 0.5173679
h4:economic_activity         0.3167241   0.04341371 1.1588440 0.3399331

$diagnostic_list$`Shock: inflation_expectations_1y`[[5]]
                               R-sqrd. Adj. R-sqrd.    F-stat   p-value
h5:taxes                     0.2619673  -0.04081540 0.8651990 0.6099086
h5:inflation_expectations_1y 0.3146812   0.03352484 1.1192391 0.3720023
h5:inflation_expectations_3y 0.2780586  -0.01812253 0.9388127 0.5356063
h5:inflation                 0.1771779  -0.16039016 0.5248657 0.9173256
h5:economic_activity         0.2656711  -0.03559204 0.8818573 0.5928879

$diagnostic_list$`Shock: inflation_expectations_1y`[[6]]
                               R-sqrd. Adj. R-sqrd.    F-stat   p-value
h6:taxes                     0.2262941  -0.09947678 0.6946419 0.7811098
h6:inflation_expectations_1y 0.3932652   0.13779790 1.5393955 0.1361591
h6:inflation_expectations_3y 0.3286049   0.04591222 1.1624103 0.3392277
h6:inflation                 0.3038008   0.01066431 1.0363800 0.4436539
h6:economic_activity         0.2617140  -0.04914324 0.8419106 0.6337464

$diagnostic_list$`Shock: inflation_expectations_1y`[[7]]
                               R-sqrd. Adj. R-sqrd.    F-stat    p-value
h7:taxes                     0.3240227   0.03170818 1.1084728 0.38257523
h7:inflation_expectations_1y 0.3573540   0.07945296 1.2859039 0.25666383
h7:inflation_expectations_3y 0.4453429   0.20549121 1.8567427 0.06007184
h7:inflation                 0.2197021  -0.11772406 0.6511116 0.82045771
h7:economic_activity         0.2255637  -0.10932770 0.6735428 0.80027551

$diagnostic_list$`Shock: inflation_expectations_1y`[[8]]
                               R-sqrd. Adj. R-sqrd.    F-stat    p-value
h8:taxes                     0.1571841  -0.21740080 0.4196220 0.96716588
h8:inflation_expectations_1y 0.4930709   0.26776905 2.1884904 0.02547264
h8:inflation_expectations_3y 0.2990892  -0.01242676 0.9601087 0.51585983
h8:inflation                 0.2422906  -0.09446910 0.7194762 0.75644800
h8:economic_activity         0.2541323  -0.07736451 0.7666206 0.70992658

$diagnostic_list$`Shock: inflation_expectations_1y`[[9]]
                               R-sqrd. Adj. R-sqrd.    F-stat    p-value
h9:taxes                     0.2669519 -0.068155872 0.7966150 0.67944363
h9:inflation_expectations_1y 0.4575257  0.209537438 1.8449490 0.06443751
h9:inflation_expectations_3y 0.3595272  0.066739646 1.2279456 0.29625743
h9:inflation                 0.2430829 -0.102936359 0.7025126 0.77223999
h9:economic_activity         0.3090099 -0.006871339 0.9782471 0.49904362

$diagnostic_list$`Shock: inflation_expectations_1y`[[10]]
                                R-sqrd. Adj. R-sqrd.    F-stat    p-value
h10:taxes                     0.2680458  -0.07640319 0.7781872 0.69770836
h10:inflation_expectations_1y 0.5099104   0.27927993 2.2109414 0.02560011
h10:inflation_expectations_3y 0.2673964  -0.07735817 0.7756138 0.70028327
h10:inflation                 0.1991131  -0.17777478 0.5283086 0.91269624
h10:economic_activity         0.3424075   0.03295222 1.1064846 0.38718840

$diagnostic_list$`Shock: inflation_expectations_1y`[[11]]
                                R-sqrd. Adj. R-sqrd.    F-stat    p-value
h11:taxes                     0.3277197  0.001765643 1.0054168 0.47506526
h11:inflation_expectations_1y 0.4726661  0.216989044 1.8486841 0.06655058
h11:inflation_expectations_3y 0.3591808  0.048480650 1.1560368 0.34984050
h11:inflation                 0.2014308 -0.185754262 0.5202442 0.91714247
h11:economic_activity         0.2668089 -0.088677737 0.7505455 0.72479694

$diagnostic_list$`Shock: inflation_expectations_1y`[[12]]
                                R-sqrd. Adj. R-sqrd.   F-stat     p-value
h12:taxes                     0.3507843 0.0261764827 1.080640 0.410480756
h12:inflation_expectations_1y 0.5949605 0.3924407036 2.937790 0.004606953
h12:inflation_expectations_3y 0.3499479 0.0249218137 1.076676 0.413774470
h12:inflation                 0.3337662 0.0006493633 1.001949 0.478919231
h12:economic_activity         0.4178894 0.1268341125 1.435773 0.186904859


$diagnostic_list$`Shock: inflation_expectations_3y`
$diagnostic_list$`Shock: inflation_expectations_3y`[[1]]
                               R-sqrd. Adj. R-sqrd.    F-stat      p-value
h1:taxes                     0.2089903  -0.08533895 0.7100561 7.683214e-01
h1:inflation_expectations_1y 0.6104282   0.46547127 4.2111003 8.373169e-05
h1:inflation_expectations_3y 0.4031983   0.18113254 1.8156707 6.078251e-02
h1:inflation                 0.3714062   0.13751082 1.5879159 1.140009e-01
h1:economic_activity         0.3144981   0.05942759 1.2329850 2.835886e-01

$diagnostic_list$`Shock: inflation_expectations_3y`[[2]]
                               R-sqrd. Adj. R-sqrd.    F-stat   p-value
h2:taxes                     0.1225978  -0.21165064 0.3667865 0.9835760
h2:inflation_expectations_1y 0.3469340   0.09814689 1.3945016 0.1911306
h2:inflation_expectations_3y 0.1845083  -0.12615523 0.5939168 0.8704632
h2:inflation                 0.1528346  -0.16989512 0.4735684 0.9465926
h2:economic_activity         0.3227382   0.06473368 1.2509013 0.2726895

$diagnostic_list$`Shock: inflation_expectations_3y`[[3]]
                                R-sqrd. Adj. R-sqrd.    F-stat   p-value
h3:taxes                     0.14503587  -0.18860866 0.4347018 0.9630416
h3:inflation_expectations_1y 0.31888208   0.05307997 1.1996973 0.3087476
h3:inflation_expectations_3y 0.07260942  -0.28929910 0.2006292 0.9994401
h3:inflation                 0.11430056  -0.23133824 0.3306937 0.9902016
h3:economic_activity         0.26462107  -0.02235607 0.9220981 0.5518098

$diagnostic_list$`Shock: inflation_expectations_3y`[[4]]
                               R-sqrd. Adj. R-sqrd.    F-stat   p-value
h4:taxes                     0.1482401  -0.19246385 0.4350995 0.9626192
h4:inflation_expectations_1y 0.2889847   0.00457865 1.0160990 0.4609842
h4:inflation_expectations_3y 0.2049775  -0.11303151 0.6445651 0.8276818
h4:inflation                 0.2768346  -0.01243156 0.9570238 0.5173679
h4:economic_activity         0.3167241   0.04341371 1.1588440 0.3399331

$diagnostic_list$`Shock: inflation_expectations_3y`[[5]]
                               R-sqrd. Adj. R-sqrd.    F-stat   p-value
h5:taxes                     0.2619673  -0.04081540 0.8651990 0.6099086
h5:inflation_expectations_1y 0.3146812   0.03352484 1.1192391 0.3720023
h5:inflation_expectations_3y 0.2780586  -0.01812253 0.9388127 0.5356063
h5:inflation                 0.1771779  -0.16039016 0.5248657 0.9173256
h5:economic_activity         0.2656711  -0.03559204 0.8818573 0.5928879

$diagnostic_list$`Shock: inflation_expectations_3y`[[6]]
                               R-sqrd. Adj. R-sqrd.    F-stat   p-value
h6:taxes                     0.2262941  -0.09947678 0.6946419 0.7811098
h6:inflation_expectations_1y 0.3932652   0.13779790 1.5393955 0.1361591
h6:inflation_expectations_3y 0.3286049   0.04591222 1.1624103 0.3392277
h6:inflation                 0.3038008   0.01066431 1.0363800 0.4436539
h6:economic_activity         0.2617140  -0.04914324 0.8419106 0.6337464

$diagnostic_list$`Shock: inflation_expectations_3y`[[7]]
                               R-sqrd. Adj. R-sqrd.    F-stat    p-value
h7:taxes                     0.3240227   0.03170818 1.1084728 0.38257523
h7:inflation_expectations_1y 0.3573540   0.07945296 1.2859039 0.25666383
h7:inflation_expectations_3y 0.4453429   0.20549121 1.8567427 0.06007184
h7:inflation                 0.2197021  -0.11772406 0.6511116 0.82045771
h7:economic_activity         0.2255637  -0.10932770 0.6735428 0.80027551

$diagnostic_list$`Shock: inflation_expectations_3y`[[8]]
                               R-sqrd. Adj. R-sqrd.    F-stat    p-value
h8:taxes                     0.1571841  -0.21740080 0.4196220 0.96716588
h8:inflation_expectations_1y 0.4930709   0.26776905 2.1884904 0.02547264
h8:inflation_expectations_3y 0.2990892  -0.01242676 0.9601087 0.51585983
h8:inflation                 0.2422906  -0.09446910 0.7194762 0.75644800
h8:economic_activity         0.2541323  -0.07736451 0.7666206 0.70992658

$diagnostic_list$`Shock: inflation_expectations_3y`[[9]]
                               R-sqrd. Adj. R-sqrd.    F-stat    p-value
h9:taxes                     0.2669519 -0.068155872 0.7966150 0.67944363
h9:inflation_expectations_1y 0.4575257  0.209537438 1.8449490 0.06443751
h9:inflation_expectations_3y 0.3595272  0.066739646 1.2279456 0.29625743
h9:inflation                 0.2430829 -0.102936359 0.7025126 0.77223999
h9:economic_activity         0.3090099 -0.006871339 0.9782471 0.49904362

$diagnostic_list$`Shock: inflation_expectations_3y`[[10]]
                                R-sqrd. Adj. R-sqrd.    F-stat    p-value
h10:taxes                     0.2680458  -0.07640319 0.7781872 0.69770836
h10:inflation_expectations_1y 0.5099104   0.27927993 2.2109414 0.02560011
h10:inflation_expectations_3y 0.2673964  -0.07735817 0.7756138 0.70028327
h10:inflation                 0.1991131  -0.17777478 0.5283086 0.91269624
h10:economic_activity         0.3424075   0.03295222 1.1064846 0.38718840

$diagnostic_list$`Shock: inflation_expectations_3y`[[11]]
                                R-sqrd. Adj. R-sqrd.    F-stat    p-value
h11:taxes                     0.3277197  0.001765643 1.0054168 0.47506526
h11:inflation_expectations_1y 0.4726661  0.216989044 1.8486841 0.06655058
h11:inflation_expectations_3y 0.3591808  0.048480650 1.1560368 0.34984050
h11:inflation                 0.2014308 -0.185754262 0.5202442 0.91714247
h11:economic_activity         0.2668089 -0.088677737 0.7505455 0.72479694

$diagnostic_list$`Shock: inflation_expectations_3y`[[12]]
                                R-sqrd. Adj. R-sqrd.   F-stat     p-value
h12:taxes                     0.3507843 0.0261764827 1.080640 0.410480756
h12:inflation_expectations_1y 0.5949605 0.3924407036 2.937790 0.004606953
h12:inflation_expectations_3y 0.3499479 0.0249218137 1.076676 0.413774470
h12:inflation                 0.3337662 0.0006493633 1.001949 0.478919231
h12:economic_activity         0.4178894 0.1268341125 1.435773 0.186904859


$diagnostic_list$`Shock: inflation`
$diagnostic_list$`Shock: inflation`[[1]]
                               R-sqrd. Adj. R-sqrd.    F-stat      p-value
h1:taxes                     0.2089903  -0.08533895 0.7100561 7.683214e-01
h1:inflation_expectations_1y 0.6104282   0.46547127 4.2111003 8.373169e-05
h1:inflation_expectations_3y 0.4031983   0.18113254 1.8156707 6.078251e-02
h1:inflation                 0.3714062   0.13751082 1.5879159 1.140009e-01
h1:economic_activity         0.3144981   0.05942759 1.2329850 2.835886e-01

$diagnostic_list$`Shock: inflation`[[2]]
                               R-sqrd. Adj. R-sqrd.    F-stat   p-value
h2:taxes                     0.1225978  -0.21165064 0.3667865 0.9835760
h2:inflation_expectations_1y 0.3469340   0.09814689 1.3945016 0.1911306
h2:inflation_expectations_3y 0.1845083  -0.12615523 0.5939168 0.8704632
h2:inflation                 0.1528346  -0.16989512 0.4735684 0.9465926
h2:economic_activity         0.3227382   0.06473368 1.2509013 0.2726895

$diagnostic_list$`Shock: inflation`[[3]]
                                R-sqrd. Adj. R-sqrd.    F-stat   p-value
h3:taxes                     0.14503587  -0.18860866 0.4347018 0.9630416
h3:inflation_expectations_1y 0.31888208   0.05307997 1.1996973 0.3087476
h3:inflation_expectations_3y 0.07260942  -0.28929910 0.2006292 0.9994401
h3:inflation                 0.11430056  -0.23133824 0.3306937 0.9902016
h3:economic_activity         0.26462107  -0.02235607 0.9220981 0.5518098

$diagnostic_list$`Shock: inflation`[[4]]
                               R-sqrd. Adj. R-sqrd.    F-stat   p-value
h4:taxes                     0.1482401  -0.19246385 0.4350995 0.9626192
h4:inflation_expectations_1y 0.2889847   0.00457865 1.0160990 0.4609842
h4:inflation_expectations_3y 0.2049775  -0.11303151 0.6445651 0.8276818
h4:inflation                 0.2768346  -0.01243156 0.9570238 0.5173679
h4:economic_activity         0.3167241   0.04341371 1.1588440 0.3399331

$diagnostic_list$`Shock: inflation`[[5]]
                               R-sqrd. Adj. R-sqrd.    F-stat   p-value
h5:taxes                     0.2619673  -0.04081540 0.8651990 0.6099086
h5:inflation_expectations_1y 0.3146812   0.03352484 1.1192391 0.3720023
h5:inflation_expectations_3y 0.2780586  -0.01812253 0.9388127 0.5356063
h5:inflation                 0.1771779  -0.16039016 0.5248657 0.9173256
h5:economic_activity         0.2656711  -0.03559204 0.8818573 0.5928879

$diagnostic_list$`Shock: inflation`[[6]]
                               R-sqrd. Adj. R-sqrd.    F-stat   p-value
h6:taxes                     0.2262941  -0.09947678 0.6946419 0.7811098
h6:inflation_expectations_1y 0.3932652   0.13779790 1.5393955 0.1361591
h6:inflation_expectations_3y 0.3286049   0.04591222 1.1624103 0.3392277
h6:inflation                 0.3038008   0.01066431 1.0363800 0.4436539
h6:economic_activity         0.2617140  -0.04914324 0.8419106 0.6337464

$diagnostic_list$`Shock: inflation`[[7]]
                               R-sqrd. Adj. R-sqrd.    F-stat    p-value
h7:taxes                     0.3240227   0.03170818 1.1084728 0.38257523
h7:inflation_expectations_1y 0.3573540   0.07945296 1.2859039 0.25666383
h7:inflation_expectations_3y 0.4453429   0.20549121 1.8567427 0.06007184
h7:inflation                 0.2197021  -0.11772406 0.6511116 0.82045771
h7:economic_activity         0.2255637  -0.10932770 0.6735428 0.80027551

$diagnostic_list$`Shock: inflation`[[8]]
                               R-sqrd. Adj. R-sqrd.    F-stat    p-value
h8:taxes                     0.1571841  -0.21740080 0.4196220 0.96716588
h8:inflation_expectations_1y 0.4930709   0.26776905 2.1884904 0.02547264
h8:inflation_expectations_3y 0.2990892  -0.01242676 0.9601087 0.51585983
h8:inflation                 0.2422906  -0.09446910 0.7194762 0.75644800
h8:economic_activity         0.2541323  -0.07736451 0.7666206 0.70992658

$diagnostic_list$`Shock: inflation`[[9]]
                               R-sqrd. Adj. R-sqrd.    F-stat    p-value
h9:taxes                     0.2669519 -0.068155872 0.7966150 0.67944363
h9:inflation_expectations_1y 0.4575257  0.209537438 1.8449490 0.06443751
h9:inflation_expectations_3y 0.3595272  0.066739646 1.2279456 0.29625743
h9:inflation                 0.2430829 -0.102936359 0.7025126 0.77223999
h9:economic_activity         0.3090099 -0.006871339 0.9782471 0.49904362

$diagnostic_list$`Shock: inflation`[[10]]
                                R-sqrd. Adj. R-sqrd.    F-stat    p-value
h10:taxes                     0.2680458  -0.07640319 0.7781872 0.69770836
h10:inflation_expectations_1y 0.5099104   0.27927993 2.2109414 0.02560011
h10:inflation_expectations_3y 0.2673964  -0.07735817 0.7756138 0.70028327
h10:inflation                 0.1991131  -0.17777478 0.5283086 0.91269624
h10:economic_activity         0.3424075   0.03295222 1.1064846 0.38718840

$diagnostic_list$`Shock: inflation`[[11]]
                                R-sqrd. Adj. R-sqrd.    F-stat    p-value
h11:taxes                     0.3277197  0.001765643 1.0054168 0.47506526
h11:inflation_expectations_1y 0.4726661  0.216989044 1.8486841 0.06655058
h11:inflation_expectations_3y 0.3591808  0.048480650 1.1560368 0.34984050
h11:inflation                 0.2014308 -0.185754262 0.5202442 0.91714247
h11:economic_activity         0.2668089 -0.088677737 0.7505455 0.72479694

$diagnostic_list$`Shock: inflation`[[12]]
                                R-sqrd. Adj. R-sqrd.   F-stat     p-value
h12:taxes                     0.3507843 0.0261764827 1.080640 0.410480756
h12:inflation_expectations_1y 0.5949605 0.3924407036 2.937790 0.004606953
h12:inflation_expectations_3y 0.3499479 0.0249218137 1.076676 0.413774470
h12:inflation                 0.3337662 0.0006493633 1.001949 0.478919231
h12:economic_activity         0.4178894 0.1268341125 1.435773 0.186904859


$diagnostic_list$`Shock: economic_activity`
$diagnostic_list$`Shock: economic_activity`[[1]]
                               R-sqrd. Adj. R-sqrd.    F-stat      p-value
h1:taxes                     0.2089903  -0.08533895 0.7100561 7.683214e-01
h1:inflation_expectations_1y 0.6104282   0.46547127 4.2111003 8.373169e-05
h1:inflation_expectations_3y 0.4031983   0.18113254 1.8156707 6.078251e-02
h1:inflation                 0.3714062   0.13751082 1.5879159 1.140009e-01
h1:economic_activity         0.3144981   0.05942759 1.2329850 2.835886e-01

$diagnostic_list$`Shock: economic_activity`[[2]]
                               R-sqrd. Adj. R-sqrd.    F-stat   p-value
h2:taxes                     0.1225978  -0.21165064 0.3667865 0.9835760
h2:inflation_expectations_1y 0.3469340   0.09814689 1.3945016 0.1911306
h2:inflation_expectations_3y 0.1845083  -0.12615523 0.5939168 0.8704632
h2:inflation                 0.1528346  -0.16989512 0.4735684 0.9465926
h2:economic_activity         0.3227382   0.06473368 1.2509013 0.2726895

$diagnostic_list$`Shock: economic_activity`[[3]]
                                R-sqrd. Adj. R-sqrd.    F-stat   p-value
h3:taxes                     0.14503587  -0.18860866 0.4347018 0.9630416
h3:inflation_expectations_1y 0.31888208   0.05307997 1.1996973 0.3087476
h3:inflation_expectations_3y 0.07260942  -0.28929910 0.2006292 0.9994401
h3:inflation                 0.11430056  -0.23133824 0.3306937 0.9902016
h3:economic_activity         0.26462107  -0.02235607 0.9220981 0.5518098

$diagnostic_list$`Shock: economic_activity`[[4]]
                               R-sqrd. Adj. R-sqrd.    F-stat   p-value
h4:taxes                     0.1482401  -0.19246385 0.4350995 0.9626192
h4:inflation_expectations_1y 0.2889847   0.00457865 1.0160990 0.4609842
h4:inflation_expectations_3y 0.2049775  -0.11303151 0.6445651 0.8276818
h4:inflation                 0.2768346  -0.01243156 0.9570238 0.5173679
h4:economic_activity         0.3167241   0.04341371 1.1588440 0.3399331

$diagnostic_list$`Shock: economic_activity`[[5]]
                               R-sqrd. Adj. R-sqrd.    F-stat   p-value
h5:taxes                     0.2619673  -0.04081540 0.8651990 0.6099086
h5:inflation_expectations_1y 0.3146812   0.03352484 1.1192391 0.3720023
h5:inflation_expectations_3y 0.2780586  -0.01812253 0.9388127 0.5356063
h5:inflation                 0.1771779  -0.16039016 0.5248657 0.9173256
h5:economic_activity         0.2656711  -0.03559204 0.8818573 0.5928879

$diagnostic_list$`Shock: economic_activity`[[6]]
                               R-sqrd. Adj. R-sqrd.    F-stat   p-value
h6:taxes                     0.2262941  -0.09947678 0.6946419 0.7811098
h6:inflation_expectations_1y 0.3932652   0.13779790 1.5393955 0.1361591
h6:inflation_expectations_3y 0.3286049   0.04591222 1.1624103 0.3392277
h6:inflation                 0.3038008   0.01066431 1.0363800 0.4436539
h6:economic_activity         0.2617140  -0.04914324 0.8419106 0.6337464

$diagnostic_list$`Shock: economic_activity`[[7]]
                               R-sqrd. Adj. R-sqrd.    F-stat    p-value
h7:taxes                     0.3240227   0.03170818 1.1084728 0.38257523
h7:inflation_expectations_1y 0.3573540   0.07945296 1.2859039 0.25666383
h7:inflation_expectations_3y 0.4453429   0.20549121 1.8567427 0.06007184
h7:inflation                 0.2197021  -0.11772406 0.6511116 0.82045771
h7:economic_activity         0.2255637  -0.10932770 0.6735428 0.80027551

$diagnostic_list$`Shock: economic_activity`[[8]]
                               R-sqrd. Adj. R-sqrd.    F-stat    p-value
h8:taxes                     0.1571841  -0.21740080 0.4196220 0.96716588
h8:inflation_expectations_1y 0.4930709   0.26776905 2.1884904 0.02547264
h8:inflation_expectations_3y 0.2990892  -0.01242676 0.9601087 0.51585983
h8:inflation                 0.2422906  -0.09446910 0.7194762 0.75644800
h8:economic_activity         0.2541323  -0.07736451 0.7666206 0.70992658

$diagnostic_list$`Shock: economic_activity`[[9]]
                               R-sqrd. Adj. R-sqrd.    F-stat    p-value
h9:taxes                     0.2669519 -0.068155872 0.7966150 0.67944363
h9:inflation_expectations_1y 0.4575257  0.209537438 1.8449490 0.06443751
h9:inflation_expectations_3y 0.3595272  0.066739646 1.2279456 0.29625743
h9:inflation                 0.2430829 -0.102936359 0.7025126 0.77223999
h9:economic_activity         0.3090099 -0.006871339 0.9782471 0.49904362

$diagnostic_list$`Shock: economic_activity`[[10]]
                                R-sqrd. Adj. R-sqrd.    F-stat    p-value
h10:taxes                     0.2680458  -0.07640319 0.7781872 0.69770836
h10:inflation_expectations_1y 0.5099104   0.27927993 2.2109414 0.02560011
h10:inflation_expectations_3y 0.2673964  -0.07735817 0.7756138 0.70028327
h10:inflation                 0.1991131  -0.17777478 0.5283086 0.91269624
h10:economic_activity         0.3424075   0.03295222 1.1064846 0.38718840

$diagnostic_list$`Shock: economic_activity`[[11]]
                                R-sqrd. Adj. R-sqrd.    F-stat    p-value
h11:taxes                     0.3277197  0.001765643 1.0054168 0.47506526
h11:inflation_expectations_1y 0.4726661  0.216989044 1.8486841 0.06655058
h11:inflation_expectations_3y 0.3591808  0.048480650 1.1560368 0.34984050
h11:inflation                 0.2014308 -0.185754262 0.5202442 0.91714247
h11:economic_activity         0.2668089 -0.088677737 0.7505455 0.72479694

$diagnostic_list$`Shock: economic_activity`[[12]]
                                R-sqrd. Adj. R-sqrd.   F-stat     p-value
h12:taxes                     0.3507843 0.0261764827 1.080640 0.410480756
h12:inflation_expectations_1y 0.5949605 0.3924407036 2.937790 0.004606953
h12:inflation_expectations_3y 0.3499479 0.0249218137 1.076676 0.413774470
h12:inflation                 0.3337662 0.0006493633 1.001949 0.478919231
h12:economic_activity         0.4178894 0.1268341125 1.435773 0.186904859



$specs
$specs$lags_endog_lin
SC(n) 
    1 

$specs$lags_criterion
[1] NaN

$specs$max_lags
[1] NaN

$specs$trend
[1] 0

$specs$shock_type
[1] 0

$specs$confint
[1] 1.65

$specs$hor
[1] 12

$specs$use_nw
[1] TRUE

$specs$nw_prewhite
[1] FALSE

$specs$adjust_se
[1] FALSE

$specs$use_twosls
[1] FALSE

$specs$contemp_data
$specs$contemp_data$dummy
 [1] 0 0 0 0 0 0 0 0 0 0 0 0 0 0 0 0 0 0 0 0 0 0 0 0 0 0 1 1 1 1 0 1 0 1 0 0 0 0 0 0 0 0 0 0 0 0 0 0 0 0 0 0 0 0 0 0 0 0 0 0
[61] 0

$specs$contemp_data$Jan
 [1] 0 0 0 0 0 0 0 0 0 0 0 1 0 0 0 0 0 0 0 0 0 0 0 1 0 0 0 0 0 0 0 0 0 0 0 1 0 0 0 0 0 0 0 0 0 0 0 1 0 0 0 0 0 0 0 0 0 0 0 1
[61] 0

$specs$contemp_data$Feb
 [1] 1 0 0 0 0 0 0 0 0 0 0 0 1 0 0 0 0 0 0 0 0 0 0 0 1 0 0 0 0 0 0 0 0 0 0 0 1 0 0 0 0 0 0 0 0 0 0 0 1 0 0 0 0 0 0 0 0 0 0 0
[61] 1

$specs$contemp_data$Mar
 [1] 0 1 0 0 0 0 0 0 0 0 0 0 0 1 0 0 0 0 0 0 0 0 0 0 0 1 0 0 0 0 0 0 0 0 0 0 0 1 0 0 0 0 0 0 0 0 0 0 0 1 0 0 0 0 0 0 0 0 0 0
[61] 0

$specs$contemp_data$Apr
 [1] 0 0 1 0 0 0 0 0 0 0 0 0 0 0 1 0 0 0 0 0 0 0 0 0 0 0 1 0 0 0 0 0 0 0 0 0 0 0 1 0 0 0 0 0 0 0 0 0 0 0 1 0 0 0 0 0 0 0 0 0
[61] 0

$specs$contemp_data$May
 [1] 0 0 0 1 0 0 0 0 0 0 0 0 0 0 0 1 0 0 0 0 0 0 0 0 0 0 0 1 0 0 0 0 0 0 0 0 0 0 0 1 0 0 0 0 0 0 0 0 0 0 0 1 0 0 0 0 0 0 0 0
[61] 0

$specs$contemp_data$Jun
 [1] 0 0 0 0 1 0 0 0 0 0 0 0 0 0 0 0 1 0 0 0 0 0 0 0 0 0 0 0 1 0 0 0 0 0 0 0 0 0 0 0 1 0 0 0 0 0 0 0 0 0 0 0 1 0 0 0 0 0 0 0
[61] 0

$specs$contemp_data$Jul
 [1] 0 0 0 0 0 1 0 0 0 0 0 0 0 0 0 0 0 1 0 0 0 0 0 0 0 0 0 0 0 1 0 0 0 0 0 0 0 0 0 0 0 1 0 0 0 0 0 0 0 0 0 0 0 1 0 0 0 0 0 0
[61] 0

$specs$contemp_data$Aug
 [1] 0 0 0 0 0 0 1 0 0 0 0 0 0 0 0 0 0 0 1 0 0 0 0 0 0 0 0 0 0 0 1 0 0 0 0 0 0 0 0 0 0 0 1 0 0 0 0 0 0 0 0 0 0 0 1 0 0 0 0 0
[61] 0

$specs$contemp_data$Sep
 [1] 0 0 0 0 0 0 0 1 0 0 0 0 0 0 0 0 0 0 0 1 0 0 0 0 0 0 0 0 0 0 0 1 0 0 0 0 0 0 0 0 0 0 0 1 0 0 0 0 0 0 0 0 0 0 0 1 0 0 0 0
[61] 0

$specs$contemp_data$Oct
 [1] 0 0 0 0 0 0 0 0 1 0 0 0 0 0 0 0 0 0 0 0 1 0 0 0 0 0 0 0 0 0 0 0 1 0 0 0 0 0 0 0 0 0 0 0 1 0 0 0 0 0 0 0 0 0 0 0 1 0 0 0
[61] 0


$specs$model_type
[1] 0

$specs$starts
[1] 1

$specs$ends
[1] 61

$specs$column_names
[1] "taxes"                     "inflation_expectations_1y" "inflation_expectations_3y" "inflation"                
[5] "economic_activity"        

$specs$endog
[1] 5

$specs$y_lin
           taxes inflation_expectations_1y inflation_expectations_3y     inflation economic_activity
2  -4.273630e-04              -0.093069017              -0.116992518  0.0118791283      0.0132147973
3  -1.888067e-03              -0.179841030              -0.082446768 -0.0180540196      0.0197042191
4   2.976174e-03               0.042644040              -0.009027443  0.0117895324      0.0091204916
5   3.802973e-03               0.038628823              -0.004366708  0.0080067127      0.0256060314
6  -6.675140e-03               0.037587716               0.047957221 -0.0080781182     -0.0008554676
7   1.126893e-03               0.042232388              -0.051764649 -0.0091070197      0.0134624669
8   5.076169e-03               0.066831950               0.083116914  0.0035186802      0.0099315901
9  -2.157841e-03               0.074361879               0.104697282  0.0072325549      0.0093828680
10  9.855016e-03               0.097256869               0.129269948  0.0109363479      0.0019638250
11  6.804841e-03               0.090859949               0.040770491 -0.0256428615      0.0024138617
12  6.151163e-03               0.150130443               0.168118070 -0.0087928721     -0.0039597521
13 -1.007292e-03               0.154457901               0.190173118 -0.0192514804      0.0121072497
14 -1.756617e-02               0.016860856               0.023610225  0.0121350319      0.0036954885
15  4.435093e-03               0.081748607               0.155708559  0.0254869151      0.0040989018
16 -6.578167e-03              -0.092583911               0.021248402  0.0315361282      0.0142325513
17 -5.477440e-04              -0.193230976              -0.043276262 -0.0135380408     -0.0038460784
18  4.892084e-03               0.067156473               0.059606826 -0.0237050248      0.0003874938
19  6.776434e-03               0.028570973               0.007379959  0.0070212946     -0.0030995371
20  7.112018e-05              -0.110390831              -0.043736816 -0.0008099038     -0.0027487440
21 -9.912162e-03              -0.009296058              -0.148649219  0.0022449886      0.0100916736
22  6.241685e-03              -0.137446744              -0.128886832  0.0149056931     -0.0068965871
23 -2.912399e-03              -0.102682542               0.022526063  0.0056048268     -0.0018302030
24 -5.017574e-03               0.085885577               0.040433270  0.0166801358     -0.0053688531
25  5.354874e-04               0.052676001               0.034575991 -0.0032142186      0.0092054021
26  4.053376e-03               0.082834189               0.071948279 -0.0143825022      0.0065049140
27 -1.617697e-02               0.059890764              -0.139321440 -0.0765488966     -0.1095376270
28 -1.224675e-02               0.110803355               0.054336359 -0.1180561839     -0.8013817712
29 -3.895437e-03               0.440086455               0.002754213 -0.0394295123      0.1819834628
30  3.143914e-03               0.060988570              -0.180594733  0.0227326525      0.1811371292
31  2.579544e-03               0.192429026               0.022748256  0.0290171471     -0.0032090982
32  5.451724e-04               0.215418333               0.210000612  0.0188797606      0.1242242661
33  8.321134e-04               0.090842219              -0.097192097 -0.0081495346      0.0427062365
34 -3.423798e-03              -0.176135374              -0.211683475 -0.0273674729      0.0659089440
35  9.831454e-05              -0.189613815              -0.173824252 -0.0169879726      0.0090416110
36  4.525706e-04              -0.309955966              -0.096708136  0.0137622962     -0.0200398947
37  7.587151e-04              -0.438829199              -0.136241740 -0.0175590348      0.0297735978
38  5.908769e-03              -0.586924618              -0.252722198 -0.0022948550      0.0122939477
39  3.383434e-03              -0.640823289              -0.247849266  0.0090208096      0.0224621217
40 -9.476750e-05              -0.744269330              -0.328708352  0.0296218439     -0.0027052872
41  2.472716e-03              -0.331977245               0.061289940  0.0278964532      0.0234591779
42  4.514077e-04               0.239203704              -0.036411180  0.0417894154      0.0133334691
43  1.769003e-03               0.051907720               0.062479848 -0.0037102132      0.0466232530
44  5.053701e-03               0.168972059               0.295863311 -0.0101886004      0.0231090359
45 -3.326155e-03               0.091561951               0.448800361 -0.0095415708      0.0349689544
46  3.693949e-03               0.244040498               0.439272896  0.0513660931      0.0238252787
47  1.847486e-03               0.420618875               0.227962584  0.0346746044      0.0237066681
48  1.453758e-03               0.265010741               0.220814479  0.0322088457      0.0235842891
49  5.836823e-03              -0.056457642              -0.282966474  0.0093029159     -0.0110638564
50  6.826742e-03               0.063072574               0.047559850  0.0216592661      0.0313075917
51  5.638005e-03               0.583575145              -0.006092132  0.0594986810      0.0032570089
52  1.613719e-03               0.310877420               0.279880828 -0.0193295446     -0.0042385199
53  3.425318e-03               0.535617968               0.326312135  0.0475641271     -0.0153374760
54  2.553729e-03               0.756444779               0.145136221  0.0829906319     -0.0114672989
55 -2.079924e-03               0.249347053              -0.203776953 -0.0724345513     -0.0001570211
56 -1.467450e-02              -0.163336671              -0.538329081 -0.0398569237     -0.0222817013
57  6.027169e-04              -0.387472074              -0.287419250 -0.0177631399     -0.0027547779
58 -4.255517e-03               0.208077418               0.011815895 -0.0082045127     -0.0219807589
59 -4.019658e-03              -0.407923836              -0.001392901 -0.0432906191     -0.0099343622
60 -4.862211e-03              -0.539237661               0.094962482 -0.0521834854     -0.0180533987
61  2.011337e-03              -0.472610574              -0.084508752 -0.0042564185     -0.0088103979

$specs$x_lin
     taxes_lag_1 inflation_expectations_1y_lag_1 inflation_expectations_3y_lag_1 inflation_lag_1 economic_activity_lag_1
2  -2.005861e-03                    -0.205402860                    -0.218241259    0.0307655897            0.0097286005
3  -4.273630e-04                    -0.093069017                    -0.116992518    0.0118791283            0.0132147973
4  -1.888067e-03                    -0.179841030                    -0.082446768   -0.0180540196            0.0197042191
5   2.976174e-03                     0.042644040                    -0.009027443    0.0117895324            0.0091204916
6   3.802973e-03                     0.038628823                    -0.004366708    0.0080067127            0.0256060314
7  -6.675140e-03                     0.037587716                     0.047957221   -0.0080781182           -0.0008554676
8   1.126893e-03                     0.042232388                    -0.051764649   -0.0091070197            0.0134624669
9   5.076169e-03                     0.066831950                     0.083116914    0.0035186802            0.0099315901
10 -2.157841e-03                     0.074361879                     0.104697282    0.0072325549            0.0093828680
11  9.855016e-03                     0.097256869                     0.129269948    0.0109363479            0.0019638250
12  6.804841e-03                     0.090859949                     0.040770491   -0.0256428615            0.0024138617
13  6.151163e-03                     0.150130443                     0.168118070   -0.0087928721           -0.0039597521
14 -1.007292e-03                     0.154457901                     0.190173118   -0.0192514804            0.0121072497
15 -1.756617e-02                     0.016860856                     0.023610225    0.0121350319            0.0036954885
16  4.435093e-03                     0.081748607                     0.155708559    0.0254869151            0.0040989018
17 -6.578167e-03                    -0.092583911                     0.021248402    0.0315361282            0.0142325513
18 -5.477440e-04                    -0.193230976                    -0.043276262   -0.0135380408           -0.0038460784
19  4.892084e-03                     0.067156473                     0.059606826   -0.0237050248            0.0003874938
20  6.776434e-03                     0.028570973                     0.007379959    0.0070212946           -0.0030995371
21  7.112018e-05                    -0.110390831                    -0.043736816   -0.0008099038           -0.0027487440
22 -9.912162e-03                    -0.009296058                    -0.148649219    0.0022449886            0.0100916736
23  6.241685e-03                    -0.137446744                    -0.128886832    0.0149056931           -0.0068965871
24 -2.912399e-03                    -0.102682542                     0.022526063    0.0056048268           -0.0018302030
25 -5.017574e-03                     0.085885577                     0.040433270    0.0166801358           -0.0053688531
26  5.354874e-04                     0.052676001                     0.034575991   -0.0032142186            0.0092054021
27  4.053376e-03                     0.082834189                     0.071948279   -0.0143825022            0.0065049140
28 -1.617697e-02                     0.059890764                    -0.139321440   -0.0765488966           -0.1095376270
29 -1.224675e-02                     0.110803355                     0.054336359   -0.1180561839           -0.8013817712
30 -3.895437e-03                     0.440086455                     0.002754213   -0.0394295123            0.1819834628
31  3.143914e-03                     0.060988570                    -0.180594733    0.0227326525            0.1811371292
32  2.579544e-03                     0.192429026                     0.022748256    0.0290171471           -0.0032090982
33  5.451724e-04                     0.215418333                     0.210000612    0.0188797606            0.1242242661
34  8.321134e-04                     0.090842219                    -0.097192097   -0.0081495346            0.0427062365
35 -3.423798e-03                    -0.176135374                    -0.211683475   -0.0273674729            0.0659089440
36  9.831454e-05                    -0.189613815                    -0.173824252   -0.0169879726            0.0090416110
37  4.525706e-04                    -0.309955966                    -0.096708136    0.0137622962           -0.0200398947
38  7.587151e-04                    -0.438829199                    -0.136241740   -0.0175590348            0.0297735978
39  5.908769e-03                    -0.586924618                    -0.252722198   -0.0022948550            0.0122939477
40  3.383434e-03                    -0.640823289                    -0.247849266    0.0090208096            0.0224621217
41 -9.476750e-05                    -0.744269330                    -0.328708352    0.0296218439           -0.0027052872
42  2.472716e-03                    -0.331977245                     0.061289940    0.0278964532            0.0234591779
43  4.514077e-04                     0.239203704                    -0.036411180    0.0417894154            0.0133334691
44  1.769003e-03                     0.051907720                     0.062479848   -0.0037102132            0.0466232530
45  5.053701e-03                     0.168972059                     0.295863311   -0.0101886004            0.0231090359
46 -3.326155e-03                     0.091561951                     0.448800361   -0.0095415708            0.0349689544
47  3.693949e-03                     0.244040498                     0.439272896    0.0513660931            0.0238252787
48  1.847486e-03                     0.420618875                     0.227962584    0.0346746044            0.0237066681
49  1.453758e-03                     0.265010741                     0.220814479    0.0322088457            0.0235842891
50  5.836823e-03                    -0.056457642                    -0.282966474    0.0093029159           -0.0110638564
51  6.826742e-03                     0.063072574                     0.047559850    0.0216592661            0.0313075917
52  5.638005e-03                     0.583575145                    -0.006092132    0.0594986810            0.0032570089
53  1.613719e-03                     0.310877420                     0.279880828   -0.0193295446           -0.0042385199
54  3.425318e-03                     0.535617968                     0.326312135    0.0475641271           -0.0153374760
55  2.553729e-03                     0.756444779                     0.145136221    0.0829906319           -0.0114672989
56 -2.079924e-03                     0.249347053                    -0.203776953   -0.0724345513           -0.0001570211
57 -1.467450e-02                    -0.163336671                    -0.538329081   -0.0398569237           -0.0222817013
58  6.027169e-04                    -0.387472074                    -0.287419250   -0.0177631399           -0.0027547779
59 -4.255517e-03                     0.208077418                     0.011815895   -0.0082045127           -0.0219807589
60 -4.019658e-03                    -0.407923836                    -0.001392901   -0.0432906191           -0.0099343622
61 -4.862211e-03                    -0.539237661                     0.094962482   -0.0521834854           -0.0180533987
   dummy Jan Feb Mar Apr May Jun Jul Aug Sep Oct
2      0   0   0   1   0   0   0   0   0   0   0
3      0   0   0   0   1   0   0   0   0   0   0
4      0   0   0   0   0   1   0   0   0   0   0
5      0   0   0   0   0   0   1   0   0   0   0
6      0   0   0   0   0   0   0   1   0   0   0
7      0   0   0   0   0   0   0   0   1   0   0
8      0   0   0   0   0   0   0   0   0   1   0
9      0   0   0   0   0   0   0   0   0   0   1
10     0   0   0   0   0   0   0   0   0   0   0
11     0   0   0   0   0   0   0   0   0   0   0
12     0   1   0   0   0   0   0   0   0   0   0
13     0   0   1   0   0   0   0   0   0   0   0
14     0   0   0   1   0   0   0   0   0   0   0
15     0   0   0   0   1   0   0   0   0   0   0
16     0   0   0   0   0   1   0   0   0   0   0
17     0   0   0   0   0   0   1   0   0   0   0
18     0   0   0   0   0   0   0   1   0   0   0
19     0   0   0   0   0   0   0   0   1   0   0
20     0   0   0   0   0   0   0   0   0   1   0
21     0   0   0   0   0   0   0   0   0   0   1
22     0   0   0   0   0   0   0   0   0   0   0
23     0   0   0   0   0   0   0   0   0   0   0
24     0   1   0   0   0   0   0   0   0   0   0
25     0   0   1   0   0   0   0   0   0   0   0
26     0   0   0   1   0   0   0   0   0   0   0
27     1   0   0   0   1   0   0   0   0   0   0
28     1   0   0   0   0   1   0   0   0   0   0
29     1   0   0   0   0   0   1   0   0   0   0
30     1   0   0   0   0   0   0   1   0   0   0
31     0   0   0   0   0   0   0   0   1   0   0
32     1   0   0   0   0   0   0   0   0   1   0
33     0   0   0   0   0   0   0   0   0   0   1
34     1   0   0   0   0   0   0   0   0   0   0
35     0   0   0   0   0   0   0   0   0   0   0
36     0   1   0   0   0   0   0   0   0   0   0
37     0   0   1   0   0   0   0   0   0   0   0
38     0   0   0   1   0   0   0   0   0   0   0
39     0   0   0   0   1   0   0   0   0   0   0
40     0   0   0   0   0   1   0   0   0   0   0
41     0   0   0   0   0   0   1   0   0   0   0
42     0   0   0   0   0   0   0   1   0   0   0
43     0   0   0   0   0   0   0   0   1   0   0
44     0   0   0   0   0   0   0   0   0   1   0
45     0   0   0   0   0   0   0   0   0   0   1
46     0   0   0   0   0   0   0   0   0   0   0
47     0   0   0   0   0   0   0   0   0   0   0
48     0   1   0   0   0   0   0   0   0   0   0
49     0   0   1   0   0   0   0   0   0   0   0
50     0   0   0   1   0   0   0   0   0   0   0
51     0   0   0   0   1   0   0   0   0   0   0
52     0   0   0   0   0   1   0   0   0   0   0
53     0   0   0   0   0   0   1   0   0   0   0
54     0   0   0   0   0   0   0   1   0   0   0
55     0   0   0   0   0   0   0   0   1   0   0
56     0   0   0   0   0   0   0   0   0   1   0
57     0   0   0   0   0   0   0   0   0   0   1
58     0   0   0   0   0   0   0   0   0   0   0
59     0   0   0   0   0   0   0   0   0   0   0
60     0   1   0   0   0   0   0   0   0   0   0
61     0   0   1   0   0   0   0   0   0   0   0


attr(,"class")
[1] "lpirfs_lin_obj"
