[1] "pent_up_demand"       "djn level estimation"
                   1             2             3             4             5             6
AIC(n) -2.606679e+01 -2.636154e+01 -2.678155e+01 -2.714694e+01 -2.733049e+01 -2.933373e+01
HQ(n)  -2.485936e+01 -2.479899e+01 -2.486387e+01 -2.487413e+01 -2.470256e+01 -2.635066e+01
SC(n)  -2.293598e+01 -2.230991e+01 -2.180909e+01 -2.125366e+01 -2.051638e+01 -2.159879e+01
FPE(n)  5.338212e-12  4.574008e-12  3.828731e-12  3.953796e-12  6.277098e-12  2.501088e-12
                   1             2             3             4             5             6
AIC(n) -2.606679e+01 -2.636154e+01 -2.678155e+01 -2.714694e+01 -2.733049e+01 -2.933373e+01
HQ(n)  -2.485936e+01 -2.479899e+01 -2.486387e+01 -2.487413e+01 -2.470256e+01 -2.635066e+01
SC(n)  -2.293598e+01 -2.230991e+01 -2.180909e+01 -2.125366e+01 -2.051638e+01 -2.159879e+01
FPE(n)  5.338212e-12  4.574008e-12  3.828731e-12  3.953796e-12  6.277098e-12  2.501088e-12
$irf_lin_mean
, , 1

            [,1]         [,2]         [,3]         [,4]         [,5]          [,6]         [,7]          [,8]         [,9]
[1,] 0.007523516 -0.002493982 0.0000137452  0.002320255 -0.001315931 -0.0006095328  0.002336314 -4.923719e-04 0.0005441488
[2,] 0.006300780  0.078276002 0.0526129099 -0.004758215  0.034578078  0.0631158454 -0.001467339 -6.751017e-06 0.0888941188
[3,] 0.021213551  0.023121531 0.0404085393 -0.035994845  0.041799602  0.0090273474  0.002841118  1.482920e-02 0.0190074783
[4,] 0.007465669  0.007824913 0.0053390497 -0.001431612  0.002945234  0.0074926379  0.004048718  1.025290e-02 0.0173730997
[5,] 0.036331251 -0.010778844 0.0204557237 -0.001634215 -0.008652057  0.0078859819  0.012741322  5.621543e-03 0.0242201662
            [,10]        [,11]       [,12]        [,13]
[1,]  0.001797634 -0.001184379 0.001791134 -0.002415204
[2,]  0.003323323  0.029730875 0.012230832  0.120298554
[3,] -0.003084134 -0.020861018 0.033463845  0.029920103
[4,]  0.005076848  0.006463500 0.007500657  0.007060022
[5,]  0.000962033  0.006869323 0.008817770  0.005709145

, , 2

             [,1]          [,2]        [,3]          [,4]         [,5]          [,6]        [,7]          [,8]         [,9]
[1,]  0.000000000 -0.0001044307 0.001414666 -0.0008541316  0.001328031 -0.0001623593 0.001294074 -0.0008183031 0.0003747853
[2,]  0.194610047  0.0581271568 0.004760106  0.0735971686  0.078303195  0.0389865388 0.013237877  0.0496800547 0.0158710626
[3,]  0.092823074  0.0134653562 0.010852523  0.0046141717  0.028802749 -0.0319721816 0.007897771  0.0054464546 0.0004388501
[4,]  0.009032449  0.0074885676 0.003085570  0.0107081219  0.009643073  0.0077749257 0.009966612  0.0192643123 0.0161130934
[5,] -0.013985257  0.0171218773 0.013393540 -0.0039297836 -0.005274543  0.0102696217 0.025166624 -0.0020784306 0.0303778371
            [,10]        [,11]         [,12]        [,13]
[1,]  0.001442137 -0.003359648  0.0008384689 -0.000380395
[2,] -0.028097513  0.006946611 -0.0191770500 -0.043988890
[3,] -0.037861351 -0.029005610 -0.0183183022 -0.048441448
[4,]  0.008799536  0.008741513  0.0145881010  0.019393281
[5,]  0.006316902 -0.013636216  0.0343668575  0.021934196

, , 3

             [,1]          [,2]         [,3]         [,4]          [,5]         [,6]         [,7]         [,8]         [,9]
[1,]  0.000000000  0.0003857932  0.002419945 -0.001812011 -0.0001008443  0.003449233 -0.002509805  0.003720022 -0.001846823
[2,]  0.000000000  0.1023840994 -0.058904287  0.040508994 -0.0233706872  0.015613659  0.141816463 -0.017600018  0.065711103
[3,]  0.171034006 -0.0003753796  0.003206372 -0.019538729 -0.0409424546  0.051671600  0.034650591  0.073400825 -0.018202146
[4,] -0.006938244  0.0041772689 -0.004535492 -0.006187374  0.0002549062 -0.006890327  0.004727716  0.004764581  0.009155153
[5,] -0.002050963  0.0144498995 -0.007712008 -0.007087548  0.0181928637 -0.025264124 -0.009664141  0.036710739  0.019900950
           [,10]        [,11]         [,12]        [,13]
[1,] 0.004252638 -0.002054799  0.0002922419  0.001726371
[2,] 0.002337036  0.133867001  0.0036690981  0.026702680
[3,] 0.051309680 -0.005153650 -0.0436932813 -0.010005729
[4,] 0.011643285  0.010435879  0.0070513621  0.001249788
[5,] 0.017909270 -0.013756018  0.0199967481  0.009679324

, , 4

           [,1]          [,2]          [,3]          [,4]         [,5]          [,6]          [,7]          [,8]
[1,] 0.00000000  0.0008168422 -0.0004653171 -0.0003038542 -0.001286877 -0.0001206204 -0.0014464198  0.0003865722
[2,] 0.00000000  0.0093120998  0.0039324428 -0.0286273750 -0.003829820 -0.0126139370 -0.0106265888 -0.0390090850
[3,] 0.00000000 -0.0153478448 -0.0364094828 -0.0247409429 -0.014893751  0.0146735386 -0.0001126929 -0.0306731150
[4,] 0.02879071  0.0170397415  0.0101346710  0.0078567990  0.009646911  0.0102016914  0.0096098231  0.0098131322
[5,] 0.03684462  0.0186008711 -0.0136300495  0.0099029392  0.016384283 -0.0073749658 -0.0096094061  0.0225503461
              [,9]         [,10]       [,11]        [,12]         [,13]
[1,] -0.0001716597 -7.673574e-05 0.001741796 -0.002739166 -0.0026465632
[2,] -0.0460021243  5.122668e-03 0.017967955  0.021675187 -0.0269290718
[3,] -0.0370508371  2.263972e-03 0.014108970 -0.011439620  0.0003826455
[4,]  0.0091306229  1.356590e-02 0.016075154  0.007994087 -0.0028688738
[5,] -0.0014955024  1.503152e-02 0.027775506 -0.006676025 -0.0264676389

, , 5

           [,1]          [,2]         [,3]         [,4]          [,5]          [,6]         [,7]         [,8]          [,9]
[1,] 0.00000000  0.0036981271 -0.003172152  0.001862062 -3.430476e-05 -0.0004008412 0.0013455934 0.0004991074 -0.0002618736
[2,] 0.00000000 -0.0599910261  0.086337520  0.015467300 -4.585886e-02 -0.0113407364 0.0967569454 0.0120126483  0.0278915851
[3,] 0.00000000  0.0082861430  0.055077726 -0.012563348 -6.190001e-02  0.0487148433 0.0404231743 0.0133511931  0.0092000149
[4,] 0.00000000 -0.0006203535 -0.003750090 -0.004714252 -5.903355e-03 -0.0048709255 0.0080479475 0.0022402498 -0.0050043848
[5,] 0.09398679 -0.0104191429 -0.036817791  0.013896601 -3.873523e-03  0.0033092612 0.0004121593 0.0040273719  0.0109215977
            [,10]        [,11]        [,12]         [,13]
[1,]  0.001618672 -0.001483454  0.001083806  0.0009548107
[2,]  0.012067983  0.056744571  0.051539578  0.0106448355
[3,] -0.012185424  0.037508526 -0.007377608  0.0391484722
[4,]  0.003164698  0.001647732  0.003273862 -0.0032045613
[5,]  0.002431262 -0.009300367  0.015888976 -0.0230479010


$irf_lin_low
, , 1

            [,1]         [,2]         [,3]          [,4]          [,5]         [,6]         [,7]         [,8]         [,9]
[1,] 0.007523516 -0.005306977 -0.003103174  2.463498e-05 -4.671682e-03 -0.004008871 -0.000481275 -0.002429281 -0.002223798
[2,] 0.006300780  0.008471476 -0.028786494 -9.687150e-02 -5.651110e-02 -0.004361373 -0.080563752 -0.069317046  0.018664013
[3,] 0.021213551 -0.053394782 -0.012796294 -1.156055e-01 -4.766997e-05 -0.041308339 -0.056298431 -0.040821561 -0.027672333
[4,] 0.007465669 -0.002808666 -0.007826975 -1.251619e-02 -8.773057e-03 -0.002014522 -0.011337546 -0.001177412  0.009748702
[5,] 0.036331251 -0.052747057 -0.030726231 -2.296494e-02 -4.267020e-02 -0.010500126 -0.018233638 -0.024905290 -0.010683350
             [,10]        [,11]         [,12]        [,13]
[1,] -0.0006727655 -0.003896599 -0.0005150691 -0.004579755
[2,] -0.0820648140 -0.065268144 -0.0825312283  0.052558038
[3,] -0.0611558785 -0.070063861 -0.0284175227 -0.015094738
[4,] -0.0096187290 -0.004242918 -0.0046906748 -0.003282213
[5,] -0.0242306743 -0.026379393 -0.0190241089 -0.041055767

, , 2

             [,1]         [,2]         [,3]         [,4]         [,5]         [,6]        [,7]         [,8]         [,9]
[1,]  0.000000000 -0.003205625 -0.001563718 -0.004413035 -0.003467937 -0.003487283 -0.00268562 -0.004196934 -0.003940119
[2,]  0.194610047 -0.025319522 -0.093387530 -0.028116656  0.005271094 -0.054037215 -0.06073107 -0.095674019 -0.064248464
[3,]  0.092823074 -0.065599333 -0.063426612 -0.067176502 -0.017370681 -0.089724118 -0.06033929 -0.095599993 -0.063040163
[4,]  0.009032449 -0.002954299 -0.009355186 -0.003222465 -0.005115914 -0.006858189 -0.00476589  0.007227581  0.005135338
[5,] -0.013985257 -0.018230080 -0.019996882 -0.024237933 -0.052588961 -0.030714881 -0.02689708 -0.054956753 -0.003837996
            [,10]        [,11]         [,12]         [,13]
[1,] -0.002972267 -0.008207409 -0.0027490588 -0.0040249471
[2,] -0.161647242 -0.087616338 -0.1637559100 -0.1446434921
[3,] -0.119718776 -0.107142809 -0.1448121672 -0.1118848706
[4,] -0.006885535 -0.005045833 -0.0004821764  0.0004473324
[5,] -0.034527205 -0.066881284 -0.0211026638 -0.0248217076

, , 3

             [,1]          [,2]          [,3]         [,4]          [,5]         [,6]          [,7]          [,8]
[1,]  0.000000000 -0.0016822988  0.0008791902 -0.003762964 -0.0025078279  0.001034784 -0.0043244248  0.0011241736
[2,]  0.000000000  0.0688289744 -0.1121804553 -0.001110099 -0.0567450327 -0.019502414  0.1147253864 -0.0805500163
[3,]  0.171034006 -0.0375305476 -0.0283303586 -0.044548361 -0.0670918040  0.030818825  0.0007159093  0.0383426402
[4,] -0.006938244 -0.0008688315 -0.0112385548 -0.012310533 -0.0055993425 -0.013360774 -0.0004008127 -0.0007131464
[5,] -0.002050963 -0.0053974322 -0.0271113874 -0.025360277  0.0003363815 -0.053160839 -0.0232272558  0.0038724310
              [,9]        [,10]        [,11]        [,12]         [,13]
[1,] -3.208456e-03  0.002536810 -0.003368711 -0.000974543  0.0004664288
[2,]  2.925437e-02 -0.036388071  0.086955798 -0.051178253 -0.0278548390
[3,] -4.418390e-02  0.005003545 -0.047155263 -0.092174794 -0.0380953973
[4,]  9.408518e-04  0.005833342  0.005405112  0.002063770 -0.0083436164
[5,] -5.594302e-05 -0.001051166 -0.025377351  0.006630176  0.0048773785

, , 4

           [,1]         [,2]         [,3]         [,4]         [,5]          [,6]         [,7]          [,8]         [,9]
[1,] 0.00000000 -0.001334559 -0.002329722 -0.002075566 -0.003453162 -0.0019053076 -0.003894350 -0.0007113938 -0.002771869
[2,] 0.00000000 -0.042595653 -0.063749574 -0.113148046 -0.062639166 -0.0773636060 -0.072542247 -0.1106246487 -0.105303990
[3,] 0.00000000 -0.068667153 -0.088480968 -0.075625833 -0.056575409 -0.0239975024 -0.038760527 -0.0739537396 -0.080132256
[4,] 0.02879071  0.007102583 -0.002887101 -0.003852920  0.000431322  0.0008732866 -0.002019055  0.0016517333  0.001618690
[5,] 0.03684462 -0.016820183 -0.039608826 -0.005515913 -0.008617597 -0.0210478672 -0.031351037  0.0015973978 -0.016875557
            [,10]        [,11]        [,12]        [,13]
[1,] -0.002649817 -0.001813971 -0.004950905 -0.004640746
[2,] -0.082969913 -0.046671160 -0.077965320 -0.080058568
[3,] -0.047971524 -0.031370226 -0.076147377 -0.040023149
[4,]  0.002462282  0.005964225 -0.003475599 -0.010008966
[5,] -0.010889244 -0.013532332 -0.039527471 -0.066531330

, , 5

           [,1]         [,2]         [,3]         [,4]         [,5]         [,6]          [,7]          [,8]          [,9]
[1,] 0.00000000  0.002289086 -0.004557309  0.001054695 -0.001165018 -0.001655649 -0.0003229266 -0.0002823465 -0.0013161030
[2,] 0.00000000 -0.090338179  0.045201985 -0.024730941 -0.075281448 -0.042643238  0.0552782707 -0.0256145363 -0.0083852415
[3,] 0.00000000 -0.022218113  0.031061204 -0.040550518 -0.089652601  0.029163331  0.0193472494 -0.0148719180 -0.0067515878
[4,] 0.00000000 -0.007382961 -0.014714941 -0.010982019 -0.009570187 -0.010150047  0.0010716139 -0.0036603269 -0.0102687741
[5,] 0.09398679 -0.036255080 -0.063294507  0.004438783 -0.012010907 -0.006203829 -0.0105064789 -0.0039289274 -0.0004862016
             [,10]        [,11]         [,12]        [,13]
[1,]  2.546404e-05 -0.003267767 -0.0001228397 -0.000311300
[2,] -2.297574e-02  0.015813980  0.0027925192 -0.021096222
[3,] -4.538250e-02  0.009984806 -0.0382323272  0.016055279
[4,] -2.930980e-03 -0.003628893 -0.0042681515 -0.009215964
[5,] -4.490475e-03 -0.026354639 -0.0046033937 -0.060550128


$irf_lin_up
, , 1

            [,1]         [,2]        [,3]        [,4]        [,5]        [,6]        [,7]        [,8]        [,9]
[1,] 0.007523516 0.0003190135 0.003130664 0.004615875 0.002039821 0.002789806 0.005153903 0.001444538 0.003312095
[2,] 0.006300780 0.1480805287 0.134012314 0.087355068 0.125667253 0.130593064 0.077629075 0.069303544 0.159124225
[3,] 0.021213551 0.0996378448 0.093613373 0.043615777 0.083646875 0.059363034 0.061980667 0.070479964 0.065687289
[4,] 0.007465669 0.0184584928 0.018505075 0.009652963 0.014663525 0.016999797 0.019434983 0.021683218 0.024997498
[5,] 0.036331251 0.0311893678 0.071637679 0.019696509 0.025366089 0.026272090 0.043716282 0.036148375 0.059123682
           [,10]       [,11]       [,12]         [,13]
[1,] 0.004268034 0.001527841 0.004097337 -0.0002506533
[2,] 0.088711460 0.124729895 0.106992893  0.1880390704
[3,] 0.054987610 0.028341824 0.095345213  0.0749349440
[4,] 0.019772426 0.017169918 0.019691988  0.0174022570
[5,] 0.026154740 0.040118038 0.036659649  0.0524740568

, , 2

             [,1]        [,2]        [,3]        [,4]        [,5]        [,6]        [,7]        [,8]       [,9]       [,10]
[1,]  0.000000000 0.002996763 0.004393049 0.002704772 0.006123999 0.003162564 0.005273767 0.002560328 0.00468969 0.005856541
[2,]  0.194610047 0.141573836 0.102907742 0.175310993 0.151335296 0.132010293 0.087206827 0.195034129 0.09599059 0.105452216
[3,]  0.092823074 0.092530045 0.085131658 0.076404845 0.074976179 0.025779754 0.076134830 0.106492902 0.06391786 0.043996074
[4,]  0.009032449 0.017931434 0.015526326 0.024638708 0.024402059 0.022408040 0.024699115 0.031301044 0.02709085 0.024484608
[5,] -0.013985257 0.052473834 0.046783962 0.016378365 0.042039875 0.051254125 0.077230328 0.050799892 0.06459367 0.047161010
           [,11]       [,12]       [,13]
[1,] 0.001488114 0.004425997 0.003264157
[2,] 0.101509559 0.125401810 0.056665712
[3,] 0.049131588 0.108175563 0.015001975
[4,] 0.022528860 0.029658378 0.038339229
[5,] 0.039608853 0.089836379 0.068690100

, , 3

             [,1]        [,2]         [,3]          [,4]         [,5]          [,6]          [,7]        [,8]          [,9]
[1,]  0.000000000 0.002453885  0.003960699  1.389417e-04  0.002306139  0.0058636819 -0.0006951843 0.006315871 -0.0004851891
[2,]  0.000000000 0.135939224 -0.005628119  8.212809e-02  0.010003658  0.0507297317  0.1689075390 0.045349980  0.1021678341
[3,]  0.171034006 0.036779788  0.034743102  5.470903e-03 -0.014793105  0.0725243739  0.0685852726 0.108459010  0.0077796055
[4,] -0.006938244 0.009223369  0.002167570 -6.421406e-05  0.006109155 -0.0004198798  0.0098562446 0.010242308  0.0173694533
[5,] -0.002050963 0.034297231  0.011687372  1.118518e-02  0.036049346  0.0026325907  0.0038989734 0.069549046  0.0398578427
           [,10]         [,11]       [,12]       [,13]
[1,] 0.005968466 -0.0007408872 0.001559027 0.002986313
[2,] 0.041062144  0.1807782036 0.058516449 0.081260200
[3,] 0.097615816  0.0368479623 0.004788231 0.018083939
[4,] 0.017453229  0.0154666468 0.012038954 0.010843192
[5,] 0.036869706 -0.0021346843 0.033363320 0.014481270

, , 4

           [,1]        [,2]        [,3]        [,4]         [,5]        [,6]       [,7]        [,8]        [,9]       [,10]
[1,] 0.00000000 0.002968244 0.001399088 0.001467858 0.0008794079 0.001664067 0.00100151 0.001484538 0.002428550 0.002496345
[2,] 0.00000000 0.061219853 0.071614459 0.055893296 0.0549795252 0.052135732 0.05128907 0.032606479 0.013299741 0.093215249
[3,] 0.00000000 0.037971464 0.015662003 0.026143947 0.0267879067 0.053344580 0.03853514 0.012607510 0.006030582 0.052499468
[4,] 0.02879071 0.026976900 0.023156443 0.019566518 0.0188625004 0.019530096 0.02123870 0.017974531 0.016642556 0.024669509
[5,] 0.03684462 0.054021925 0.012348727 0.025321791 0.0413861638 0.006297936 0.01213222 0.043503294 0.013884552 0.040952290
           [,11]         [,12]         [,13]
[1,] 0.005297563 -0.0005274277 -0.0006523808
[2,] 0.082607071  0.1213156935  0.0262004246
[3,] 0.059588165  0.0532681368  0.0407884405
[4,] 0.026186083  0.0194637722  0.0042712184
[5,] 0.069083344  0.0261754210  0.0135960520

, , 5

           [,1]         [,2]         [,3]        [,4]         [,5]         [,6]        [,7]        [,8]         [,9]
[1,] 0.00000000  0.005107168 -0.001786995 0.002669429  0.001096409 0.0008539663 0.003014113 0.001280561 0.0007923559
[2,] 0.00000000 -0.029643873  0.127473054 0.055665541 -0.016436262 0.0199617649 0.138235620 0.049639833 0.0641684117
[3,] 0.00000000  0.038790399  0.079094248 0.015423822 -0.034147427 0.0682663556 0.061499099 0.041574304 0.0251516177
[4,] 0.00000000  0.006142254  0.007214761 0.001553516 -0.002236522 0.0004081959 0.015024281 0.008140826 0.0002600045
[5,] 0.09398679  0.015416794 -0.010341076 0.023354420  0.004263862 0.0128223517 0.011330797 0.011983671 0.0223293970
           [,10]        [,11]       [,12]       [,13]
[1,] 0.003211880 0.0003008586 0.002290451 0.002220921
[2,] 0.047111710 0.0976751613 0.100286638 0.042385892
[3,] 0.021011651 0.0650322463 0.023477110 0.062241665
[4,] 0.009260377 0.0069243576 0.010815875 0.002806841
[5,] 0.009353000 0.0077539063 0.036381346 0.014454326


$diagnostic_list
$diagnostic_list$`Shock: pent_up_demand`
$diagnostic_list$`Shock: pent_up_demand`[[1]]
                               R-sqrd. Adj. R-sqrd.    F-stat     p-value
h1:pent_up_demand            0.4698088   0.26783117 2.3260439 0.014603944
h1:inflation_expectations_1y 0.4599541   0.25422231 2.2356978 0.018872880
h1:inflation_expectations_3y 0.1416593  -0.18532759 0.4332263 0.963856924
h1:inflation                 0.5159096   0.33149415 2.7975404 0.003866582
h1:economic_activity         0.3305895   0.07557595 1.2963606 0.244256215

$diagnostic_list$`Shock: pent_up_demand`[[2]]
                               R-sqrd. Adj. R-sqrd.    F-stat   p-value
h2:pent_up_demand            0.3728840   0.12815574 1.5236656 0.1378319
h2:inflation_expectations_1y 0.3290256   0.06718187 1.2565724 0.2700844
h2:inflation_expectations_3y 0.2577432  -0.03191803 0.8898091 0.5845980
h2:inflation                 0.2314254  -0.06850618 0.7715940 0.7063232
h2:economic_activity         0.3889260   0.15045804 1.6309362 0.1036435

$diagnostic_list$`Shock: pent_up_demand`[[3]]
                               R-sqrd. Adj. R-sqrd.    F-stat   p-value
h3:pent_up_demand            0.3178811   0.04503361 1.1650504 0.3352182
h3:inflation_expectations_1y 0.2746224  -0.01552865 0.9464808 0.5277377
h3:inflation_expectations_3y 0.1618294  -0.17343887 0.4826863 0.9414235
h3:inflation                 0.2619521  -0.03326711 0.8873139 0.5872397
h3:economic_activity         0.3053552   0.02749727 1.0989616 0.3878373

$diagnostic_list$`Shock: pent_up_demand`[[4]]
                               R-sqrd. Adj. R-sqrd.    F-stat   p-value
h4:pent_up_demand            0.2588275  -0.04524324 0.8512082 0.6242567
h4:inflation_expectations_1y 0.3017812   0.01533244 1.0535259 0.4276844
h4:inflation_expectations_3y 0.3625009   0.10096281 1.3860348 0.1990440
h4:inflation                 0.2300808  -0.08578356 0.7284164 0.7489434
h4:economic_activity         0.3051784   0.02012338 1.0705947 0.4127468

$diagnostic_list$`Shock: pent_up_demand`[[5]]
                               R-sqrd. Adj. R-sqrd.    F-stat   p-value
h5:pent_up_demand            0.2923314 -0.005634347 0.9810906 0.4948982
h5:inflation_expectations_1y 0.2503723 -0.065260414 0.7932394 0.6835519
h5:inflation_expectations_3y 0.2506291 -0.064895425 0.7943253 0.6824451
h5:inflation                 0.2803710 -0.022630678 0.9253117 0.5492603
h5:economic_activity         0.2131642 -0.118135037 0.6434190 0.8277151

$diagnostic_list$`Shock: pent_up_demand`[[6]]
                               R-sqrd. Adj. R-sqrd.    F-stat   p-value
h6:pent_up_demand            0.3833831   0.11673789 1.4378024 0.1776622
h6:inflation_expectations_1y 0.4053814   0.14824908 1.5765477 0.1251226
h6:inflation_expectations_3y 0.1929357  -0.15606504 0.5528232 0.8981596
h6:inflation                 0.2590757  -0.06132406 0.8086014 0.6676898
h6:economic_activity         0.1651559  -0.19585771 0.4574784 0.9523569

$diagnostic_list$`Shock: pent_up_demand`[[7]]
                               R-sqrd. Adj. R-sqrd.    F-stat   p-value
h7:pent_up_demand            0.2547498  -0.07647257 0.7691201 0.7074200
h7:inflation_expectations_1y 0.2361016  -0.10340878 0.6954179 0.7794418
h7:inflation_expectations_3y 0.2563233  -0.07419964 0.7755084 0.7010000
h7:inflation                 0.3998312   0.13308953 1.4989454 0.1539571
h7:economic_activity         0.3513646   0.06308216 1.2188207 0.3010858

$diagnostic_list$`Shock: pent_up_demand`[[8]]
                               R-sqrd. Adj. R-sqrd.    F-stat   p-value
h8:pent_up_demand            0.1890927  -0.18160782 0.5100956 0.9243114
h8:inflation_expectations_1y 0.3391279   0.03701492 1.1225201 0.3732831
h8:inflation_expectations_3y 0.2603670  -0.07775097 0.7700478 0.7061726
h8:inflation                 0.4282887   0.16693492 1.6387317 0.1095106
h8:economic_activity         0.3410375   0.03979755 1.1321124 0.3657315

$diagnostic_list$`Shock: pent_up_demand`[[9]]
                               R-sqrd. Adj. R-sqrd.    F-stat   p-value
h9:pent_up_demand            0.3536429   0.04947493 1.1626566 0.3436332
h9:inflation_expectations_1y 0.2604566  -0.08756389 0.7483944 0.7273250
h9:inflation_expectations_3y 0.2532155  -0.09821245 0.7205332 0.7545084
h9:inflation                 0.2969325  -0.03392284 0.8974693 0.5777800
h9:economic_activity         0.2840250  -0.05290443 0.8429807 0.6324068

$diagnostic_list$`Shock: pent_up_demand`[[10]]
                                R-sqrd. Adj. R-sqrd.    F-stat   p-value
h10:pent_up_demand            0.3305313  0.005940441 1.0183013 0.4634200
h10:inflation_expectations_1y 0.3535336  0.040095272 1.1279208 0.3713057
h10:inflation_expectations_3y 0.2879528 -0.057282135 0.8340778 0.6412944
h10:inflation                 0.3293810  0.004232374 1.0130167 0.4681772
h10:economic_activity         0.3107575 -0.023420705 0.9299155 0.5461743

$diagnostic_list$`Shock: pent_up_demand`[[11]]
                                R-sqrd. Adj. R-sqrd.    F-stat   p-value
h11:pent_up_demand            0.3002094  -0.04968592 0.8579977 0.6172754
h11:inflation_expectations_1y 0.2898607  -0.06520891 0.8163490 0.6589502
h11:inflation_expectations_3y 0.2391888  -0.14121678 0.6287731 0.8367432
h11:inflation                 0.2992394  -0.05114094 0.8540416 0.6212239
h11:economic_activity         0.3497759   0.02466392 1.0758628 0.4144525

$diagnostic_list$`Shock: pent_up_demand`[[12]]
                                R-sqrd. Adj. R-sqrd.    F-stat   p-value
h12:pent_up_demand            0.3805210   0.06078985 1.1901280 0.3279953
h12:inflation_expectations_1y 0.4697403   0.19605788 1.7163700 0.0963549
h12:inflation_expectations_3y 0.3038147  -0.05550679 0.8455233 0.6296841
h12:inflation                 0.3312448  -0.01391912 0.9596739 0.5186188
h12:economic_activity         0.3651811   0.03753268 1.1145517 0.3842498


$diagnostic_list$`Shock: inflation_expectations_1y`
$diagnostic_list$`Shock: inflation_expectations_1y`[[1]]
                               R-sqrd. Adj. R-sqrd.    F-stat     p-value
h1:pent_up_demand            0.4698088   0.26783117 2.3260439 0.014603944
h1:inflation_expectations_1y 0.4599541   0.25422231 2.2356978 0.018872880
h1:inflation_expectations_3y 0.1416593  -0.18532759 0.4332263 0.963856924
h1:inflation                 0.5159096   0.33149415 2.7975404 0.003866582
h1:economic_activity         0.3305895   0.07557595 1.2963606 0.244256215

$diagnostic_list$`Shock: inflation_expectations_1y`[[2]]
                               R-sqrd. Adj. R-sqrd.    F-stat   p-value
h2:pent_up_demand            0.3728840   0.12815574 1.5236656 0.1378319
h2:inflation_expectations_1y 0.3290256   0.06718187 1.2565724 0.2700844
h2:inflation_expectations_3y 0.2577432  -0.03191803 0.8898091 0.5845980
h2:inflation                 0.2314254  -0.06850618 0.7715940 0.7063232
h2:economic_activity         0.3889260   0.15045804 1.6309362 0.1036435

$diagnostic_list$`Shock: inflation_expectations_1y`[[3]]
                               R-sqrd. Adj. R-sqrd.    F-stat   p-value
h3:pent_up_demand            0.3178811   0.04503361 1.1650504 0.3352182
h3:inflation_expectations_1y 0.2746224  -0.01552865 0.9464808 0.5277377
h3:inflation_expectations_3y 0.1618294  -0.17343887 0.4826863 0.9414235
h3:inflation                 0.2619521  -0.03326711 0.8873139 0.5872397
h3:economic_activity         0.3053552   0.02749727 1.0989616 0.3878373

$diagnostic_list$`Shock: inflation_expectations_1y`[[4]]
                               R-sqrd. Adj. R-sqrd.    F-stat   p-value
h4:pent_up_demand            0.2588275  -0.04524324 0.8512082 0.6242567
h4:inflation_expectations_1y 0.3017812   0.01533244 1.0535259 0.4276844
h4:inflation_expectations_3y 0.3625009   0.10096281 1.3860348 0.1990440
h4:inflation                 0.2300808  -0.08578356 0.7284164 0.7489434
h4:economic_activity         0.3051784   0.02012338 1.0705947 0.4127468

$diagnostic_list$`Shock: inflation_expectations_1y`[[5]]
                               R-sqrd. Adj. R-sqrd.    F-stat   p-value
h5:pent_up_demand            0.2923314 -0.005634347 0.9810906 0.4948982
h5:inflation_expectations_1y 0.2503723 -0.065260414 0.7932394 0.6835519
h5:inflation_expectations_3y 0.2506291 -0.064895425 0.7943253 0.6824451
h5:inflation                 0.2803710 -0.022630678 0.9253117 0.5492603
h5:economic_activity         0.2131642 -0.118135037 0.6434190 0.8277151

$diagnostic_list$`Shock: inflation_expectations_1y`[[6]]
                               R-sqrd. Adj. R-sqrd.    F-stat   p-value
h6:pent_up_demand            0.3833831   0.11673789 1.4378024 0.1776622
h6:inflation_expectations_1y 0.4053814   0.14824908 1.5765477 0.1251226
h6:inflation_expectations_3y 0.1929357  -0.15606504 0.5528232 0.8981596
h6:inflation                 0.2590757  -0.06132406 0.8086014 0.6676898
h6:economic_activity         0.1651559  -0.19585771 0.4574784 0.9523569

$diagnostic_list$`Shock: inflation_expectations_1y`[[7]]
                               R-sqrd. Adj. R-sqrd.    F-stat   p-value
h7:pent_up_demand            0.2547498  -0.07647257 0.7691201 0.7074200
h7:inflation_expectations_1y 0.2361016  -0.10340878 0.6954179 0.7794418
h7:inflation_expectations_3y 0.2563233  -0.07419964 0.7755084 0.7010000
h7:inflation                 0.3998312   0.13308953 1.4989454 0.1539571
h7:economic_activity         0.3513646   0.06308216 1.2188207 0.3010858

$diagnostic_list$`Shock: inflation_expectations_1y`[[8]]
                               R-sqrd. Adj. R-sqrd.    F-stat   p-value
h8:pent_up_demand            0.1890927  -0.18160782 0.5100956 0.9243114
h8:inflation_expectations_1y 0.3391279   0.03701492 1.1225201 0.3732831
h8:inflation_expectations_3y 0.2603670  -0.07775097 0.7700478 0.7061726
h8:inflation                 0.4282887   0.16693492 1.6387317 0.1095106
h8:economic_activity         0.3410375   0.03979755 1.1321124 0.3657315

$diagnostic_list$`Shock: inflation_expectations_1y`[[9]]
                               R-sqrd. Adj. R-sqrd.    F-stat   p-value
h9:pent_up_demand            0.3536429   0.04947493 1.1626566 0.3436332
h9:inflation_expectations_1y 0.2604566  -0.08756389 0.7483944 0.7273250
h9:inflation_expectations_3y 0.2532155  -0.09821245 0.7205332 0.7545084
h9:inflation                 0.2969325  -0.03392284 0.8974693 0.5777800
h9:economic_activity         0.2840250  -0.05290443 0.8429807 0.6324068

$diagnostic_list$`Shock: inflation_expectations_1y`[[10]]
                                R-sqrd. Adj. R-sqrd.    F-stat   p-value
h10:pent_up_demand            0.3305313  0.005940441 1.0183013 0.4634200
h10:inflation_expectations_1y 0.3535336  0.040095272 1.1279208 0.3713057
h10:inflation_expectations_3y 0.2879528 -0.057282135 0.8340778 0.6412944
h10:inflation                 0.3293810  0.004232374 1.0130167 0.4681772
h10:economic_activity         0.3107575 -0.023420705 0.9299155 0.5461743

$diagnostic_list$`Shock: inflation_expectations_1y`[[11]]
                                R-sqrd. Adj. R-sqrd.    F-stat   p-value
h11:pent_up_demand            0.3002094  -0.04968592 0.8579977 0.6172754
h11:inflation_expectations_1y 0.2898607  -0.06520891 0.8163490 0.6589502
h11:inflation_expectations_3y 0.2391888  -0.14121678 0.6287731 0.8367432
h11:inflation                 0.2992394  -0.05114094 0.8540416 0.6212239
h11:economic_activity         0.3497759   0.02466392 1.0758628 0.4144525

$diagnostic_list$`Shock: inflation_expectations_1y`[[12]]
                                R-sqrd. Adj. R-sqrd.    F-stat   p-value
h12:pent_up_demand            0.3805210   0.06078985 1.1901280 0.3279953
h12:inflation_expectations_1y 0.4697403   0.19605788 1.7163700 0.0963549
h12:inflation_expectations_3y 0.3038147  -0.05550679 0.8455233 0.6296841
h12:inflation                 0.3312448  -0.01391912 0.9596739 0.5186188
h12:economic_activity         0.3651811   0.03753268 1.1145517 0.3842498


$diagnostic_list$`Shock: inflation_expectations_3y`
$diagnostic_list$`Shock: inflation_expectations_3y`[[1]]
                               R-sqrd. Adj. R-sqrd.    F-stat     p-value
h1:pent_up_demand            0.4698088   0.26783117 2.3260439 0.014603944
h1:inflation_expectations_1y 0.4599541   0.25422231 2.2356978 0.018872880
h1:inflation_expectations_3y 0.1416593  -0.18532759 0.4332263 0.963856924
h1:inflation                 0.5159096   0.33149415 2.7975404 0.003866582
h1:economic_activity         0.3305895   0.07557595 1.2963606 0.244256215

$diagnostic_list$`Shock: inflation_expectations_3y`[[2]]
                               R-sqrd. Adj. R-sqrd.    F-stat   p-value
h2:pent_up_demand            0.3728840   0.12815574 1.5236656 0.1378319
h2:inflation_expectations_1y 0.3290256   0.06718187 1.2565724 0.2700844
h2:inflation_expectations_3y 0.2577432  -0.03191803 0.8898091 0.5845980
h2:inflation                 0.2314254  -0.06850618 0.7715940 0.7063232
h2:economic_activity         0.3889260   0.15045804 1.6309362 0.1036435

$diagnostic_list$`Shock: inflation_expectations_3y`[[3]]
                               R-sqrd. Adj. R-sqrd.    F-stat   p-value
h3:pent_up_demand            0.3178811   0.04503361 1.1650504 0.3352182
h3:inflation_expectations_1y 0.2746224  -0.01552865 0.9464808 0.5277377
h3:inflation_expectations_3y 0.1618294  -0.17343887 0.4826863 0.9414235
h3:inflation                 0.2619521  -0.03326711 0.8873139 0.5872397
h3:economic_activity         0.3053552   0.02749727 1.0989616 0.3878373

$diagnostic_list$`Shock: inflation_expectations_3y`[[4]]
                               R-sqrd. Adj. R-sqrd.    F-stat   p-value
h4:pent_up_demand            0.2588275  -0.04524324 0.8512082 0.6242567
h4:inflation_expectations_1y 0.3017812   0.01533244 1.0535259 0.4276844
h4:inflation_expectations_3y 0.3625009   0.10096281 1.3860348 0.1990440
h4:inflation                 0.2300808  -0.08578356 0.7284164 0.7489434
h4:economic_activity         0.3051784   0.02012338 1.0705947 0.4127468

$diagnostic_list$`Shock: inflation_expectations_3y`[[5]]
                               R-sqrd. Adj. R-sqrd.    F-stat   p-value
h5:pent_up_demand            0.2923314 -0.005634347 0.9810906 0.4948982
h5:inflation_expectations_1y 0.2503723 -0.065260414 0.7932394 0.6835519
h5:inflation_expectations_3y 0.2506291 -0.064895425 0.7943253 0.6824451
h5:inflation                 0.2803710 -0.022630678 0.9253117 0.5492603
h5:economic_activity         0.2131642 -0.118135037 0.6434190 0.8277151

$diagnostic_list$`Shock: inflation_expectations_3y`[[6]]
                               R-sqrd. Adj. R-sqrd.    F-stat   p-value
h6:pent_up_demand            0.3833831   0.11673789 1.4378024 0.1776622
h6:inflation_expectations_1y 0.4053814   0.14824908 1.5765477 0.1251226
h6:inflation_expectations_3y 0.1929357  -0.15606504 0.5528232 0.8981596
h6:inflation                 0.2590757  -0.06132406 0.8086014 0.6676898
h6:economic_activity         0.1651559  -0.19585771 0.4574784 0.9523569

$diagnostic_list$`Shock: inflation_expectations_3y`[[7]]
                               R-sqrd. Adj. R-sqrd.    F-stat   p-value
h7:pent_up_demand            0.2547498  -0.07647257 0.7691201 0.7074200
h7:inflation_expectations_1y 0.2361016  -0.10340878 0.6954179 0.7794418
h7:inflation_expectations_3y 0.2563233  -0.07419964 0.7755084 0.7010000
h7:inflation                 0.3998312   0.13308953 1.4989454 0.1539571
h7:economic_activity         0.3513646   0.06308216 1.2188207 0.3010858

$diagnostic_list$`Shock: inflation_expectations_3y`[[8]]
                               R-sqrd. Adj. R-sqrd.    F-stat   p-value
h8:pent_up_demand            0.1890927  -0.18160782 0.5100956 0.9243114
h8:inflation_expectations_1y 0.3391279   0.03701492 1.1225201 0.3732831
h8:inflation_expectations_3y 0.2603670  -0.07775097 0.7700478 0.7061726
h8:inflation                 0.4282887   0.16693492 1.6387317 0.1095106
h8:economic_activity         0.3410375   0.03979755 1.1321124 0.3657315

$diagnostic_list$`Shock: inflation_expectations_3y`[[9]]
                               R-sqrd. Adj. R-sqrd.    F-stat   p-value
h9:pent_up_demand            0.3536429   0.04947493 1.1626566 0.3436332
h9:inflation_expectations_1y 0.2604566  -0.08756389 0.7483944 0.7273250
h9:inflation_expectations_3y 0.2532155  -0.09821245 0.7205332 0.7545084
h9:inflation                 0.2969325  -0.03392284 0.8974693 0.5777800
h9:economic_activity         0.2840250  -0.05290443 0.8429807 0.6324068

$diagnostic_list$`Shock: inflation_expectations_3y`[[10]]
                                R-sqrd. Adj. R-sqrd.    F-stat   p-value
h10:pent_up_demand            0.3305313  0.005940441 1.0183013 0.4634200
h10:inflation_expectations_1y 0.3535336  0.040095272 1.1279208 0.3713057
h10:inflation_expectations_3y 0.2879528 -0.057282135 0.8340778 0.6412944
h10:inflation                 0.3293810  0.004232374 1.0130167 0.4681772
h10:economic_activity         0.3107575 -0.023420705 0.9299155 0.5461743

$diagnostic_list$`Shock: inflation_expectations_3y`[[11]]
                                R-sqrd. Adj. R-sqrd.    F-stat   p-value
h11:pent_up_demand            0.3002094  -0.04968592 0.8579977 0.6172754
h11:inflation_expectations_1y 0.2898607  -0.06520891 0.8163490 0.6589502
h11:inflation_expectations_3y 0.2391888  -0.14121678 0.6287731 0.8367432
h11:inflation                 0.2992394  -0.05114094 0.8540416 0.6212239
h11:economic_activity         0.3497759   0.02466392 1.0758628 0.4144525

$diagnostic_list$`Shock: inflation_expectations_3y`[[12]]
                                R-sqrd. Adj. R-sqrd.    F-stat   p-value
h12:pent_up_demand            0.3805210   0.06078985 1.1901280 0.3279953
h12:inflation_expectations_1y 0.4697403   0.19605788 1.7163700 0.0963549
h12:inflation_expectations_3y 0.3038147  -0.05550679 0.8455233 0.6296841
h12:inflation                 0.3312448  -0.01391912 0.9596739 0.5186188
h12:economic_activity         0.3651811   0.03753268 1.1145517 0.3842498


$diagnostic_list$`Shock: inflation`
$diagnostic_list$`Shock: inflation`[[1]]
                               R-sqrd. Adj. R-sqrd.    F-stat     p-value
h1:pent_up_demand            0.4698088   0.26783117 2.3260439 0.014603944
h1:inflation_expectations_1y 0.4599541   0.25422231 2.2356978 0.018872880
h1:inflation_expectations_3y 0.1416593  -0.18532759 0.4332263 0.963856924
h1:inflation                 0.5159096   0.33149415 2.7975404 0.003866582
h1:economic_activity         0.3305895   0.07557595 1.2963606 0.244256215

$diagnostic_list$`Shock: inflation`[[2]]
                               R-sqrd. Adj. R-sqrd.    F-stat   p-value
h2:pent_up_demand            0.3728840   0.12815574 1.5236656 0.1378319
h2:inflation_expectations_1y 0.3290256   0.06718187 1.2565724 0.2700844
h2:inflation_expectations_3y 0.2577432  -0.03191803 0.8898091 0.5845980
h2:inflation                 0.2314254  -0.06850618 0.7715940 0.7063232
h2:economic_activity         0.3889260   0.15045804 1.6309362 0.1036435

$diagnostic_list$`Shock: inflation`[[3]]
                               R-sqrd. Adj. R-sqrd.    F-stat   p-value
h3:pent_up_demand            0.3178811   0.04503361 1.1650504 0.3352182
h3:inflation_expectations_1y 0.2746224  -0.01552865 0.9464808 0.5277377
h3:inflation_expectations_3y 0.1618294  -0.17343887 0.4826863 0.9414235
h3:inflation                 0.2619521  -0.03326711 0.8873139 0.5872397
h3:economic_activity         0.3053552   0.02749727 1.0989616 0.3878373

$diagnostic_list$`Shock: inflation`[[4]]
                               R-sqrd. Adj. R-sqrd.    F-stat   p-value
h4:pent_up_demand            0.2588275  -0.04524324 0.8512082 0.6242567
h4:inflation_expectations_1y 0.3017812   0.01533244 1.0535259 0.4276844
h4:inflation_expectations_3y 0.3625009   0.10096281 1.3860348 0.1990440
h4:inflation                 0.2300808  -0.08578356 0.7284164 0.7489434
h4:economic_activity         0.3051784   0.02012338 1.0705947 0.4127468

$diagnostic_list$`Shock: inflation`[[5]]
                               R-sqrd. Adj. R-sqrd.    F-stat   p-value
h5:pent_up_demand            0.2923314 -0.005634347 0.9810906 0.4948982
h5:inflation_expectations_1y 0.2503723 -0.065260414 0.7932394 0.6835519
h5:inflation_expectations_3y 0.2506291 -0.064895425 0.7943253 0.6824451
h5:inflation                 0.2803710 -0.022630678 0.9253117 0.5492603
h5:economic_activity         0.2131642 -0.118135037 0.6434190 0.8277151

$diagnostic_list$`Shock: inflation`[[6]]
                               R-sqrd. Adj. R-sqrd.    F-stat   p-value
h6:pent_up_demand            0.3833831   0.11673789 1.4378024 0.1776622
h6:inflation_expectations_1y 0.4053814   0.14824908 1.5765477 0.1251226
h6:inflation_expectations_3y 0.1929357  -0.15606504 0.5528232 0.8981596
h6:inflation                 0.2590757  -0.06132406 0.8086014 0.6676898
h6:economic_activity         0.1651559  -0.19585771 0.4574784 0.9523569

$diagnostic_list$`Shock: inflation`[[7]]
                               R-sqrd. Adj. R-sqrd.    F-stat   p-value
h7:pent_up_demand            0.2547498  -0.07647257 0.7691201 0.7074200
h7:inflation_expectations_1y 0.2361016  -0.10340878 0.6954179 0.7794418
h7:inflation_expectations_3y 0.2563233  -0.07419964 0.7755084 0.7010000
h7:inflation                 0.3998312   0.13308953 1.4989454 0.1539571
h7:economic_activity         0.3513646   0.06308216 1.2188207 0.3010858

$diagnostic_list$`Shock: inflation`[[8]]
                               R-sqrd. Adj. R-sqrd.    F-stat   p-value
h8:pent_up_demand            0.1890927  -0.18160782 0.5100956 0.9243114
h8:inflation_expectations_1y 0.3391279   0.03701492 1.1225201 0.3732831
h8:inflation_expectations_3y 0.2603670  -0.07775097 0.7700478 0.7061726
h8:inflation                 0.4282887   0.16693492 1.6387317 0.1095106
h8:economic_activity         0.3410375   0.03979755 1.1321124 0.3657315

$diagnostic_list$`Shock: inflation`[[9]]
                               R-sqrd. Adj. R-sqrd.    F-stat   p-value
h9:pent_up_demand            0.3536429   0.04947493 1.1626566 0.3436332
h9:inflation_expectations_1y 0.2604566  -0.08756389 0.7483944 0.7273250
h9:inflation_expectations_3y 0.2532155  -0.09821245 0.7205332 0.7545084
h9:inflation                 0.2969325  -0.03392284 0.8974693 0.5777800
h9:economic_activity         0.2840250  -0.05290443 0.8429807 0.6324068

$diagnostic_list$`Shock: inflation`[[10]]
                                R-sqrd. Adj. R-sqrd.    F-stat   p-value
h10:pent_up_demand            0.3305313  0.005940441 1.0183013 0.4634200
h10:inflation_expectations_1y 0.3535336  0.040095272 1.1279208 0.3713057
h10:inflation_expectations_3y 0.2879528 -0.057282135 0.8340778 0.6412944
h10:inflation                 0.3293810  0.004232374 1.0130167 0.4681772
h10:economic_activity         0.3107575 -0.023420705 0.9299155 0.5461743

$diagnostic_list$`Shock: inflation`[[11]]
                                R-sqrd. Adj. R-sqrd.    F-stat   p-value
h11:pent_up_demand            0.3002094  -0.04968592 0.8579977 0.6172754
h11:inflation_expectations_1y 0.2898607  -0.06520891 0.8163490 0.6589502
h11:inflation_expectations_3y 0.2391888  -0.14121678 0.6287731 0.8367432
h11:inflation                 0.2992394  -0.05114094 0.8540416 0.6212239
h11:economic_activity         0.3497759   0.02466392 1.0758628 0.4144525

$diagnostic_list$`Shock: inflation`[[12]]
                                R-sqrd. Adj. R-sqrd.    F-stat   p-value
h12:pent_up_demand            0.3805210   0.06078985 1.1901280 0.3279953
h12:inflation_expectations_1y 0.4697403   0.19605788 1.7163700 0.0963549
h12:inflation_expectations_3y 0.3038147  -0.05550679 0.8455233 0.6296841
h12:inflation                 0.3312448  -0.01391912 0.9596739 0.5186188
h12:economic_activity         0.3651811   0.03753268 1.1145517 0.3842498


$diagnostic_list$`Shock: economic_activity`
$diagnostic_list$`Shock: economic_activity`[[1]]
                               R-sqrd. Adj. R-sqrd.    F-stat     p-value
h1:pent_up_demand            0.4698088   0.26783117 2.3260439 0.014603944
h1:inflation_expectations_1y 0.4599541   0.25422231 2.2356978 0.018872880
h1:inflation_expectations_3y 0.1416593  -0.18532759 0.4332263 0.963856924
h1:inflation                 0.5159096   0.33149415 2.7975404 0.003866582
h1:economic_activity         0.3305895   0.07557595 1.2963606 0.244256215

$diagnostic_list$`Shock: economic_activity`[[2]]
                               R-sqrd. Adj. R-sqrd.    F-stat   p-value
h2:pent_up_demand            0.3728840   0.12815574 1.5236656 0.1378319
h2:inflation_expectations_1y 0.3290256   0.06718187 1.2565724 0.2700844
h2:inflation_expectations_3y 0.2577432  -0.03191803 0.8898091 0.5845980
h2:inflation                 0.2314254  -0.06850618 0.7715940 0.7063232
h2:economic_activity         0.3889260   0.15045804 1.6309362 0.1036435

$diagnostic_list$`Shock: economic_activity`[[3]]
                               R-sqrd. Adj. R-sqrd.    F-stat   p-value
h3:pent_up_demand            0.3178811   0.04503361 1.1650504 0.3352182
h3:inflation_expectations_1y 0.2746224  -0.01552865 0.9464808 0.5277377
h3:inflation_expectations_3y 0.1618294  -0.17343887 0.4826863 0.9414235
h3:inflation                 0.2619521  -0.03326711 0.8873139 0.5872397
h3:economic_activity         0.3053552   0.02749727 1.0989616 0.3878373

$diagnostic_list$`Shock: economic_activity`[[4]]
                               R-sqrd. Adj. R-sqrd.    F-stat   p-value
h4:pent_up_demand            0.2588275  -0.04524324 0.8512082 0.6242567
h4:inflation_expectations_1y 0.3017812   0.01533244 1.0535259 0.4276844
h4:inflation_expectations_3y 0.3625009   0.10096281 1.3860348 0.1990440
h4:inflation                 0.2300808  -0.08578356 0.7284164 0.7489434
h4:economic_activity         0.3051784   0.02012338 1.0705947 0.4127468

$diagnostic_list$`Shock: economic_activity`[[5]]
                               R-sqrd. Adj. R-sqrd.    F-stat   p-value
h5:pent_up_demand            0.2923314 -0.005634347 0.9810906 0.4948982
h5:inflation_expectations_1y 0.2503723 -0.065260414 0.7932394 0.6835519
h5:inflation_expectations_3y 0.2506291 -0.064895425 0.7943253 0.6824451
h5:inflation                 0.2803710 -0.022630678 0.9253117 0.5492603
h5:economic_activity         0.2131642 -0.118135037 0.6434190 0.8277151

$diagnostic_list$`Shock: economic_activity`[[6]]
                               R-sqrd. Adj. R-sqrd.    F-stat   p-value
h6:pent_up_demand            0.3833831   0.11673789 1.4378024 0.1776622
h6:inflation_expectations_1y 0.4053814   0.14824908 1.5765477 0.1251226
h6:inflation_expectations_3y 0.1929357  -0.15606504 0.5528232 0.8981596
h6:inflation                 0.2590757  -0.06132406 0.8086014 0.6676898
h6:economic_activity         0.1651559  -0.19585771 0.4574784 0.9523569

$diagnostic_list$`Shock: economic_activity`[[7]]
                               R-sqrd. Adj. R-sqrd.    F-stat   p-value
h7:pent_up_demand            0.2547498  -0.07647257 0.7691201 0.7074200
h7:inflation_expectations_1y 0.2361016  -0.10340878 0.6954179 0.7794418
h7:inflation_expectations_3y 0.2563233  -0.07419964 0.7755084 0.7010000
h7:inflation                 0.3998312   0.13308953 1.4989454 0.1539571
h7:economic_activity         0.3513646   0.06308216 1.2188207 0.3010858

$diagnostic_list$`Shock: economic_activity`[[8]]
                               R-sqrd. Adj. R-sqrd.    F-stat   p-value
h8:pent_up_demand            0.1890927  -0.18160782 0.5100956 0.9243114
h8:inflation_expectations_1y 0.3391279   0.03701492 1.1225201 0.3732831
h8:inflation_expectations_3y 0.2603670  -0.07775097 0.7700478 0.7061726
h8:inflation                 0.4282887   0.16693492 1.6387317 0.1095106
h8:economic_activity         0.3410375   0.03979755 1.1321124 0.3657315

$diagnostic_list$`Shock: economic_activity`[[9]]
                               R-sqrd. Adj. R-sqrd.    F-stat   p-value
h9:pent_up_demand            0.3536429   0.04947493 1.1626566 0.3436332
h9:inflation_expectations_1y 0.2604566  -0.08756389 0.7483944 0.7273250
h9:inflation_expectations_3y 0.2532155  -0.09821245 0.7205332 0.7545084
h9:inflation                 0.2969325  -0.03392284 0.8974693 0.5777800
h9:economic_activity         0.2840250  -0.05290443 0.8429807 0.6324068

$diagnostic_list$`Shock: economic_activity`[[10]]
                                R-sqrd. Adj. R-sqrd.    F-stat   p-value
h10:pent_up_demand            0.3305313  0.005940441 1.0183013 0.4634200
h10:inflation_expectations_1y 0.3535336  0.040095272 1.1279208 0.3713057
h10:inflation_expectations_3y 0.2879528 -0.057282135 0.8340778 0.6412944
h10:inflation                 0.3293810  0.004232374 1.0130167 0.4681772
h10:economic_activity         0.3107575 -0.023420705 0.9299155 0.5461743

$diagnostic_list$`Shock: economic_activity`[[11]]
                                R-sqrd. Adj. R-sqrd.    F-stat   p-value
h11:pent_up_demand            0.3002094  -0.04968592 0.8579977 0.6172754
h11:inflation_expectations_1y 0.2898607  -0.06520891 0.8163490 0.6589502
h11:inflation_expectations_3y 0.2391888  -0.14121678 0.6287731 0.8367432
h11:inflation                 0.2992394  -0.05114094 0.8540416 0.6212239
h11:economic_activity         0.3497759   0.02466392 1.0758628 0.4144525

$diagnostic_list$`Shock: economic_activity`[[12]]
                                R-sqrd. Adj. R-sqrd.    F-stat   p-value
h12:pent_up_demand            0.3805210   0.06078985 1.1901280 0.3279953
h12:inflation_expectations_1y 0.4697403   0.19605788 1.7163700 0.0963549
h12:inflation_expectations_3y 0.3038147  -0.05550679 0.8455233 0.6296841
h12:inflation                 0.3312448  -0.01391912 0.9596739 0.5186188
h12:economic_activity         0.3651811   0.03753268 1.1145517 0.3842498



$specs
$specs$lags_endog_lin
SC(n) 
    1 

$specs$lags_criterion
[1] NaN

$specs$max_lags
[1] NaN

$specs$trend
[1] 0

$specs$shock_type
[1] 0

$specs$confint
[1] 1.65

$specs$hor
[1] 12

$specs$use_nw
[1] TRUE

$specs$nw_prewhite
[1] FALSE

$specs$adjust_se
[1] FALSE

$specs$use_twosls
[1] FALSE

$specs$contemp_data
$specs$contemp_data$dummy
 [1] 0 0 0 0 0 0 0 0 0 0 0 0 0 0 0 0 0 0 0 0 0 0 0 0 0 1 1 1 1 0 1 0 1 0 0 0 0 0 0 0 0 0 0 0 0 0 0 0 0 0 0 0 0 0 0 0 0 0 0 0

$specs$contemp_data$Jan
 [1] 0 0 0 0 0 0 0 0 0 0 0 1 0 0 0 0 0 0 0 0 0 0 0 1 0 0 0 0 0 0 0 0 0 0 0 1 0 0 0 0 0 0 0 0 0 0 0 1 0 0 0 0 0 0 0 0 0 0 0 1

$specs$contemp_data$Feb
 [1] 1 0 0 0 0 0 0 0 0 0 0 0 1 0 0 0 0 0 0 0 0 0 0 0 1 0 0 0 0 0 0 0 0 0 0 0 1 0 0 0 0 0 0 0 0 0 0 0 1 0 0 0 0 0 0 0 0 0 0 0

$specs$contemp_data$Mar
 [1] 0 1 0 0 0 0 0 0 0 0 0 0 0 1 0 0 0 0 0 0 0 0 0 0 0 1 0 0 0 0 0 0 0 0 0 0 0 1 0 0 0 0 0 0 0 0 0 0 0 1 0 0 0 0 0 0 0 0 0 0

$specs$contemp_data$Apr
 [1] 0 0 1 0 0 0 0 0 0 0 0 0 0 0 1 0 0 0 0 0 0 0 0 0 0 0 1 0 0 0 0 0 0 0 0 0 0 0 1 0 0 0 0 0 0 0 0 0 0 0 1 0 0 0 0 0 0 0 0 0

$specs$contemp_data$May
 [1] 0 0 0 1 0 0 0 0 0 0 0 0 0 0 0 1 0 0 0 0 0 0 0 0 0 0 0 1 0 0 0 0 0 0 0 0 0 0 0 1 0 0 0 0 0 0 0 0 0 0 0 1 0 0 0 0 0 0 0 0

$specs$contemp_data$Jun
 [1] 0 0 0 0 1 0 0 0 0 0 0 0 0 0 0 0 1 0 0 0 0 0 0 0 0 0 0 0 1 0 0 0 0 0 0 0 0 0 0 0 1 0 0 0 0 0 0 0 0 0 0 0 1 0 0 0 0 0 0 0

$specs$contemp_data$Jul
 [1] 0 0 0 0 0 1 0 0 0 0 0 0 0 0 0 0 0 1 0 0 0 0 0 0 0 0 0 0 0 1 0 0 0 0 0 0 0 0 0 0 0 1 0 0 0 0 0 0 0 0 0 0 0 1 0 0 0 0 0 0

$specs$contemp_data$Aug
 [1] 0 0 0 0 0 0 1 0 0 0 0 0 0 0 0 0 0 0 1 0 0 0 0 0 0 0 0 0 0 0 1 0 0 0 0 0 0 0 0 0 0 0 1 0 0 0 0 0 0 0 0 0 0 0 1 0 0 0 0 0

$specs$contemp_data$Sep
 [1] 0 0 0 0 0 0 0 1 0 0 0 0 0 0 0 0 0 0 0 1 0 0 0 0 0 0 0 0 0 0 0 1 0 0 0 0 0 0 0 0 0 0 0 1 0 0 0 0 0 0 0 0 0 0 0 1 0 0 0 0

$specs$contemp_data$Oct
 [1] 0 0 0 0 0 0 0 0 1 0 0 0 0 0 0 0 0 0 0 0 1 0 0 0 0 0 0 0 0 0 0 0 1 0 0 0 0 0 0 0 0 0 0 0 1 0 0 0 0 0 0 0 0 0 0 0 1 0 0 0


$specs$model_type
[1] 0

$specs$starts
[1] 1

$specs$ends
[1] 60

$specs$column_names
[1] "pent_up_demand"            "inflation_expectations_1y" "inflation_expectations_3y" "inflation"                
[5] "economic_activity"        

$specs$endog
[1] 5

$specs$y_lin
   pent_up_demand inflation_expectations_1y inflation_expectations_3y    inflation economic_activity
2    0.0035358836              -0.079620123               0.023733377  0.002310570        0.03672057
3    0.0026187116               0.228555441               0.061933756  0.031662657        0.02660601
4   -0.0090323587               0.000000000              -0.007986784  0.027403122        0.04356130
5    0.0088815048               0.000000000               0.038039923  0.010862582        0.01757053
6   -0.0020969979               0.001872778              -0.116087914  0.009406502        0.03236078
7    0.0004366374               0.017283440               0.116087914  0.021640425        0.02930438
8    0.0006559787              -0.004920721               0.000000000  0.025003951        0.02923299
9   -0.0001366386               0.004920721               0.000000000  0.028405410        0.02229492
10  -0.0069761442              -0.030053139              -0.116087914 -0.008420605        0.02323041
11  -0.0020090080               0.030053139               0.096931696  0.008246918        0.01734758
12  -0.0038159903              -0.030053139              -0.010896921 -0.002323999        0.03391158
13  -0.0081516474              -0.176372051              -0.201508284  0.029025084        0.02600387
14   0.0133840473               0.022861719               0.095972538  0.042416785        0.02691934
15  -0.0047942646              -0.218312263              -0.170893431  0.048586660        0.03757401
16  -0.0019354120              -0.145042181              -0.100185633  0.003720327        0.02002637
17   0.0053877866               0.217070103               0.069105387 -0.006141925        0.02480201
18   0.0016637165              -0.079553127              -0.083071947  0.024993882        0.02186920
19  -0.0116264585              -0.176150560              -0.077933550  0.017681720        0.02278745
20   0.0057660699               0.069185972              -0.126637936  0.021370449        0.03620964
21  -0.0066544515              -0.153448343               0.004080772  0.034784574        0.01981848
22   0.0012460096               0.017366648               0.142476082  0.026361361        0.02549842
23   0.0078881383               0.180090904               0.016174078  0.038444527        0.02259084
24   0.0060027699              -0.031989813               0.000000000  0.019694440        0.03781474
25  -0.0259588496               0.041871071               0.051145554  0.009814561        0.03578346
26   0.0121972020               0.000000000              -0.189331532 -0.050912346       -0.07956922
27  -0.0168912328               0.085786104               0.223972082 -0.090824177       -0.77070172
28  -0.0127233623               0.376688957              -0.012976170 -0.010450429        0.21339722
29   0.0331337260              -0.318598032              -0.136598825  0.053592068        0.21330076
30  -0.0129065795               0.206044197               0.257966757  0.061866907        0.02971606
31   0.0119378414               0.112553835               0.249140978  0.053808986        0.15791953
32   0.0105968658              -0.019156218              -0.238733053  0.028930510        0.07717705
33  -0.0028204418              -0.144741774              -0.040002584  0.011918979        0.10115859
34   0.0035535145               0.126406431               0.117631912  0.024543630        0.04507153
35  -0.0001658517               0.037491560               0.161103725  0.057557700        0.01677041
36   0.0019077748               0.046669483               0.047342062  0.028496735        0.06736316
37  -0.0053945178               0.044214964              -0.028185844  0.045997380        0.05066022
38   0.0102571853               0.153371334               0.092952490  0.059503194        0.06160136
39   0.0111930659               0.115923882               0.005092859  0.082225516        0.03720211
40  -0.0008023020               0.639820337               0.471664906  0.082531234        0.06412900
41   0.0031169699               0.801745415              -0.022792339  0.098347464        0.05475905
42   0.0010116901               0.040705204               0.164751053  0.054649100        0.08879717
43  -0.0025453123               0.337376595               0.287992716  0.049840953        0.06602323
44  -0.0079167641               0.130341530               0.194323301  0.052018077        0.07861505
45   0.0315930842               0.343297958               0.017191887  0.114305741        0.06819482
46  -0.0219363213               0.346533298              -0.199976921  0.098833469        0.06879133
47  -0.0028226671              -0.009726048              -0.011199951  0.097421769        0.06937609
48   0.0116354933              -0.201833725              -0.522751808  0.075404740        0.03542764
49   0.0015950292               0.211559772               0.297553301  0.088488916        0.07849205
50  -0.0105381577               0.583898067              -0.099878550  0.126900569        0.05112829
51   0.0059705480              -0.238460541               0.227452993  0.048497289        0.04431433
52  -0.0099712909               0.230577469              -0.023298502  0.115684054        0.03389257
53  -0.0019781040               0.199839592              -0.260592937  0.151285219        0.03843642
54  -0.0045527714              -0.552228928              -0.436033010 -0.004064650        0.05041760
55  -0.0080303022              -0.477911472              -0.427183867  0.028517738        0.02896168
56   0.0039940418              -0.304920197               0.154703379  0.050566174        0.04915587
57  -0.0112232505               0.503497124               0.200692415  0.060045147        0.03059615
58   0.0067457541              -0.715742588              -0.113289595  0.024858721        0.04330825
59  -0.0044397757              -0.235079288              -0.004589558  0.015857387        0.03585464
60  -0.0016270518              -0.038488865              -0.280791283  0.063675095        0.04576300

$specs$x_lin
   pent_up_demand_lag_1 inflation_expectations_1y_lag_1 inflation_expectations_3y_lag_1 inflation_lag_1
2         -0.0105492078                     0.119915485                     0.090704918     0.032745451
3          0.0035358836                    -0.079620123                     0.023733377     0.002310570
4          0.0026187116                     0.228555441                     0.061933756     0.031662657
5         -0.0090323587                     0.000000000                    -0.007986784     0.027403122
6          0.0088815048                     0.000000000                     0.038039923     0.010862582
7         -0.0020969979                     0.001872778                    -0.116087914     0.009406502
8          0.0004366374                     0.017283440                     0.116087914     0.021640425
9          0.0006559787                    -0.004920721                     0.000000000     0.025003951
10        -0.0001366386                     0.004920721                     0.000000000     0.028405410
11        -0.0069761442                    -0.030053139                    -0.116087914    -0.008420605
12        -0.0020090080                     0.030053139                     0.096931696     0.008246918
13        -0.0038159903                    -0.030053139                    -0.010896921    -0.002323999
14        -0.0081516474                    -0.176372051                    -0.201508284     0.029025084
15         0.0133840473                     0.022861719                     0.095972538     0.042416785
16        -0.0047942646                    -0.218312263                    -0.170893431     0.048586660
17        -0.0019354120                    -0.145042181                    -0.100185633     0.003720327
18         0.0053877866                     0.217070103                     0.069105387    -0.006141925
19         0.0016637165                    -0.079553127                    -0.083071947     0.024993882
20        -0.0116264585                    -0.176150560                    -0.077933550     0.017681720
21         0.0057660699                     0.069185972                    -0.126637936     0.021370449
22        -0.0066544515                    -0.153448343                     0.004080772     0.034784574
23         0.0012460096                     0.017366648                     0.142476082     0.026361361
24         0.0078881383                     0.180090904                     0.016174078     0.038444527
25         0.0060027699                    -0.031989813                     0.000000000     0.019694440
26        -0.0259588496                     0.041871071                     0.051145554     0.009814561
27         0.0121972020                     0.000000000                    -0.189331532    -0.050912346
28        -0.0168912328                     0.085786104                     0.223972082    -0.090824177
29        -0.0127233623                     0.376688957                    -0.012976170    -0.010450429
30         0.0331337260                    -0.318598032                    -0.136598825     0.053592068
31        -0.0129065795                     0.206044197                     0.257966757     0.061866907
32         0.0119378414                     0.112553835                     0.249140978     0.053808986
33         0.0105968658                    -0.019156218                    -0.238733053     0.028930510
34        -0.0028204418                    -0.144741774                    -0.040002584     0.011918979
35         0.0035535145                     0.126406431                     0.117631912     0.024543630
36        -0.0001658517                     0.037491560                     0.161103725     0.057557700
37         0.0019077748                     0.046669483                     0.047342062     0.028496735
38        -0.0053945178                     0.044214964                    -0.028185844     0.045997380
39         0.0102571853                     0.153371334                     0.092952490     0.059503194
40         0.0111930659                     0.115923882                     0.005092859     0.082225516
41        -0.0008023020                     0.639820337                     0.471664906     0.082531234
42         0.0031169699                     0.801745415                    -0.022792339     0.098347464
43         0.0010116901                     0.040705204                     0.164751053     0.054649100
44        -0.0025453123                     0.337376595                     0.287992716     0.049840953
45        -0.0079167641                     0.130341530                     0.194323301     0.052018077
46         0.0315930842                     0.343297958                     0.017191887     0.114305741
47        -0.0219363213                     0.346533298                    -0.199976921     0.098833469
48        -0.0028226671                    -0.009726048                    -0.011199951     0.097421769
49         0.0116354933                    -0.201833725                    -0.522751808     0.075404740
50         0.0015950292                     0.211559772                     0.297553301     0.088488916
51        -0.0105381577                     0.583898067                    -0.099878550     0.126900569
52         0.0059705480                    -0.238460541                     0.227452993     0.048497289
53        -0.0099712909                     0.230577469                    -0.023298502     0.115684054
54        -0.0019781040                     0.199839592                    -0.260592937     0.151285219
55        -0.0045527714                    -0.552228928                    -0.436033010    -0.004064650
56        -0.0080303022                    -0.477911472                    -0.427183867     0.028517738
57         0.0039940418                    -0.304920197                     0.154703379     0.050566174
58        -0.0112232505                     0.503497124                     0.200692415     0.060045147
59         0.0067457541                    -0.715742588                    -0.113289595     0.024858721
60        -0.0044397757                    -0.235079288                    -0.004589558     0.015857387
   economic_activity_lag_1 dummy Jan Feb Mar Apr May Jun Jul Aug Sep Oct
2               0.02976223     0   0   0   1   0   0   0   0   0   0   0
3               0.03672057     0   0   0   0   1   0   0   0   0   0   0
4               0.02660601     0   0   0   0   0   1   0   0   0   0   0
5               0.04356130     0   0   0   0   0   0   1   0   0   0   0
6               0.01757053     0   0   0   0   0   0   0   1   0   0   0
7               0.03236078     0   0   0   0   0   0   0   0   1   0   0
8               0.02930438     0   0   0   0   0   0   0   0   0   1   0
9               0.02923299     0   0   0   0   0   0   0   0   0   0   1
10              0.02229492     0   0   0   0   0   0   0   0   0   0   0
11              0.02323041     0   0   0   0   0   0   0   0   0   0   0
12              0.01734758     0   1   0   0   0   0   0   0   0   0   0
13              0.03391158     0   0   1   0   0   0   0   0   0   0   0
14              0.02600387     0   0   0   1   0   0   0   0   0   0   0
15              0.02691934     0   0   0   0   1   0   0   0   0   0   0
16              0.03757401     0   0   0   0   0   1   0   0   0   0   0
17              0.02002637     0   0   0   0   0   0   1   0   0   0   0
18              0.02480201     0   0   0   0   0   0   0   1   0   0   0
19              0.02186920     0   0   0   0   0   0   0   0   1   0   0
20              0.02278745     0   0   0   0   0   0   0   0   0   1   0
21              0.03620964     0   0   0   0   0   0   0   0   0   0   1
22              0.01981848     0   0   0   0   0   0   0   0   0   0   0
23              0.02549842     0   0   0   0   0   0   0   0   0   0   0
24              0.02259084     0   1   0   0   0   0   0   0   0   0   0
25              0.03781474     0   0   1   0   0   0   0   0   0   0   0
26              0.03578346     1   0   0   1   0   0   0   0   0   0   0
27             -0.07956922     1   0   0   0   1   0   0   0   0   0   0
28             -0.77070172     1   0   0   0   0   1   0   0   0   0   0
29              0.21339722     1   0   0   0   0   0   1   0   0   0   0
30              0.21330076     0   0   0   0   0   0   0   1   0   0   0
31              0.02971606     1   0   0   0   0   0   0   0   1   0   0
32              0.15791953     0   0   0   0   0   0   0   0   0   1   0
33              0.07717705     1   0   0   0   0   0   0   0   0   0   1
34              0.10115859     0   0   0   0   0   0   0   0   0   0   0
35              0.04507153     0   0   0   0   0   0   0   0   0   0   0
36              0.01677041     0   1   0   0   0   0   0   0   0   0   0
37              0.06736316     0   0   1   0   0   0   0   0   0   0   0
38              0.05066022     0   0   0   1   0   0   0   0   0   0   0
39              0.06160136     0   0   0   0   1   0   0   0   0   0   0
40              0.03720211     0   0   0   0   0   1   0   0   0   0   0
41              0.06412900     0   0   0   0   0   0   1   0   0   0   0
42              0.05475905     0   0   0   0   0   0   0   1   0   0   0
43              0.08879717     0   0   0   0   0   0   0   0   1   0   0
44              0.06602323     0   0   0   0   0   0   0   0   0   1   0
45              0.07861505     0   0   0   0   0   0   0   0   0   0   1
46              0.06819482     0   0   0   0   0   0   0   0   0   0   0
47              0.06879133     0   0   0   0   0   0   0   0   0   0   0
48              0.06937609     0   1   0   0   0   0   0   0   0   0   0
49              0.03542764     0   0   1   0   0   0   0   0   0   0   0
50              0.07849205     0   0   0   1   0   0   0   0   0   0   0
51              0.05112829     0   0   0   0   1   0   0   0   0   0   0
52              0.04431433     0   0   0   0   0   1   0   0   0   0   0
53              0.03389257     0   0   0   0   0   0   1   0   0   0   0
54              0.03843642     0   0   0   0   0   0   0   1   0   0   0
55              0.05041760     0   0   0   0   0   0   0   0   1   0   0
56              0.02896168     0   0   0   0   0   0   0   0   0   1   0
57              0.04915587     0   0   0   0   0   0   0   0   0   0   1
58              0.03059615     0   0   0   0   0   0   0   0   0   0   0
59              0.04330825     0   0   0   0   0   0   0   0   0   0   0
60              0.03585464     0   1   0   0   0   0   0   0   0   0   0


attr(,"class")
[1] "lpirfs_lin_obj"
