[1] "monetary_policy"      "djn level estimation"
                   1             2             3             4             5             6
AIC(n) -2.349730e+01 -2.378713e+01 -2.373911e+01 -2.442425e+01 -2.584556e+01 -2.665297e+01
HQ(n)  -2.229764e+01 -2.223463e+01 -2.183376e+01 -2.216606e+01 -2.323453e+01 -2.368910e+01
SC(n)  -2.039506e+01 -1.977247e+01 -1.881202e+01 -1.858473e+01 -1.909362e+01 -1.898861e+01
FPE(n)  6.928375e-11  5.916776e-11  7.789782e-11  5.686391e-11  2.491007e-11  2.968063e-11
                   1             2             3             4             5             6
AIC(n) -2.349730e+01 -2.378713e+01 -2.373911e+01 -2.442425e+01 -2.584556e+01 -2.665297e+01
HQ(n)  -2.229764e+01 -2.223463e+01 -2.183376e+01 -2.216606e+01 -2.323453e+01 -2.368910e+01
SC(n)  -2.039506e+01 -1.977247e+01 -1.881202e+01 -1.858473e+01 -1.909362e+01 -1.898861e+01
FPE(n)  6.928375e-11  5.916776e-11  7.789782e-11  5.686391e-11  2.491007e-11  2.968063e-11
$irf_lin_mean
, , 1

             [,1]         [,2]          [,3]        [,4]        [,5]        [,6]        [,7]        [,8]        [,9]
[1,]  0.035078721 0.0309372252  2.380060e-02 0.026770541 0.027737532 0.021631021 0.022546943 0.018790337 0.019069763
[2,]  0.064041154 0.0916962800  9.264128e-02 0.115311645 0.160540345 0.172894867 0.129654478 0.165618276 0.157868732
[3,]  0.041332916 0.0656880442  6.391715e-02 0.090833590 0.124902682 0.111567889 0.103174432 0.086622031 0.081864504
[4,]  0.007253462 0.0006259645 -2.979624e-05 0.001061765 0.001877968 0.004125048 0.001088421 0.006746577 0.007060698
[5,] -0.020896159 0.0186824589  6.921530e-03 0.000496664 0.002196182 0.006276160 0.004890109 0.007963331 0.008075896
           [,10]       [,11]        [,12]       [,13]
[1,] 0.014200863 0.009745978  0.009028131 0.001098322
[2,] 0.159789712 0.150142007  0.201047033 0.214103382
[3,] 0.073525238 0.071376122  0.095170340 0.079661071
[4,] 0.004832937 0.006747432  0.005382823 0.006586813
[5,] 0.020176578 0.019001953 -0.002534191 0.004003080

, , 2

             [,1]        [,2]          [,3]         [,4]        [,5]         [,6]          [,7]        [,8]         [,9]
[1,]  0.000000000 0.002601271 -0.0005066257  0.002187278 0.004512555  0.005497158  0.0089991839 0.011788467  0.017284878
[2,]  0.216573108 0.228796216  0.2131186679  0.214632716 0.244316437  0.253564332  0.2505937872 0.300123290  0.309988563
[3,]  0.084170659 0.073740551  0.0415311379  0.034110543 0.051856446  0.043543868  0.0481189855 0.060785719  0.053877071
[4,]  0.011530603 0.006165677  0.0028998708  0.005555299 0.004864759  0.003666271  0.0017227041 0.006049544  0.005490339
[5,] -0.009211417 0.007954086  0.0028878696 -0.001733449 0.001897113 -0.007163508 -0.0007349619 0.004158050 -0.003298064
            [,10]       [,11]       [,12]       [,13]
[1,]  0.024550855 0.023686275 0.026539051 0.023871714
[2,]  0.342059332 0.352086672 0.366099131 0.364186575
[3,]  0.058650681 0.052062940 0.064228296 0.062606556
[4,]  0.002175564 0.005039583 0.003933153 0.002236467
[5,] -0.008873143 0.003825513 0.005104684 0.001196053

, , 3

             [,1]         [,2]        [,3]        [,4]        [,5]        [,6]        [,7]       [,8]         [,9]
[1,]  0.000000000  0.003857592 0.008457224 0.009504500 0.007284325 0.008090181 0.008017261 0.01348115  0.011407942
[2,]  0.000000000  0.053608183 0.072590261 0.112899869 0.116314459 0.164830109 0.303272191 0.37521490  0.378787804
[3,]  0.161413019  0.138525900 0.127858952 0.108808736 0.093404035 0.108212050 0.144157603 0.19787315  0.160815581
[4,] -0.002557573  0.005675391 0.006874085 0.008947862 0.010204256 0.007574724 0.012586257 0.01229173  0.010556981
[5,] -0.002923762 -0.003632261 0.005505103 0.006741691 0.012174232 0.001901500 0.017865341 0.02043691 -0.002960576
           [,10]        [,11]        [,12]        [,13]
[1,]  0.01572344  0.017255164  0.010464274  0.006413522
[2,]  0.37315153  0.389041583  0.227040224  0.149514092
[3,]  0.13772857  0.082125945 -0.005991915 -0.002417390
[4,]  0.00730650  0.002347419 -0.001738262 -0.004916598
[5,] -0.02400248 -0.023960393  0.008858959 -0.004011744

, , 4

           [,1]         [,2]         [,3]         [,4]         [,5]         [,6]         [,7]       [,8]        [,9]
[1,] 0.00000000  0.004175224  0.001060774 -0.002085468  0.003661421  0.018517682  0.024808797 0.02804524 0.037966885
[2,] 0.00000000 -0.010117832  0.052795773  0.054031930  0.104006948  0.131967976  0.160457088 0.28273052 0.322277189
[3,] 0.00000000  0.026183401  0.032020237  0.027362010  0.050283007  0.080165802  0.120329589 0.14378120 0.146627404
[4,] 0.02714951  0.008696079 -0.001520556 -0.001672876 -0.001912766  0.002408516  0.005360879 0.01382791 0.010171776
[5,] 0.06917894  0.012539287 -0.019842257  0.003122749 -0.007588713 -0.007886107 -0.002654631 0.01097801 0.009069458
           [,10]      [,11]      [,12]        [,13]
[1,] 0.048416931 0.04631455 0.04223418  0.041063933
[2,] 0.380207337 0.44989384 0.55943230  0.612386705
[3,] 0.144884040 0.17833471 0.22737981  0.269702760
[4,] 0.009710283 0.01533204 0.01234425  0.003124985
[5,] 0.006473555 0.02683937 0.01205369 -0.023922135

, , 5

           [,1]         [,2]         [,3]         [,4]         [,5]          [,6]        [,7]          [,8]         [,9]
[1,] 0.00000000  0.001678386  0.012271918  0.001295222 -0.002435972  0.0110719923 0.005277022  0.0032851624 -0.001502374
[2,] 0.00000000 -0.038720638  0.048370490  0.035000424 -0.030985230 -0.0424178744 0.031035921 -0.0352048487 -0.032308983
[3,] 0.00000000  0.001665322  0.058904822  0.030216245 -0.034229920  0.0067236699 0.026495036  0.0152431032  0.017556070
[4,] 0.00000000  0.003696995  0.003068502 -0.002367631 -0.001783619  0.0007208285 0.009787740  0.0007391403 -0.002695239
[5,] 0.09465568 -0.018286215 -0.023758706  0.015014004 -0.001300552  0.0102653259 0.006350859  0.0009267151  0.009938149
            [,10]        [,11]         [,12]         [,13]
[1,] -0.004159563 -0.001828674 -1.079077e-02 -0.0002679296
[2,] -0.063650856 -0.049603185 -6.551587e-02 -0.0668101576
[3,] -0.005269328  0.012707002 -1.546411e-02  0.0159116417
[4,]  0.004830123 -0.000550942 -3.539335e-05 -0.0061359717
[5,]  0.004092583 -0.008409221  3.363414e-03 -0.0251585788


$irf_lin_low
, , 1

             [,1]         [,2]         [,3]         [,4]         [,5]         [,6]         [,7]         [,8]         [,9]
[1,]  0.035078721  0.023637803  0.013131322  0.013888224  0.012635174  0.003741269  0.001511004 -0.007585379 -0.009352466
[2,]  0.064041154  0.049657430  0.016196662  0.001697236  0.021878847 -0.004749361 -0.086178305 -0.117909044 -0.162711997
[3,]  0.041332916  0.031051815  0.011463790  0.014330143  0.035422221  0.007923930 -0.005347944 -0.046812297 -0.052895141
[4,]  0.007253462 -0.004306257 -0.004965078 -0.005252855 -0.005049886 -0.004282746 -0.007611068 -0.001443434 -0.002865558
[5,] -0.020896159  0.003963726 -0.003237892 -0.012022675 -0.010187594 -0.012692282 -0.010154000 -0.011457611 -0.005682883
            [,10]        [,11]        [,12]        [,13]
[1,] -0.012386703 -0.022231814 -0.024831143 -0.034677431
[2,] -0.166155408 -0.192926099 -0.154874442 -0.173436439
[3,] -0.081355399 -0.083389199 -0.056923470 -0.069365966
[4,] -0.008260982 -0.006031416 -0.007141229 -0.005675317
[5,] -0.012319206 -0.010921907 -0.021705739 -0.004723137

, , 2

             [,1]         [,2]         [,3]          [,4]         [,5]         [,6]         [,7]         [,8]         [,9]
[1,]  0.000000000 -0.004315871 -0.009817533 -0.0072402787 -0.006294002 -0.008990154 -0.012104376 -0.017837615 -0.013853091
[2,]  0.216573108  0.179013243  0.130509431  0.1038847473  0.110478820  0.079859648  0.014962891 -0.054438699 -0.076458315
[3,]  0.084170659  0.029823369 -0.017168188 -0.0417451930 -0.031504057 -0.053605250 -0.059695941 -0.095402122 -0.108290513
[4,]  0.011530603  0.000155761 -0.002377122 -0.0008472184 -0.001356884 -0.003832117 -0.008136395 -0.003820494 -0.003376245
[5,] -0.009211417 -0.009732602 -0.008546845 -0.0135410575 -0.013360142 -0.019700165 -0.021246790 -0.025316184 -0.018489893
            [,10]        [,11]        [,12]       [,13]
[1,] -0.005800896 -0.012224363 -0.009550875 -0.01577932
[2,] -0.038987684 -0.039934030 -0.038244355 -0.05824527
[3,] -0.114342137 -0.105326597 -0.089829488 -0.09175254
[4,] -0.012627091 -0.007648193 -0.010555810 -0.01410452
[5,] -0.038045983 -0.033373639 -0.024221881 -0.01249867

, , 3

             [,1]          [,2]        [,3]          [,4]         [,5]         [,6]         [,7]          [,8]         [,9]
[1,]  0.000000000  6.776808e-05 0.004608251  0.0062696096 0.0027950854  0.001677610 -0.003269938 -0.0027335618 -0.007589742
[2,]  0.000000000  2.338969e-02 0.031558895  0.0779656324 0.0694630386  0.105268035  0.214564952  0.1851883537  0.168038412
[3,]  0.161413019  1.091629e-01 0.095199171  0.0778393446 0.0692317692  0.082174710  0.107500762  0.1095360264  0.066915894
[4,] -0.002557573  2.585946e-03 0.004997116  0.0063189871 0.0072741844  0.003247364  0.007268751  0.0067170190  0.004283183
[5,] -0.002923762 -6.503267e-03 0.001949679 -0.0003543278 0.0001991046 -0.003609990  0.001221947  0.0009543391 -0.012983118
            [,10]        [,11]        [,12]        [,13]
[1,] -0.002975121 -0.005103330 -0.013684006 -0.018032697
[2,]  0.167325558  0.191948603  0.026923121 -0.054994215
[3,]  0.036084690  0.010145044 -0.076363420 -0.071817098
[4,] -0.002219442 -0.007723192 -0.009805385 -0.010103552
[5,] -0.049924059 -0.046397931 -0.004905444 -0.007767369

, , 4

           [,1]         [,2]        [,3]        [,4]         [,5]         [,6]         [,7]         [,8]          [,9]
[1,] 0.00000000 -0.006799296 -0.01517862 -0.01841305 -0.013028002 -0.002965953 -0.004163469 -0.008325371  0.0016081517
[2,] 0.00000000 -0.082173352 -0.07184881 -0.13587445 -0.083940206 -0.100908051 -0.157169555 -0.053201092 -0.0407527302
[3,] 0.00000000 -0.032004848 -0.05075477 -0.08744102 -0.069750780 -0.050189262 -0.015438701 -0.003846028 -0.0106503770
[4,] 0.02714951 -0.003436823 -0.01481052 -0.01405298 -0.009532316 -0.007379450 -0.007754254  0.001830192  0.0005672233
[5,] 0.06917894 -0.039726042 -0.05041169 -0.01629458 -0.027024422 -0.028093928 -0.028779563 -0.013932915 -0.0118435942
            [,10]        [,11]        [,12]        [,13]
[1,]  0.013766583  0.010055711  0.006967493  0.005941445
[2,]  0.004101874  0.031175141  0.159691720  0.237009862
[3,] -0.039245273 -0.027219233  0.055435860  0.109235768
[4,] -0.008595483  0.005687798 -0.001293221 -0.018103908
[5,] -0.023547865 -0.020068393 -0.026436621 -0.070558995

, , 5

           [,1]         [,2]         [,3]         [,4]         [,5]         [,6]         [,7]         [,8]         [,9]
[1,] 0.00000000 -0.002950070  0.005866248 -0.005493361 -0.009411609  0.002905776 -0.005699861 -0.009223670 -0.014878248
[2,] 0.00000000 -0.074497965 -0.001662977 -0.035615902 -0.091352282 -0.106721531 -0.070610150 -0.115233345 -0.120468623
[3,] 0.00000000 -0.023048401  0.023148884 -0.014966265 -0.073182286 -0.024053395 -0.011897960 -0.024932134 -0.030976089
[4,] 0.00000000 -0.003190008 -0.005509544 -0.008702987 -0.004198207 -0.003456773  0.004826248 -0.004036105 -0.007953884
[5,] 0.09465568 -0.049338746 -0.042930415  0.006476161 -0.008774958  0.002878365 -0.007940677 -0.008871241  0.000132853
            [,10]        [,11]        [,12]       [,13]
[1,] -0.018350954 -0.014307341 -0.026233746 -0.01305605
[2,] -0.176147647 -0.185716375 -0.208797148 -0.19332327
[3,] -0.068686950 -0.055688382 -0.078029604 -0.04123751
[4,] -0.002934364 -0.004460797 -0.005048317 -0.01501607
[5,] -0.009499587 -0.024417939 -0.012423154 -0.06253403


$irf_lin_up
, , 1

             [,1]        [,2]        [,3]        [,4]        [,5]       [,6]       [,7]       [,8]       [,9]      [,10]
[1,]  0.035078721 0.038236648 0.034469882 0.039652859 0.042839890 0.03952077 0.04358288 0.04516605 0.04749199 0.04078843
[2,]  0.064041154 0.133735130 0.169085905 0.228926055 0.299201842 0.35053910 0.34548726 0.44914560 0.47844946 0.48573483
[3,]  0.041332916 0.100324274 0.116370509 0.167337037 0.214383144 0.21521185 0.21169681 0.22005636 0.21662415 0.22840587
[4,]  0.007253462 0.005558186 0.004905485 0.007376386 0.008805823 0.01253284 0.00978791 0.01493659 0.01698695 0.01792686
[5,] -0.020896159 0.033401192 0.017080951 0.013016003 0.014579958 0.02524460 0.01993422 0.02738427 0.02183467 0.05267236
          [,11]      [,12]      [,13]
[1,] 0.04172377 0.04288740 0.03687408
[2,] 0.49321011 0.55696851 0.60164320
[3,] 0.22614144 0.24726415 0.22868811
[4,] 0.01952628 0.01790687 0.01884894
[5,] 0.04892581 0.01663736 0.01272930

, , 2

             [,1]        [,2]        [,3]       [,4]       [,5]        [,6]       [,7]       [,8]       [,9]      [,10]
[1,]  0.000000000 0.009518414 0.008804281 0.01161483 0.01531911 0.019984470 0.03010274 0.04141455 0.04842285 0.05490261
[2,]  0.216573108 0.278579190 0.295727904 0.32538068 0.37815405 0.427269017 0.48622468 0.65468528 0.69643544 0.72310635
[3,]  0.084170659 0.117657734 0.100230464 0.10996628 0.13521695 0.140692987 0.15593391 0.21697356 0.21604466 0.23164350
[4,]  0.011530603 0.012175593 0.008176864 0.01195782 0.01108640 0.011164660 0.01158180 0.01591958 0.01435692 0.01697822
[5,] -0.009211417 0.025640774 0.014322584 0.01007416 0.01715437 0.005373149 0.01977687 0.03363228 0.01189377 0.02029970
          [,11]      [,12]      [,13]
[1,] 0.05959691 0.06262898 0.06352275
[2,] 0.74410737 0.77044262 0.78661842
[3,] 0.20945248 0.21828608 0.21696566
[4,] 0.01772736 0.01842212 0.01857746
[5,] 0.04102466 0.03443125 0.01489078

, , 3

             [,1]          [,2]        [,3]       [,4]       [,5]       [,6]       [,7]       [,8]        [,9]       [,10]
[1,]  0.000000000  0.0076474157 0.012306197 0.01273939 0.01177356 0.01450275 0.01930446 0.02969586 0.030405626 0.034422003
[2,]  0.000000000  0.0838266740 0.113621626 0.14783411 0.16316588 0.22439218 0.39197943 0.56524145 0.589537195 0.578977497
[3,]  0.161413019  0.1678889301 0.160518734 0.13977813 0.11757630 0.13424939 0.18081444 0.28621028 0.254715268 0.239372442
[4,] -0.002557573  0.0087648364 0.008751055 0.01157674 0.01313433 0.01190208 0.01790376 0.01786644 0.016830779 0.016832442
[5,] -0.002923762 -0.0007612553 0.009060527 0.01383771 0.02414936 0.00741299 0.03450873 0.03991948 0.007061966 0.001919093
            [,11]      [,12]         [,13]
[1,]  0.039613659 0.03461255  0.0308597411
[2,]  0.586134562 0.42715733  0.3540223980
[3,]  0.154106845 0.06437959  0.0669823180
[4,]  0.012418030 0.00632886  0.0002703557
[5,] -0.001522855 0.02262336 -0.0002561192

, , 4

           [,1]       [,2]       [,3]       [,4]        [,5]       [,6]       [,7]       [,8]       [,9]      [,10]
[1,] 0.00000000 0.01514974 0.01730017 0.01424212 0.020350844 0.04000132 0.05378106 0.06441585 0.07432562 0.08306728
[2,] 0.00000000 0.06193769 0.17744035 0.24393831 0.291954101 0.36484400 0.47808373 0.61866213 0.68530711 0.75631280
[3,] 0.00000000 0.08437165 0.11479525 0.14216504 0.170316794 0.21052087 0.25609788 0.29140843 0.30390519 0.32901335
[4,] 0.02714951 0.02082898 0.01176941 0.01070723 0.005706784 0.01219648 0.01847601 0.02582562 0.01977633 0.02801605
[5,] 0.06917894 0.06480462 0.01072718 0.02254008 0.011846997 0.01232171 0.02347030 0.03588894 0.02998251 0.03649498
          [,11]      [,12]      [,13]
[1,] 0.08257340 0.07750086 0.07618642
[2,] 0.86861255 0.95917287 0.98776355
[3,] 0.38388864 0.39932375 0.43016975
[4,] 0.02497628 0.02598172 0.02435388
[5,] 0.07374714 0.05054400 0.02271472

, , 5

           [,1]         [,2]         [,3]        [,4]         [,5]       [,6]       [,7]        [,8]        [,9]      [,10]
[1,] 0.00000000  0.006306841  0.018677588 0.008083806 0.0045396651 0.01923821 0.01625391 0.015793995 0.011873499 0.01003183
[2,] 0.00000000 -0.002943310  0.098403957 0.105616750 0.0293818227 0.02188578 0.13268199 0.044823648 0.055850657 0.04884593
[3,] 0.00000000  0.026379045  0.094660760 0.075398755 0.0047224452 0.03750073 0.06488803 0.055418341 0.066088229 0.05814829
[4,] 0.00000000  0.010583997  0.011646549 0.003967725 0.0006309698 0.00489843 0.01474923 0.005514386 0.002563406 0.01259461
[5,] 0.09465568  0.012766315 -0.004586997 0.023551847 0.0061738538 0.01765229 0.02064239 0.010724671 0.019743445 0.01768475
           [,11]       [,12]       [,13]
[1,] 0.010649993 0.004652206 0.012520195
[2,] 0.086510004 0.077765415 0.059702959
[3,] 0.081102386 0.047101380 0.073060790
[4,] 0.003358913 0.004977531 0.002744122
[5,] 0.007599496 0.019149981 0.012216874


$diagnostic_list
$diagnostic_list$`Shock: monetary_policy`
$diagnostic_list$`Shock: monetary_policy`[[1]]
                               R-sqrd. Adj. R-sqrd.     F-stat      p-value
h1:monetary_policy           0.8804558    0.8359742  19.793725 8.557767e-15
h1:inflation_expectations_1y 0.9771398    0.9686337 114.874860 6.124048e-30
h1:inflation_expectations_3y 0.8911491    0.8506464  22.002232 1.236511e-15
h1:inflation                 0.5622879    0.3994183   3.452381 6.064834e-04
h1:economic_activity         0.3093381    0.0523476   1.203695 3.039550e-01

$diagnostic_list$`Shock: monetary_policy`[[2]]
                               R-sqrd. Adj. R-sqrd.    F-stat      p-value
h2:monetary_policy           0.7996597   0.72333954 10.477704 5.839178e-10
h2:inflation_expectations_1y 0.9510146   0.93235344 50.962350 2.625665e-22
h2:inflation_expectations_3y 0.8003320   0.72426795 10.521821 5.471385e-10
h2:inflation                 0.4094735   0.18451108  1.820186 6.092529e-02
h2:economic_activity         0.2839131   0.01111808  1.040756 4.372482e-01

$diagnostic_list$`Shock: monetary_policy`[[3]]
                               R-sqrd. Adj. R-sqrd.    F-stat      p-value
h3:monetary_policy           0.7457251   0.64649586  7.515176 9.511840e-08
h3:inflation_expectations_1y 0.9273873   0.89905059 32.727453 2.781601e-18
h3:inflation_expectations_3y 0.6983259   0.58059936  5.931765 2.062334e-06
h3:inflation                 0.4280070   0.20479028  1.917450 4.726301e-02
h3:economic_activity         0.2906211   0.01379031  1.049815 4.296782e-01

$diagnostic_list$`Shock: monetary_policy`[[4]]
                               R-sqrd. Adj. R-sqrd.    F-stat      p-value
h4:monetary_policy           0.6551873   0.51726228  4.750314 3.127438e-05
h4:inflation_expectations_1y 0.8937683   0.85127557 21.033458 1.410952e-14
h4:inflation_expectations_3y 0.6480953   0.50733335  4.604195 4.381691e-05
h4:inflation                 0.4315657   0.20419204  1.898046 5.079065e-02
h4:economic_activity         0.3016048   0.02224675  1.079635 4.042113e-01

$diagnostic_list$`Shock: monetary_policy`[[5]]
                               R-sqrd. Adj. R-sqrd.    F-stat      p-value
h5:monetary_policy           0.5757719   0.40172954  3.308229 1.153870e-03
h5:inflation_expectations_1y 0.8483603   0.78614910 13.636784 2.734669e-11
h5:inflation_expectations_3y 0.5964973   0.43095774  3.603352 5.433820e-04
h5:inflation                 0.3858261   0.13385739  1.531246 1.376705e-01
h5:economic_activity         0.3060220   0.02131314  1.074859 4.090654e-01

$diagnostic_list$`Shock: monetary_policy`[[6]]
                               R-sqrd. Adj. R-sqrd.    F-stat      p-value
h6:monetary_policy           0.5114632   0.30576345 2.4864554 1.071351e-02
h6:inflation_expectations_1y 0.8054157   0.72348547 9.8305070 4.909073e-09
h6:inflation_expectations_3y 0.5732684   0.39359197 3.1905595 1.668392e-03
h6:inflation                 0.4575072   0.22908918 2.0029383 3.973643e-02
h6:economic_activity         0.2664360  -0.04243302 0.8626181 6.125620e-01

$diagnostic_list$`Shock: monetary_policy`[[7]]
                               R-sqrd. Adj. R-sqrd.    F-stat      p-value
h7:monetary_policy           0.4224564    0.1727078 1.6915265 9.288599e-02
h7:inflation_expectations_1y 0.7526020    0.6456191 7.0347872 5.220650e-07
h7:inflation_expectations_3y 0.4811068    0.2567206 2.1441012 2.784972e-02
h7:inflation                 0.4501616    0.2123937 1.8932814 5.450597e-02
h7:economic_activity         0.1586580   -0.2051655 0.4360851 9.613380e-01

$diagnostic_list$`Shock: monetary_policy`[[8]]
                               R-sqrd. Adj. R-sqrd.    F-stat      p-value
h8:monetary_policy           0.4246658   0.16896178 1.6607708 1.020543e-01
h8:inflation_expectations_1y 0.6886785   0.55031335 4.9772549 3.176503e-05
h8:inflation_expectations_3y 0.3605117   0.07629475 1.2684384 2.687453e-01
h8:inflation                 0.3399434   0.04658490 1.1587986 3.441306e-01
h8:economic_activity         0.2840595  -0.03413634 0.8927191 5.822143e-01

$diagnostic_list$`Shock: monetary_policy`[[9]]
                               R-sqrd. Adj. R-sqrd.    F-stat      p-value
h9:monetary_policy           0.4497543   0.19821335 1.7879965 0.0746809548
h9:inflation_expectations_1y 0.6336253   0.46613976 3.7831637 0.0004949933
h9:inflation_expectations_3y 0.2598687  -0.07847699 0.7680568 0.7081644148
h9:inflation                 0.2913513  -0.03260238 0.8993610 0.5757262558
h9:economic_activity         0.3589871   0.06595262 1.2250678 0.2981850753

$diagnostic_list$`Shock: monetary_policy`[[10]]
                                R-sqrd. Adj. R-sqrd.    F-stat     p-value
h10:monetary_policy           0.4032553   0.12243425 1.4359867 0.183224484
h10:inflation_expectations_1y 0.5813469   0.38433369 2.9508015 0.003929528
h10:inflation_expectations_3y 0.2224337  -0.14347989 0.6078858 0.855261359
h10:inflation                 0.2866537  -0.04903873 0.8539177 0.621378471
h10:economic_activity         0.3367206   0.02458913 1.0787781 0.410003653

$diagnostic_list$`Shock: monetary_policy`[[11]]
                                R-sqrd. Adj. R-sqrd.    F-stat    p-value
h11:monetary_policy           0.3823164   0.08283349 1.2765883 0.26821983
h11:inflation_expectations_1y 0.5377693   0.31365745 2.3995576 0.01641994
h11:inflation_expectations_3y 0.2574799  -0.10252987 0.7152025 0.75913385
h11:inflation                 0.2240365  -0.15218828 0.5954857 0.86446192
h11:economic_activity         0.2750821  -0.07639327 0.7826497 0.69293736

$diagnostic_list$`Shock: monetary_policy`[[12]]
                                R-sqrd. Adj. R-sqrd.    F-stat    p-value
h12:monetary_policy           0.3605333  0.040799898 1.1276060 0.37277912
h12:inflation_expectations_1y 0.4839197  0.225879499 1.8753656 0.06365125
h12:inflation_expectations_3y 0.3276099 -0.008585178 0.9744637 0.50422274
h12:inflation                 0.1819116 -0.227132594 0.4447236 0.95589394
h12:economic_activity         0.3279486 -0.008077050 0.9759630 0.50282575


$diagnostic_list$`Shock: inflation_expectations_1y`
$diagnostic_list$`Shock: inflation_expectations_1y`[[1]]
                               R-sqrd. Adj. R-sqrd.     F-stat      p-value
h1:monetary_policy           0.8804558    0.8359742  19.793725 8.557767e-15
h1:inflation_expectations_1y 0.9771398    0.9686337 114.874860 6.124048e-30
h1:inflation_expectations_3y 0.8911491    0.8506464  22.002232 1.236511e-15
h1:inflation                 0.5622879    0.3994183   3.452381 6.064834e-04
h1:economic_activity         0.3093381    0.0523476   1.203695 3.039550e-01

$diagnostic_list$`Shock: inflation_expectations_1y`[[2]]
                               R-sqrd. Adj. R-sqrd.    F-stat      p-value
h2:monetary_policy           0.7996597   0.72333954 10.477704 5.839178e-10
h2:inflation_expectations_1y 0.9510146   0.93235344 50.962350 2.625665e-22
h2:inflation_expectations_3y 0.8003320   0.72426795 10.521821 5.471385e-10
h2:inflation                 0.4094735   0.18451108  1.820186 6.092529e-02
h2:economic_activity         0.2839131   0.01111808  1.040756 4.372482e-01

$diagnostic_list$`Shock: inflation_expectations_1y`[[3]]
                               R-sqrd. Adj. R-sqrd.    F-stat      p-value
h3:monetary_policy           0.7457251   0.64649586  7.515176 9.511840e-08
h3:inflation_expectations_1y 0.9273873   0.89905059 32.727453 2.781601e-18
h3:inflation_expectations_3y 0.6983259   0.58059936  5.931765 2.062334e-06
h3:inflation                 0.4280070   0.20479028  1.917450 4.726301e-02
h3:economic_activity         0.2906211   0.01379031  1.049815 4.296782e-01

$diagnostic_list$`Shock: inflation_expectations_1y`[[4]]
                               R-sqrd. Adj. R-sqrd.    F-stat      p-value
h4:monetary_policy           0.6551873   0.51726228  4.750314 3.127438e-05
h4:inflation_expectations_1y 0.8937683   0.85127557 21.033458 1.410952e-14
h4:inflation_expectations_3y 0.6480953   0.50733335  4.604195 4.381691e-05
h4:inflation                 0.4315657   0.20419204  1.898046 5.079065e-02
h4:economic_activity         0.3016048   0.02224675  1.079635 4.042113e-01

$diagnostic_list$`Shock: inflation_expectations_1y`[[5]]
                               R-sqrd. Adj. R-sqrd.    F-stat      p-value
h5:monetary_policy           0.5757719   0.40172954  3.308229 1.153870e-03
h5:inflation_expectations_1y 0.8483603   0.78614910 13.636784 2.734669e-11
h5:inflation_expectations_3y 0.5964973   0.43095774  3.603352 5.433820e-04
h5:inflation                 0.3858261   0.13385739  1.531246 1.376705e-01
h5:economic_activity         0.3060220   0.02131314  1.074859 4.090654e-01

$diagnostic_list$`Shock: inflation_expectations_1y`[[6]]
                               R-sqrd. Adj. R-sqrd.    F-stat      p-value
h6:monetary_policy           0.5114632   0.30576345 2.4864554 1.071351e-02
h6:inflation_expectations_1y 0.8054157   0.72348547 9.8305070 4.909073e-09
h6:inflation_expectations_3y 0.5732684   0.39359197 3.1905595 1.668392e-03
h6:inflation                 0.4575072   0.22908918 2.0029383 3.973643e-02
h6:economic_activity         0.2664360  -0.04243302 0.8626181 6.125620e-01

$diagnostic_list$`Shock: inflation_expectations_1y`[[7]]
                               R-sqrd. Adj. R-sqrd.    F-stat      p-value
h7:monetary_policy           0.4224564    0.1727078 1.6915265 9.288599e-02
h7:inflation_expectations_1y 0.7526020    0.6456191 7.0347872 5.220650e-07
h7:inflation_expectations_3y 0.4811068    0.2567206 2.1441012 2.784972e-02
h7:inflation                 0.4501616    0.2123937 1.8932814 5.450597e-02
h7:economic_activity         0.1586580   -0.2051655 0.4360851 9.613380e-01

$diagnostic_list$`Shock: inflation_expectations_1y`[[8]]
                               R-sqrd. Adj. R-sqrd.    F-stat      p-value
h8:monetary_policy           0.4246658   0.16896178 1.6607708 1.020543e-01
h8:inflation_expectations_1y 0.6886785   0.55031335 4.9772549 3.176503e-05
h8:inflation_expectations_3y 0.3605117   0.07629475 1.2684384 2.687453e-01
h8:inflation                 0.3399434   0.04658490 1.1587986 3.441306e-01
h8:economic_activity         0.2840595  -0.03413634 0.8927191 5.822143e-01

$diagnostic_list$`Shock: inflation_expectations_1y`[[9]]
                               R-sqrd. Adj. R-sqrd.    F-stat      p-value
h9:monetary_policy           0.4497543   0.19821335 1.7879965 0.0746809548
h9:inflation_expectations_1y 0.6336253   0.46613976 3.7831637 0.0004949933
h9:inflation_expectations_3y 0.2598687  -0.07847699 0.7680568 0.7081644148
h9:inflation                 0.2913513  -0.03260238 0.8993610 0.5757262558
h9:economic_activity         0.3589871   0.06595262 1.2250678 0.2981850753

$diagnostic_list$`Shock: inflation_expectations_1y`[[10]]
                                R-sqrd. Adj. R-sqrd.    F-stat     p-value
h10:monetary_policy           0.4032553   0.12243425 1.4359867 0.183224484
h10:inflation_expectations_1y 0.5813469   0.38433369 2.9508015 0.003929528
h10:inflation_expectations_3y 0.2224337  -0.14347989 0.6078858 0.855261359
h10:inflation                 0.2866537  -0.04903873 0.8539177 0.621378471
h10:economic_activity         0.3367206   0.02458913 1.0787781 0.410003653

$diagnostic_list$`Shock: inflation_expectations_1y`[[11]]
                                R-sqrd. Adj. R-sqrd.    F-stat    p-value
h11:monetary_policy           0.3823164   0.08283349 1.2765883 0.26821983
h11:inflation_expectations_1y 0.5377693   0.31365745 2.3995576 0.01641994
h11:inflation_expectations_3y 0.2574799  -0.10252987 0.7152025 0.75913385
h11:inflation                 0.2240365  -0.15218828 0.5954857 0.86446192
h11:economic_activity         0.2750821  -0.07639327 0.7826497 0.69293736

$diagnostic_list$`Shock: inflation_expectations_1y`[[12]]
                                R-sqrd. Adj. R-sqrd.    F-stat    p-value
h12:monetary_policy           0.3605333  0.040799898 1.1276060 0.37277912
h12:inflation_expectations_1y 0.4839197  0.225879499 1.8753656 0.06365125
h12:inflation_expectations_3y 0.3276099 -0.008585178 0.9744637 0.50422274
h12:inflation                 0.1819116 -0.227132594 0.4447236 0.95589394
h12:economic_activity         0.3279486 -0.008077050 0.9759630 0.50282575


$diagnostic_list$`Shock: inflation_expectations_3y`
$diagnostic_list$`Shock: inflation_expectations_3y`[[1]]
                               R-sqrd. Adj. R-sqrd.     F-stat      p-value
h1:monetary_policy           0.8804558    0.8359742  19.793725 8.557767e-15
h1:inflation_expectations_1y 0.9771398    0.9686337 114.874860 6.124048e-30
h1:inflation_expectations_3y 0.8911491    0.8506464  22.002232 1.236511e-15
h1:inflation                 0.5622879    0.3994183   3.452381 6.064834e-04
h1:economic_activity         0.3093381    0.0523476   1.203695 3.039550e-01

$diagnostic_list$`Shock: inflation_expectations_3y`[[2]]
                               R-sqrd. Adj. R-sqrd.    F-stat      p-value
h2:monetary_policy           0.7996597   0.72333954 10.477704 5.839178e-10
h2:inflation_expectations_1y 0.9510146   0.93235344 50.962350 2.625665e-22
h2:inflation_expectations_3y 0.8003320   0.72426795 10.521821 5.471385e-10
h2:inflation                 0.4094735   0.18451108  1.820186 6.092529e-02
h2:economic_activity         0.2839131   0.01111808  1.040756 4.372482e-01

$diagnostic_list$`Shock: inflation_expectations_3y`[[3]]
                               R-sqrd. Adj. R-sqrd.    F-stat      p-value
h3:monetary_policy           0.7457251   0.64649586  7.515176 9.511840e-08
h3:inflation_expectations_1y 0.9273873   0.89905059 32.727453 2.781601e-18
h3:inflation_expectations_3y 0.6983259   0.58059936  5.931765 2.062334e-06
h3:inflation                 0.4280070   0.20479028  1.917450 4.726301e-02
h3:economic_activity         0.2906211   0.01379031  1.049815 4.296782e-01

$diagnostic_list$`Shock: inflation_expectations_3y`[[4]]
                               R-sqrd. Adj. R-sqrd.    F-stat      p-value
h4:monetary_policy           0.6551873   0.51726228  4.750314 3.127438e-05
h4:inflation_expectations_1y 0.8937683   0.85127557 21.033458 1.410952e-14
h4:inflation_expectations_3y 0.6480953   0.50733335  4.604195 4.381691e-05
h4:inflation                 0.4315657   0.20419204  1.898046 5.079065e-02
h4:economic_activity         0.3016048   0.02224675  1.079635 4.042113e-01

$diagnostic_list$`Shock: inflation_expectations_3y`[[5]]
                               R-sqrd. Adj. R-sqrd.    F-stat      p-value
h5:monetary_policy           0.5757719   0.40172954  3.308229 1.153870e-03
h5:inflation_expectations_1y 0.8483603   0.78614910 13.636784 2.734669e-11
h5:inflation_expectations_3y 0.5964973   0.43095774  3.603352 5.433820e-04
h5:inflation                 0.3858261   0.13385739  1.531246 1.376705e-01
h5:economic_activity         0.3060220   0.02131314  1.074859 4.090654e-01

$diagnostic_list$`Shock: inflation_expectations_3y`[[6]]
                               R-sqrd. Adj. R-sqrd.    F-stat      p-value
h6:monetary_policy           0.5114632   0.30576345 2.4864554 1.071351e-02
h6:inflation_expectations_1y 0.8054157   0.72348547 9.8305070 4.909073e-09
h6:inflation_expectations_3y 0.5732684   0.39359197 3.1905595 1.668392e-03
h6:inflation                 0.4575072   0.22908918 2.0029383 3.973643e-02
h6:economic_activity         0.2664360  -0.04243302 0.8626181 6.125620e-01

$diagnostic_list$`Shock: inflation_expectations_3y`[[7]]
                               R-sqrd. Adj. R-sqrd.    F-stat      p-value
h7:monetary_policy           0.4224564    0.1727078 1.6915265 9.288599e-02
h7:inflation_expectations_1y 0.7526020    0.6456191 7.0347872 5.220650e-07
h7:inflation_expectations_3y 0.4811068    0.2567206 2.1441012 2.784972e-02
h7:inflation                 0.4501616    0.2123937 1.8932814 5.450597e-02
h7:economic_activity         0.1586580   -0.2051655 0.4360851 9.613380e-01

$diagnostic_list$`Shock: inflation_expectations_3y`[[8]]
                               R-sqrd. Adj. R-sqrd.    F-stat      p-value
h8:monetary_policy           0.4246658   0.16896178 1.6607708 1.020543e-01
h8:inflation_expectations_1y 0.6886785   0.55031335 4.9772549 3.176503e-05
h8:inflation_expectations_3y 0.3605117   0.07629475 1.2684384 2.687453e-01
h8:inflation                 0.3399434   0.04658490 1.1587986 3.441306e-01
h8:economic_activity         0.2840595  -0.03413634 0.8927191 5.822143e-01

$diagnostic_list$`Shock: inflation_expectations_3y`[[9]]
                               R-sqrd. Adj. R-sqrd.    F-stat      p-value
h9:monetary_policy           0.4497543   0.19821335 1.7879965 0.0746809548
h9:inflation_expectations_1y 0.6336253   0.46613976 3.7831637 0.0004949933
h9:inflation_expectations_3y 0.2598687  -0.07847699 0.7680568 0.7081644148
h9:inflation                 0.2913513  -0.03260238 0.8993610 0.5757262558
h9:economic_activity         0.3589871   0.06595262 1.2250678 0.2981850753

$diagnostic_list$`Shock: inflation_expectations_3y`[[10]]
                                R-sqrd. Adj. R-sqrd.    F-stat     p-value
h10:monetary_policy           0.4032553   0.12243425 1.4359867 0.183224484
h10:inflation_expectations_1y 0.5813469   0.38433369 2.9508015 0.003929528
h10:inflation_expectations_3y 0.2224337  -0.14347989 0.6078858 0.855261359
h10:inflation                 0.2866537  -0.04903873 0.8539177 0.621378471
h10:economic_activity         0.3367206   0.02458913 1.0787781 0.410003653

$diagnostic_list$`Shock: inflation_expectations_3y`[[11]]
                                R-sqrd. Adj. R-sqrd.    F-stat    p-value
h11:monetary_policy           0.3823164   0.08283349 1.2765883 0.26821983
h11:inflation_expectations_1y 0.5377693   0.31365745 2.3995576 0.01641994
h11:inflation_expectations_3y 0.2574799  -0.10252987 0.7152025 0.75913385
h11:inflation                 0.2240365  -0.15218828 0.5954857 0.86446192
h11:economic_activity         0.2750821  -0.07639327 0.7826497 0.69293736

$diagnostic_list$`Shock: inflation_expectations_3y`[[12]]
                                R-sqrd. Adj. R-sqrd.    F-stat    p-value
h12:monetary_policy           0.3605333  0.040799898 1.1276060 0.37277912
h12:inflation_expectations_1y 0.4839197  0.225879499 1.8753656 0.06365125
h12:inflation_expectations_3y 0.3276099 -0.008585178 0.9744637 0.50422274
h12:inflation                 0.1819116 -0.227132594 0.4447236 0.95589394
h12:economic_activity         0.3279486 -0.008077050 0.9759630 0.50282575


$diagnostic_list$`Shock: inflation`
$diagnostic_list$`Shock: inflation`[[1]]
                               R-sqrd. Adj. R-sqrd.     F-stat      p-value
h1:monetary_policy           0.8804558    0.8359742  19.793725 8.557767e-15
h1:inflation_expectations_1y 0.9771398    0.9686337 114.874860 6.124048e-30
h1:inflation_expectations_3y 0.8911491    0.8506464  22.002232 1.236511e-15
h1:inflation                 0.5622879    0.3994183   3.452381 6.064834e-04
h1:economic_activity         0.3093381    0.0523476   1.203695 3.039550e-01

$diagnostic_list$`Shock: inflation`[[2]]
                               R-sqrd. Adj. R-sqrd.    F-stat      p-value
h2:monetary_policy           0.7996597   0.72333954 10.477704 5.839178e-10
h2:inflation_expectations_1y 0.9510146   0.93235344 50.962350 2.625665e-22
h2:inflation_expectations_3y 0.8003320   0.72426795 10.521821 5.471385e-10
h2:inflation                 0.4094735   0.18451108  1.820186 6.092529e-02
h2:economic_activity         0.2839131   0.01111808  1.040756 4.372482e-01

$diagnostic_list$`Shock: inflation`[[3]]
                               R-sqrd. Adj. R-sqrd.    F-stat      p-value
h3:monetary_policy           0.7457251   0.64649586  7.515176 9.511840e-08
h3:inflation_expectations_1y 0.9273873   0.89905059 32.727453 2.781601e-18
h3:inflation_expectations_3y 0.6983259   0.58059936  5.931765 2.062334e-06
h3:inflation                 0.4280070   0.20479028  1.917450 4.726301e-02
h3:economic_activity         0.2906211   0.01379031  1.049815 4.296782e-01

$diagnostic_list$`Shock: inflation`[[4]]
                               R-sqrd. Adj. R-sqrd.    F-stat      p-value
h4:monetary_policy           0.6551873   0.51726228  4.750314 3.127438e-05
h4:inflation_expectations_1y 0.8937683   0.85127557 21.033458 1.410952e-14
h4:inflation_expectations_3y 0.6480953   0.50733335  4.604195 4.381691e-05
h4:inflation                 0.4315657   0.20419204  1.898046 5.079065e-02
h4:economic_activity         0.3016048   0.02224675  1.079635 4.042113e-01

$diagnostic_list$`Shock: inflation`[[5]]
                               R-sqrd. Adj. R-sqrd.    F-stat      p-value
h5:monetary_policy           0.5757719   0.40172954  3.308229 1.153870e-03
h5:inflation_expectations_1y 0.8483603   0.78614910 13.636784 2.734669e-11
h5:inflation_expectations_3y 0.5964973   0.43095774  3.603352 5.433820e-04
h5:inflation                 0.3858261   0.13385739  1.531246 1.376705e-01
h5:economic_activity         0.3060220   0.02131314  1.074859 4.090654e-01

$diagnostic_list$`Shock: inflation`[[6]]
                               R-sqrd. Adj. R-sqrd.    F-stat      p-value
h6:monetary_policy           0.5114632   0.30576345 2.4864554 1.071351e-02
h6:inflation_expectations_1y 0.8054157   0.72348547 9.8305070 4.909073e-09
h6:inflation_expectations_3y 0.5732684   0.39359197 3.1905595 1.668392e-03
h6:inflation                 0.4575072   0.22908918 2.0029383 3.973643e-02
h6:economic_activity         0.2664360  -0.04243302 0.8626181 6.125620e-01

$diagnostic_list$`Shock: inflation`[[7]]
                               R-sqrd. Adj. R-sqrd.    F-stat      p-value
h7:monetary_policy           0.4224564    0.1727078 1.6915265 9.288599e-02
h7:inflation_expectations_1y 0.7526020    0.6456191 7.0347872 5.220650e-07
h7:inflation_expectations_3y 0.4811068    0.2567206 2.1441012 2.784972e-02
h7:inflation                 0.4501616    0.2123937 1.8932814 5.450597e-02
h7:economic_activity         0.1586580   -0.2051655 0.4360851 9.613380e-01

$diagnostic_list$`Shock: inflation`[[8]]
                               R-sqrd. Adj. R-sqrd.    F-stat      p-value
h8:monetary_policy           0.4246658   0.16896178 1.6607708 1.020543e-01
h8:inflation_expectations_1y 0.6886785   0.55031335 4.9772549 3.176503e-05
h8:inflation_expectations_3y 0.3605117   0.07629475 1.2684384 2.687453e-01
h8:inflation                 0.3399434   0.04658490 1.1587986 3.441306e-01
h8:economic_activity         0.2840595  -0.03413634 0.8927191 5.822143e-01

$diagnostic_list$`Shock: inflation`[[9]]
                               R-sqrd. Adj. R-sqrd.    F-stat      p-value
h9:monetary_policy           0.4497543   0.19821335 1.7879965 0.0746809548
h9:inflation_expectations_1y 0.6336253   0.46613976 3.7831637 0.0004949933
h9:inflation_expectations_3y 0.2598687  -0.07847699 0.7680568 0.7081644148
h9:inflation                 0.2913513  -0.03260238 0.8993610 0.5757262558
h9:economic_activity         0.3589871   0.06595262 1.2250678 0.2981850753

$diagnostic_list$`Shock: inflation`[[10]]
                                R-sqrd. Adj. R-sqrd.    F-stat     p-value
h10:monetary_policy           0.4032553   0.12243425 1.4359867 0.183224484
h10:inflation_expectations_1y 0.5813469   0.38433369 2.9508015 0.003929528
h10:inflation_expectations_3y 0.2224337  -0.14347989 0.6078858 0.855261359
h10:inflation                 0.2866537  -0.04903873 0.8539177 0.621378471
h10:economic_activity         0.3367206   0.02458913 1.0787781 0.410003653

$diagnostic_list$`Shock: inflation`[[11]]
                                R-sqrd. Adj. R-sqrd.    F-stat    p-value
h11:monetary_policy           0.3823164   0.08283349 1.2765883 0.26821983
h11:inflation_expectations_1y 0.5377693   0.31365745 2.3995576 0.01641994
h11:inflation_expectations_3y 0.2574799  -0.10252987 0.7152025 0.75913385
h11:inflation                 0.2240365  -0.15218828 0.5954857 0.86446192
h11:economic_activity         0.2750821  -0.07639327 0.7826497 0.69293736

$diagnostic_list$`Shock: inflation`[[12]]
                                R-sqrd. Adj. R-sqrd.    F-stat    p-value
h12:monetary_policy           0.3605333  0.040799898 1.1276060 0.37277912
h12:inflation_expectations_1y 0.4839197  0.225879499 1.8753656 0.06365125
h12:inflation_expectations_3y 0.3276099 -0.008585178 0.9744637 0.50422274
h12:inflation                 0.1819116 -0.227132594 0.4447236 0.95589394
h12:economic_activity         0.3279486 -0.008077050 0.9759630 0.50282575


$diagnostic_list$`Shock: economic_activity`
$diagnostic_list$`Shock: economic_activity`[[1]]
                               R-sqrd. Adj. R-sqrd.     F-stat      p-value
h1:monetary_policy           0.8804558    0.8359742  19.793725 8.557767e-15
h1:inflation_expectations_1y 0.9771398    0.9686337 114.874860 6.124048e-30
h1:inflation_expectations_3y 0.8911491    0.8506464  22.002232 1.236511e-15
h1:inflation                 0.5622879    0.3994183   3.452381 6.064834e-04
h1:economic_activity         0.3093381    0.0523476   1.203695 3.039550e-01

$diagnostic_list$`Shock: economic_activity`[[2]]
                               R-sqrd. Adj. R-sqrd.    F-stat      p-value
h2:monetary_policy           0.7996597   0.72333954 10.477704 5.839178e-10
h2:inflation_expectations_1y 0.9510146   0.93235344 50.962350 2.625665e-22
h2:inflation_expectations_3y 0.8003320   0.72426795 10.521821 5.471385e-10
h2:inflation                 0.4094735   0.18451108  1.820186 6.092529e-02
h2:economic_activity         0.2839131   0.01111808  1.040756 4.372482e-01

$diagnostic_list$`Shock: economic_activity`[[3]]
                               R-sqrd. Adj. R-sqrd.    F-stat      p-value
h3:monetary_policy           0.7457251   0.64649586  7.515176 9.511840e-08
h3:inflation_expectations_1y 0.9273873   0.89905059 32.727453 2.781601e-18
h3:inflation_expectations_3y 0.6983259   0.58059936  5.931765 2.062334e-06
h3:inflation                 0.4280070   0.20479028  1.917450 4.726301e-02
h3:economic_activity         0.2906211   0.01379031  1.049815 4.296782e-01

$diagnostic_list$`Shock: economic_activity`[[4]]
                               R-sqrd. Adj. R-sqrd.    F-stat      p-value
h4:monetary_policy           0.6551873   0.51726228  4.750314 3.127438e-05
h4:inflation_expectations_1y 0.8937683   0.85127557 21.033458 1.410952e-14
h4:inflation_expectations_3y 0.6480953   0.50733335  4.604195 4.381691e-05
h4:inflation                 0.4315657   0.20419204  1.898046 5.079065e-02
h4:economic_activity         0.3016048   0.02224675  1.079635 4.042113e-01

$diagnostic_list$`Shock: economic_activity`[[5]]
                               R-sqrd. Adj. R-sqrd.    F-stat      p-value
h5:monetary_policy           0.5757719   0.40172954  3.308229 1.153870e-03
h5:inflation_expectations_1y 0.8483603   0.78614910 13.636784 2.734669e-11
h5:inflation_expectations_3y 0.5964973   0.43095774  3.603352 5.433820e-04
h5:inflation                 0.3858261   0.13385739  1.531246 1.376705e-01
h5:economic_activity         0.3060220   0.02131314  1.074859 4.090654e-01

$diagnostic_list$`Shock: economic_activity`[[6]]
                               R-sqrd. Adj. R-sqrd.    F-stat      p-value
h6:monetary_policy           0.5114632   0.30576345 2.4864554 1.071351e-02
h6:inflation_expectations_1y 0.8054157   0.72348547 9.8305070 4.909073e-09
h6:inflation_expectations_3y 0.5732684   0.39359197 3.1905595 1.668392e-03
h6:inflation                 0.4575072   0.22908918 2.0029383 3.973643e-02
h6:economic_activity         0.2664360  -0.04243302 0.8626181 6.125620e-01

$diagnostic_list$`Shock: economic_activity`[[7]]
                               R-sqrd. Adj. R-sqrd.    F-stat      p-value
h7:monetary_policy           0.4224564    0.1727078 1.6915265 9.288599e-02
h7:inflation_expectations_1y 0.7526020    0.6456191 7.0347872 5.220650e-07
h7:inflation_expectations_3y 0.4811068    0.2567206 2.1441012 2.784972e-02
h7:inflation                 0.4501616    0.2123937 1.8932814 5.450597e-02
h7:economic_activity         0.1586580   -0.2051655 0.4360851 9.613380e-01

$diagnostic_list$`Shock: economic_activity`[[8]]
                               R-sqrd. Adj. R-sqrd.    F-stat      p-value
h8:monetary_policy           0.4246658   0.16896178 1.6607708 1.020543e-01
h8:inflation_expectations_1y 0.6886785   0.55031335 4.9772549 3.176503e-05
h8:inflation_expectations_3y 0.3605117   0.07629475 1.2684384 2.687453e-01
h8:inflation                 0.3399434   0.04658490 1.1587986 3.441306e-01
h8:economic_activity         0.2840595  -0.03413634 0.8927191 5.822143e-01

$diagnostic_list$`Shock: economic_activity`[[9]]
                               R-sqrd. Adj. R-sqrd.    F-stat      p-value
h9:monetary_policy           0.4497543   0.19821335 1.7879965 0.0746809548
h9:inflation_expectations_1y 0.6336253   0.46613976 3.7831637 0.0004949933
h9:inflation_expectations_3y 0.2598687  -0.07847699 0.7680568 0.7081644148
h9:inflation                 0.2913513  -0.03260238 0.8993610 0.5757262558
h9:economic_activity         0.3589871   0.06595262 1.2250678 0.2981850753

$diagnostic_list$`Shock: economic_activity`[[10]]
                                R-sqrd. Adj. R-sqrd.    F-stat     p-value
h10:monetary_policy           0.4032553   0.12243425 1.4359867 0.183224484
h10:inflation_expectations_1y 0.5813469   0.38433369 2.9508015 0.003929528
h10:inflation_expectations_3y 0.2224337  -0.14347989 0.6078858 0.855261359
h10:inflation                 0.2866537  -0.04903873 0.8539177 0.621378471
h10:economic_activity         0.3367206   0.02458913 1.0787781 0.410003653

$diagnostic_list$`Shock: economic_activity`[[11]]
                                R-sqrd. Adj. R-sqrd.    F-stat    p-value
h11:monetary_policy           0.3823164   0.08283349 1.2765883 0.26821983
h11:inflation_expectations_1y 0.5377693   0.31365745 2.3995576 0.01641994
h11:inflation_expectations_3y 0.2574799  -0.10252987 0.7152025 0.75913385
h11:inflation                 0.2240365  -0.15218828 0.5954857 0.86446192
h11:economic_activity         0.2750821  -0.07639327 0.7826497 0.69293736

$diagnostic_list$`Shock: economic_activity`[[12]]
                                R-sqrd. Adj. R-sqrd.    F-stat    p-value
h12:monetary_policy           0.3605333  0.040799898 1.1276060 0.37277912
h12:inflation_expectations_1y 0.4839197  0.225879499 1.8753656 0.06365125
h12:inflation_expectations_3y 0.3276099 -0.008585178 0.9744637 0.50422274
h12:inflation                 0.1819116 -0.227132594 0.4447236 0.95589394
h12:economic_activity         0.3279486 -0.008077050 0.9759630 0.50282575



$specs
$specs$lags_endog_lin
SC(n) 
    1 

$specs$lags_criterion
[1] NaN

$specs$max_lags
[1] NaN

$specs$trend
[1] 0

$specs$shock_type
[1] 0

$specs$confint
[1] 1.65

$specs$hor
[1] 12

$specs$use_nw
[1] TRUE

$specs$nw_prewhite
[1] FALSE

$specs$adjust_se
[1] FALSE

$specs$use_twosls
[1] FALSE

$specs$contemp_data
$specs$contemp_data$dummy
 [1] 0 0 0 0 0 0 0 0 0 0 0 0 0 0 0 0 0 0 0 0 0 0 0 0 0 0 1 1 1 1 0 1 0 1 0 0 0 0 0 0 0 0 0 0 0 0 0 0 0 0 0 0 0 0 0 0 0 0 0 0
[61] 0

$specs$contemp_data$Jan
 [1] 0 0 0 0 0 0 0 0 0 0 0 1 0 0 0 0 0 0 0 0 0 0 0 1 0 0 0 0 0 0 0 0 0 0 0 1 0 0 0 0 0 0 0 0 0 0 0 1 0 0 0 0 0 0 0 0 0 0 0 1
[61] 0

$specs$contemp_data$Feb
 [1] 1 0 0 0 0 0 0 0 0 0 0 0 1 0 0 0 0 0 0 0 0 0 0 0 1 0 0 0 0 0 0 0 0 0 0 0 1 0 0 0 0 0 0 0 0 0 0 0 1 0 0 0 0 0 0 0 0 0 0 0
[61] 1

$specs$contemp_data$Mar
 [1] 0 1 0 0 0 0 0 0 0 0 0 0 0 1 0 0 0 0 0 0 0 0 0 0 0 1 0 0 0 0 0 0 0 0 0 0 0 1 0 0 0 0 0 0 0 0 0 0 0 1 0 0 0 0 0 0 0 0 0 0
[61] 0

$specs$contemp_data$Apr
 [1] 0 0 1 0 0 0 0 0 0 0 0 0 0 0 1 0 0 0 0 0 0 0 0 0 0 0 1 0 0 0 0 0 0 0 0 0 0 0 1 0 0 0 0 0 0 0 0 0 0 0 1 0 0 0 0 0 0 0 0 0
[61] 0

$specs$contemp_data$May
 [1] 0 0 0 1 0 0 0 0 0 0 0 0 0 0 0 1 0 0 0 0 0 0 0 0 0 0 0 1 0 0 0 0 0 0 0 0 0 0 0 1 0 0 0 0 0 0 0 0 0 0 0 1 0 0 0 0 0 0 0 0
[61] 0

$specs$contemp_data$Jun
 [1] 0 0 0 0 1 0 0 0 0 0 0 0 0 0 0 0 1 0 0 0 0 0 0 0 0 0 0 0 1 0 0 0 0 0 0 0 0 0 0 0 1 0 0 0 0 0 0 0 0 0 0 0 1 0 0 0 0 0 0 0
[61] 0

$specs$contemp_data$Jul
 [1] 0 0 0 0 0 1 0 0 0 0 0 0 0 0 0 0 0 1 0 0 0 0 0 0 0 0 0 0 0 1 0 0 0 0 0 0 0 0 0 0 0 1 0 0 0 0 0 0 0 0 0 0 0 1 0 0 0 0 0 0
[61] 0

$specs$contemp_data$Aug
 [1] 0 0 0 0 0 0 1 0 0 0 0 0 0 0 0 0 0 0 1 0 0 0 0 0 0 0 0 0 0 0 1 0 0 0 0 0 0 0 0 0 0 0 1 0 0 0 0 0 0 0 0 0 0 0 1 0 0 0 0 0
[61] 0

$specs$contemp_data$Sep
 [1] 0 0 0 0 0 0 0 1 0 0 0 0 0 0 0 0 0 0 0 1 0 0 0 0 0 0 0 0 0 0 0 1 0 0 0 0 0 0 0 0 0 0 0 1 0 0 0 0 0 0 0 0 0 0 0 1 0 0 0 0
[61] 0

$specs$contemp_data$Oct
 [1] 0 0 0 0 0 0 0 0 1 0 0 0 0 0 0 0 0 0 0 0 1 0 0 0 0 0 0 0 0 0 0 0 1 0 0 0 0 0 0 0 0 0 0 0 1 0 0 0 0 0 0 0 0 0 0 0 1 0 0 0
[61] 0


$specs$model_type
[1] 0

$specs$starts
[1] 1

$specs$ends
[1] 61

$specs$column_names
[1] "monetary_policy"           "inflation_expectations_1y" "inflation_expectations_3y" "inflation"                
[5] "economic_activity"        

$specs$endog
[1] 5

$specs$y_lin
   monetary_policy inflation_expectations_1y inflation_expectations_3y    inflation economic_activity
2      0.039847597                  2.831908                  2.884280  0.032745451        0.02976223
3     -0.002955910                  2.752288                  2.908013  0.002310570        0.03672057
4     -0.009338458                  2.980844                  2.969947  0.031662657        0.02660601
5      0.005721988                  2.980844                  2.961960  0.027403122        0.04356130
6      0.006346698                  2.980844                  3.000000  0.010862582        0.01757053
7      0.025394158                  2.982717                  2.883912  0.009406502        0.03236078
8      0.003652278                  3.000000                  3.000000  0.021640425        0.02930438
9      0.011200582                  2.995079                  3.000000  0.025003951        0.02923299
10     0.033188244                  3.000000                  3.000000  0.028405410        0.02229492
11    -0.016976082                  2.969947                  2.883912 -0.008420605        0.02323041
12    -0.084259495                  3.000000                  2.980844  0.008246918        0.01734758
13    -0.067058563                  2.969947                  2.969947 -0.002323999        0.03391158
14    -0.057211618                  2.793575                  2.768439  0.029025084        0.02600387
15    -0.116659358                  2.816437                  2.864411  0.042416785        0.02691934
16    -0.102943523                  2.598124                  2.693518  0.048586660        0.03757401
17    -0.153904345                  2.453082                  2.593332  0.003720327        0.02002637
18    -0.242333506                  2.670152                  2.662437 -0.006141925        0.02480201
19    -0.293660086                  2.590599                  2.579365  0.024993882        0.02186920
20    -0.226908269                  2.414448                  2.501432  0.017681720        0.02278745
21    -0.228357893                  2.483634                  2.374794  0.021370449        0.03620964
22    -0.201841187                  2.330186                  2.378875  0.034784574        0.01981848
23    -0.193834091                  2.347553                  2.521351  0.026361361        0.02549842
24    -0.131670270                  2.527644                  2.537525  0.038444527        0.02259084
25    -0.108557937                  2.495654                  2.537525  0.019694440        0.03781474
26    -0.105006227                  2.537525                  2.588670  0.009814561        0.03578346
27    -0.187915285                  2.537525                  2.399339 -0.050912346       -0.07956922
28    -0.101019706                  2.623311                  2.623311 -0.090824177       -0.77070172
29    -0.124511791                  3.000000                  2.610335 -0.010450429        0.21339722
30    -0.137339792                  2.681402                  2.473736  0.053592068        0.21330076
31    -0.077589922                  2.887446                  2.731703  0.061866907        0.02971606
32    -0.074959098                  3.000000                  2.980844  0.053808986        0.15791953
33    -0.151939231                  2.980844                  2.742111  0.028930510        0.07717705
34    -0.075423058                  2.836102                  2.702108  0.011918979        0.10115859
35    -0.053525084                  2.962508                  2.819740  0.024543630        0.04507153
36    -0.046162131                  3.000000                  2.980844  0.057557700        0.01677041
37    -0.019671826                  3.046669                  3.028186  0.028496735        0.06736316
38     0.007167973                  3.090884                  3.000000  0.045997380        0.05066022
39     0.043331788                  3.244256                  3.092952  0.059503194        0.06160136
40     0.042333562                  3.360180                  3.098045  0.082225516        0.03720211
41     0.063699149                  4.000000                  3.569710  0.082531234        0.06412900
42     0.089471177                  4.801745                  3.546918  0.098347464        0.05475905
43     0.017846943                  4.842451                  3.711669  0.054649100        0.08879717
44     0.037081835                  5.179827                  3.999662  0.049840953        0.06602323
45     0.072410633                  5.310169                  4.193985  0.052018077        0.07861505
46     0.124968146                  5.653467                  4.211177  0.114305741        0.06819482
47     0.132564779                  6.000000                  4.011200  0.098833469        0.06879133
48     0.079977491                  5.990274                  4.000000  0.097421769        0.06937609
49     0.107560157                  5.788440                  3.477248  0.075404740        0.03542764
50     0.099445052                  6.000000                  3.774801  0.088488916        0.07849205
51     0.113040268                  6.583898                  3.674923  0.126900569        0.05112829
52     0.077571500                  6.345438                  3.902376  0.048497289        0.04431433
53     0.043867122                  6.576015                  3.879077  0.115684054        0.03389257
54     0.050563067                  6.775855                  3.618484  0.151285219        0.03843642
55     0.048336374                  6.223626                  3.182451 -0.004064650        0.05041760
56     0.002638615                  5.745714                  2.755268  0.028517738        0.02896168
57     0.032181053                  5.440794                  2.909971  0.050566174        0.04915587
58     0.029152892                  5.944291                  3.110663  0.060045147        0.03059615
59     0.013028484                  5.228549                  2.997374  0.024858721        0.04330825
60    -0.014487585                  4.993469                  2.992784  0.015857387        0.03585464
61    -0.001647425                  4.954980                  2.711993  0.063675095        0.04576300

$specs$x_lin
   monetary_policy_lag_1 inflation_expectations_1y_lag_1 inflation_expectations_3y_lag_1 inflation_lag_1
2            0.005119329                        2.711993                        2.793575     0.052137819
3            0.039847597                        2.831908                        2.884280     0.032745451
4           -0.002955910                        2.752288                        2.908013     0.002310570
5           -0.009338458                        2.980844                        2.969947     0.031662657
6            0.005721988                        2.980844                        2.961960     0.027403122
7            0.006346698                        2.980844                        3.000000     0.010862582
8            0.025394158                        2.982717                        2.883912     0.009406502
9            0.003652278                        3.000000                        3.000000     0.021640425
10           0.011200582                        2.995079                        3.000000     0.025003951
11           0.033188244                        3.000000                        3.000000     0.028405410
12          -0.016976082                        2.969947                        2.883912    -0.008420605
13          -0.084259495                        3.000000                        2.980844     0.008246918
14          -0.067058563                        2.969947                        2.969947    -0.002323999
15          -0.057211618                        2.793575                        2.768439     0.029025084
16          -0.116659358                        2.816437                        2.864411     0.042416785
17          -0.102943523                        2.598124                        2.693518     0.048586660
18          -0.153904345                        2.453082                        2.593332     0.003720327
19          -0.242333506                        2.670152                        2.662437    -0.006141925
20          -0.293660086                        2.590599                        2.579365     0.024993882
21          -0.226908269                        2.414448                        2.501432     0.017681720
22          -0.228357893                        2.483634                        2.374794     0.021370449
23          -0.201841187                        2.330186                        2.378875     0.034784574
24          -0.193834091                        2.347553                        2.521351     0.026361361
25          -0.131670270                        2.527644                        2.537525     0.038444527
26          -0.108557937                        2.495654                        2.537525     0.019694440
27          -0.105006227                        2.537525                        2.588670     0.009814561
28          -0.187915285                        2.537525                        2.399339    -0.050912346
29          -0.101019706                        2.623311                        2.623311    -0.090824177
30          -0.124511791                        3.000000                        2.610335    -0.010450429
31          -0.137339792                        2.681402                        2.473736     0.053592068
32          -0.077589922                        2.887446                        2.731703     0.061866907
33          -0.074959098                        3.000000                        2.980844     0.053808986
34          -0.151939231                        2.980844                        2.742111     0.028930510
35          -0.075423058                        2.836102                        2.702108     0.011918979
36          -0.053525084                        2.962508                        2.819740     0.024543630
37          -0.046162131                        3.000000                        2.980844     0.057557700
38          -0.019671826                        3.046669                        3.028186     0.028496735
39           0.007167973                        3.090884                        3.000000     0.045997380
40           0.043331788                        3.244256                        3.092952     0.059503194
41           0.042333562                        3.360180                        3.098045     0.082225516
42           0.063699149                        4.000000                        3.569710     0.082531234
43           0.089471177                        4.801745                        3.546918     0.098347464
44           0.017846943                        4.842451                        3.711669     0.054649100
45           0.037081835                        5.179827                        3.999662     0.049840953
46           0.072410633                        5.310169                        4.193985     0.052018077
47           0.124968146                        5.653467                        4.211177     0.114305741
48           0.132564779                        6.000000                        4.011200     0.098833469
49           0.079977491                        5.990274                        4.000000     0.097421769
50           0.107560157                        5.788440                        3.477248     0.075404740
51           0.099445052                        6.000000                        3.774801     0.088488916
52           0.113040268                        6.583898                        3.674923     0.126900569
53           0.077571500                        6.345438                        3.902376     0.048497289
54           0.043867122                        6.576015                        3.879077     0.115684054
55           0.050563067                        6.775855                        3.618484     0.151285219
56           0.048336374                        6.223626                        3.182451    -0.004064650
57           0.002638615                        5.745714                        2.755268     0.028517738
58           0.032181053                        5.440794                        2.909971     0.050566174
59           0.029152892                        5.944291                        3.110663     0.060045147
60           0.013028484                        5.228549                        2.997374     0.024858721
61          -0.014487585                        4.993469                        2.992784     0.015857387
   economic_activity_lag_1 dummy Jan Feb Mar Apr May Jun Jul Aug Sep Oct
2               0.02580719     0   0   0   1   0   0   0   0   0   0   0
3               0.02976223     0   0   0   0   1   0   0   0   0   0   0
4               0.03672057     0   0   0   0   0   1   0   0   0   0   0
5               0.02660601     0   0   0   0   0   0   1   0   0   0   0
6               0.04356130     0   0   0   0   0   0   0   1   0   0   0
7               0.01757053     0   0   0   0   0   0   0   0   1   0   0
8               0.03236078     0   0   0   0   0   0   0   0   0   1   0
9               0.02930438     0   0   0   0   0   0   0   0   0   0   1
10              0.02923299     0   0   0   0   0   0   0   0   0   0   0
11              0.02229492     0   0   0   0   0   0   0   0   0   0   0
12              0.02323041     0   1   0   0   0   0   0   0   0   0   0
13              0.01734758     0   0   1   0   0   0   0   0   0   0   0
14              0.03391158     0   0   0   1   0   0   0   0   0   0   0
15              0.02600387     0   0   0   0   1   0   0   0   0   0   0
16              0.02691934     0   0   0   0   0   1   0   0   0   0   0
17              0.03757401     0   0   0   0   0   0   1   0   0   0   0
18              0.02002637     0   0   0   0   0   0   0   1   0   0   0
19              0.02480201     0   0   0   0   0   0   0   0   1   0   0
20              0.02186920     0   0   0   0   0   0   0   0   0   1   0
21              0.02278745     0   0   0   0   0   0   0   0   0   0   1
22              0.03620964     0   0   0   0   0   0   0   0   0   0   0
23              0.01981848     0   0   0   0   0   0   0   0   0   0   0
24              0.02549842     0   1   0   0   0   0   0   0   0   0   0
25              0.02259084     0   0   1   0   0   0   0   0   0   0   0
26              0.03781474     0   0   0   1   0   0   0   0   0   0   0
27              0.03578346     1   0   0   0   1   0   0   0   0   0   0
28             -0.07956922     1   0   0   0   0   1   0   0   0   0   0
29             -0.77070172     1   0   0   0   0   0   1   0   0   0   0
30              0.21339722     1   0   0   0   0   0   0   1   0   0   0
31              0.21330076     0   0   0   0   0   0   0   0   1   0   0
32              0.02971606     1   0   0   0   0   0   0   0   0   1   0
33              0.15791953     0   0   0   0   0   0   0   0   0   0   1
34              0.07717705     1   0   0   0   0   0   0   0   0   0   0
35              0.10115859     0   0   0   0   0   0   0   0   0   0   0
36              0.04507153     0   1   0   0   0   0   0   0   0   0   0
37              0.01677041     0   0   1   0   0   0   0   0   0   0   0
38              0.06736316     0   0   0   1   0   0   0   0   0   0   0
39              0.05066022     0   0   0   0   1   0   0   0   0   0   0
40              0.06160136     0   0   0   0   0   1   0   0   0   0   0
41              0.03720211     0   0   0   0   0   0   1   0   0   0   0
42              0.06412900     0   0   0   0   0   0   0   1   0   0   0
43              0.05475905     0   0   0   0   0   0   0   0   1   0   0
44              0.08879717     0   0   0   0   0   0   0   0   0   1   0
45              0.06602323     0   0   0   0   0   0   0   0   0   0   1
46              0.07861505     0   0   0   0   0   0   0   0   0   0   0
47              0.06819482     0   0   0   0   0   0   0   0   0   0   0
48              0.06879133     0   1   0   0   0   0   0   0   0   0   0
49              0.06937609     0   0   1   0   0   0   0   0   0   0   0
50              0.03542764     0   0   0   1   0   0   0   0   0   0   0
51              0.07849205     0   0   0   0   1   0   0   0   0   0   0
52              0.05112829     0   0   0   0   0   1   0   0   0   0   0
53              0.04431433     0   0   0   0   0   0   1   0   0   0   0
54              0.03389257     0   0   0   0   0   0   0   1   0   0   0
55              0.03843642     0   0   0   0   0   0   0   0   1   0   0
56              0.05041760     0   0   0   0   0   0   0   0   0   1   0
57              0.02896168     0   0   0   0   0   0   0   0   0   0   1
58              0.04915587     0   0   0   0   0   0   0   0   0   0   0
59              0.03059615     0   0   0   0   0   0   0   0   0   0   0
60              0.04330825     0   1   0   0   0   0   0   0   0   0   0
61              0.03585464     0   0   1   0   0   0   0   0   0   0   0


attr(,"class")
[1] "lpirfs_lin_obj"
