[1] "pent_up_demand"       "djn level estimation"
                   1             2             3             4             5             6
AIC(n) -2.651538e+01 -2.716344e+01 -2.742359e+01 -2.821208e+01 -2.856232e+01 -3.014664e+01
HQ(n)  -2.531572e+01 -2.561093e+01 -2.551825e+01 -2.595389e+01 -2.595129e+01 -2.718277e+01
SC(n)  -2.341314e+01 -2.314877e+01 -2.249650e+01 -2.237257e+01 -2.181038e+01 -2.248228e+01
FPE(n)  3.387643e-12  2.021973e-12  1.956021e-12  1.287662e-12  1.646271e-12  9.019687e-13
                   1             2             3             4             5             6
AIC(n) -2.651538e+01 -2.716344e+01 -2.742359e+01 -2.821208e+01 -2.856232e+01 -3.014664e+01
HQ(n)  -2.531572e+01 -2.561093e+01 -2.551825e+01 -2.595389e+01 -2.595129e+01 -2.718277e+01
SC(n)  -2.341314e+01 -2.314877e+01 -2.249650e+01 -2.237257e+01 -2.181038e+01 -2.248228e+01
FPE(n)  3.387643e-12  2.021973e-12  1.956021e-12  1.287662e-12  1.646271e-12  9.019687e-13
$irf_lin_mean
, , 1

            [,1]         [,2]          [,3]         [,4]         [,5]        [,6]        [,7]        [,8]        [,9]
[1,] 0.006969962  0.003255996  0.0022758304  0.003574493  0.002357165 0.002034263 0.004591553 0.004717954 0.003973042
[2,] 0.005192453  0.093899159  0.1666282620  0.154937323  0.184118207 0.220281221 0.220193323 0.238842946 0.262648124
[3,] 0.041221400  0.085291863  0.1220195298  0.115003148  0.148524599 0.145469039 0.131013349 0.119373181 0.131118575
[4,] 0.004726454  0.001755978  0.0003078989 -0.001893778  0.007026690 0.010487941 0.006982358 0.010396821 0.005474718
[5,] 0.025171257 -0.027614148 -0.0036646731 -0.002698055 -0.004534157 0.016041774 0.021776957 0.006042340 0.004871663
            [,10]        [,11]        [,12]         [,13]
[1,]  0.003972424  0.002841575  0.001437962 -0.0004364177
[2,]  0.231190853  0.207964059  0.168116769  0.1635105166
[3,]  0.092712546  0.089295913  0.091460002  0.0805442827
[4,] -0.002442408 -0.001153198  0.001195782  0.0023676162
[5,] -0.004624283 -0.003208941 -0.005043919  0.0072303059

, , 2

              [,1]        [,2]         [,3]        [,4]        [,5]         [,6]          [,7]        [,8]        [,9]
[1,]  0.0000000000 0.001709002 0.0023524500 0.001596704 0.001859918  0.001683144  0.0009211051 0.001301585 0.002336975
[2,]  0.1961423882 0.178969052 0.1637785039 0.179924208 0.210626161  0.215788289  0.2170064747 0.273074633 0.268514711
[3,]  0.0778956977 0.065931897 0.0350220449 0.037552907 0.047103512  0.048747913  0.0672640446 0.082025869 0.066681126
[4,]  0.0145436320 0.006754089 0.0027896660 0.005461995 0.001998302  0.001672329  0.0023141926 0.007013217 0.007452633
[5,] -0.0007070579 0.023919553 0.0002247948 0.003100431 0.003480573 -0.008345311 -0.0049670071 0.008189332 0.003926948
           [,10]       [,11]       [,12]        [,13]
[1,] 0.002732724 0.003718443 0.003806619  0.002490205
[2,] 0.305578745 0.330583735 0.394696187  0.406384973
[3,] 0.075049227 0.075685935 0.092593314  0.100289426
[4,] 0.008612851 0.010670204 0.007400234  0.003429672
[5,] 0.009486607 0.017057567 0.007613759 -0.009551098

, , 3

             [,1]        [,2]        [,3]        [,4]        [,5]        [,6]        [,7]        [,8]        [,9]
[1,]  0.000000000 0.002414721 0.003233428 0.002724143 0.004174257 0.005332386 0.005116271 0.006916155 0.005605052
[2,]  0.000000000 0.020164429 0.027208354 0.085345222 0.087257221 0.128067480 0.251559965 0.294948565 0.280115453
[3,]  0.159816353 0.130950430 0.121529567 0.116898983 0.093812085 0.117285776 0.162599648 0.202538321 0.162854688
[4,] -0.004172405 0.004753360 0.007357259 0.009386313 0.007620867 0.005682368 0.012736042 0.011209605 0.011580406
[5,] -0.007096888 0.014023387 0.006623365 0.012529526 0.015677260 0.005019234 0.015237940 0.023731673 0.007607648
           [,10]        [,11]        [,12]        [,13]
[1,] 0.005713246  0.003809705 0.0024904257  0.002738653
[2,] 0.263379918  0.268787818 0.1513413977  0.083208174
[3,] 0.135882023  0.083910093 0.0111394146  0.001267800
[4,] 0.012607802  0.005697333 0.0004569419 -0.001633177
[5,] 0.002523646 -0.010645247 0.0038131790 -0.007283116

, , 4

           [,1]         [,2]         [,3]          [,4]         [,5]          [,6]         [,7]        [,8]        [,9]
[1,] 0.00000000  0.002246548  0.001633801  0.0021283823  0.001446986  0.0005399535  0.001272099 0.002128756 0.004314561
[2,] 0.00000000 -0.021973759  0.015993320  0.0247834170  0.083351921  0.1099350311  0.132272715 0.261482012 0.286586013
[3,] 0.00000000  0.015983511  0.005401393  0.0065925709  0.034316059  0.0614900732  0.107186073 0.143035870 0.138439970
[4,] 0.02726115  0.008460337 -0.001752003 -0.0004976737 -0.002692968  0.0006963527  0.003372384 0.013282898 0.011106631
[5,] 0.05188579  0.022290006 -0.015915388  0.0020842896 -0.006071795 -0.0125443006 -0.007119580 0.012390016 0.010627208
           [,10]      [,11]       [,12]        [,13]
[1,] 0.005872118 0.00777396 0.007766305  0.004407973
[2,] 0.351288396 0.42400736 0.558537710  0.614529659
[3,] 0.144290382 0.17539478 0.227266780  0.266926334
[4,] 0.012171792 0.01788264 0.013568359  0.004353855
[5,] 0.015647118 0.03399399 0.012845481 -0.025352545

, , 5

           [,1]          [,2]         [,3]         [,4]          [,5]          [,6]        [,7]          [,8]          [,9]
[1,] 0.00000000  0.0020973509 -0.001081272  0.001309294  0.0008554818  1.667204e-05 0.001536604  0.0014136918  0.0003056984
[2,] 0.00000000 -0.0374198091  0.044364773  0.031117025 -0.0307924617 -4.139137e-02 0.029848672 -0.0302052042 -0.0200545732
[3,] 0.00000000  0.0007431882  0.053951319  0.025419242 -0.0351642751  4.089257e-03 0.023288733  0.0109089005  0.0161425932
[4,] 0.00000000  0.0035862522  0.002952286 -0.002161877 -0.0016403984  6.542105e-04 0.009293559  0.0005249993 -0.0027639683
[5,] 0.09030185 -0.0176160437 -0.022726084  0.014184824 -0.0013189383  9.415792e-03 0.005947654  0.0004223964  0.0081734951
             [,10]         [,11]         [,12]         [,13]
[1,]  0.0010768902 -0.0004093642 -0.0001991841  0.0002897862
[2,] -0.0444368625 -0.0318321289 -0.0561050428 -0.0585051431
[3,] -0.0057096451  0.0116617139 -0.0128595394  0.0155374831
[4,]  0.0033981339 -0.0014361925 -0.0005202431 -0.0058885185
[5,] -0.0007834478 -0.0104098692  0.0025900363 -0.0215525806


$irf_lin_low
, , 1

            [,1]          [,2]          [,3]         [,4]          [,5]          [,6]         [,7]          [,8]
[1,] 0.006969962  0.0002282693 -0.0006226878  0.001450447 -0.0009227965 -0.0009897915  0.001256320  0.0009945872
[2,] 0.005192453  0.0111981888  0.0310745558 -0.013476000 -0.0062852085  0.0118337342 -0.038527741 -0.0398026263
[3,] 0.041221400  0.0255421182  0.0446851696 -0.003113623  0.0392905553  0.0326293373  0.008338473 -0.0271731970
[4,] 0.004726454 -0.0088716739 -0.0111517819 -0.011195426 -0.0032970927  0.0010128531 -0.007437210  0.0012734549
[5,] 0.025171257 -0.0789911198 -0.0318993075 -0.025360392 -0.0292971898 -0.0096794317 -0.010852389 -0.0204250899
              [,9]         [,10]         [,11]        [,12]        [,13]
[1,]  0.0004596669  0.0003256538 -0.0007403221 -0.002363384 -0.005262544
[2,] -0.0298611699 -0.0940307989 -0.1285234747 -0.215084488 -0.223870402
[3,] -0.0139542389 -0.0502414715 -0.0342944150 -0.041026092 -0.053248858
[4,] -0.0039419037 -0.0148674962 -0.0133007195 -0.010763362 -0.015203889
[5,] -0.0201477042 -0.0266252152 -0.0270031996 -0.035336054 -0.032313918

, , 2

              [,1]          [,2]          [,3]          [,4]          [,5]         [,6]         [,7]         [,8]
[1,]  0.0000000000 -0.0001384171  0.0003858211 -0.0000292583 -0.0008788887 -0.001131981 -0.001862964 -0.002550478
[2,]  0.1961423882  0.1252816215  0.0725180053  0.0556615550  0.0715334456  0.032664180 -0.047358921 -0.071641664
[3,]  0.0778956977  0.0166729563 -0.0279469085 -0.0468034584 -0.0407153497 -0.058683957 -0.056289237 -0.065876583
[4,]  0.0145436320 -0.0003460774 -0.0042286283 -0.0022215867 -0.0047699647 -0.005993218 -0.009037595 -0.003007933
[5,] -0.0007070579 -0.0043821327 -0.0148049224 -0.0125127278 -0.0147663595 -0.023157143 -0.026334574 -0.026838049
             [,9]         [,10]         [,11]        [,12]        [,13]
[1,] -0.001358377 -0.0009165164 -0.0005060832 -0.001182212 -0.001882263
[2,] -0.119843519 -0.1082912623 -0.1053440656 -0.081985055 -0.073474533
[3,] -0.088066661 -0.0934729704 -0.0816182886 -0.070045942 -0.057250779
[4,] -0.002330719 -0.0058815578 -0.0008503640 -0.005589719 -0.015631861
[5,] -0.015843795 -0.0121247135 -0.0217735719 -0.022910374 -0.034109638

, , 3

             [,1]         [,2]         [,3]         [,4]        [,5]        [,6]        [,7]          [,8]         [,9]
[1,]  0.000000000  0.001212264  0.002649813 0.0019306845 0.002972872 0.004043790 0.004422849  0.0050565328  0.003638311
[2,]  0.000000000 -0.009345848 -0.025672618 0.0452840606 0.036312408 0.064227399 0.148114964  0.1352764971  0.093579249
[3,]  0.159816353  0.105372472  0.096691808 0.0869641382 0.071167340 0.086973787 0.119610712  0.1293363765  0.078680066
[4,] -0.004172405  0.002729787  0.005570390 0.0067987373 0.004357453 0.002052410 0.007551242  0.0069053920  0.005633201
[5,] -0.007096888  0.004384185  0.005125279 0.0007788664 0.000928359 0.001295624 0.007718435 -0.0006573304 -0.005890732
            [,10]         [,11]         [,12]        [,13]
[1,]  0.003762681  0.0021231233  0.0006094961  0.001073077
[2,]  0.056056853  0.0755029942 -0.0616537308 -0.133602100
[3,]  0.050239402  0.0315159254 -0.0525325566 -0.056994577
[4,]  0.006971624  0.0006718968 -0.0037213853 -0.006001817
[5,] -0.004315063 -0.0182759174 -0.0060276448 -0.011839019

, , 4

           [,1]          [,2]         [,3]          [,4]         [,5]         [,6]         [,7]         [,8]         [,9]
[1,] 0.00000000  0.0001511582 -0.001278855  0.0001968541 -0.001733087 -0.002452534 -0.002352732 -0.001748215  0.001054731
[2,] 0.00000000 -0.0843080648 -0.089312550 -0.1428287036 -0.072502430 -0.087640858 -0.143489341 -0.025622285 -0.031687403
[3,] 0.00000000 -0.0405594418 -0.075899045 -0.1001919556 -0.069851222 -0.052626358 -0.015942886  0.018565581  0.009821609
[4,] 0.02726115 -0.0026395840 -0.013726100 -0.0116392659 -0.009530715 -0.007333853 -0.008991306  0.003298436  0.003162520
[5,] 0.05188579 -0.0243659302 -0.044991332 -0.0144736944 -0.023885325 -0.034234046 -0.033930027 -0.012111831 -0.007888129
            [,10]        [,11]        [,12]         [,13]
[1,]  0.002570830  0.003495896  0.003718671  0.0009451024
[2,]  0.009118453  0.037512397  0.180329589  0.2691056379
[3,] -0.006459517  0.008711717  0.086279220  0.1337316679
[4,] -0.003773538  0.007980749  0.002731448 -0.0167236189
[5,] -0.014276501 -0.017730561 -0.017623756 -0.0702018049

, , 5

           [,1]         [,2]         [,3]          [,4]          [,5]         [,6]          [,7]          [,8]          [,9]
[1,] 0.00000000  0.001094819 -0.002533723  7.259221e-05 -0.0004795528 -0.001333749 -0.0001987184 -0.0001931223 -0.0011406905
[2,] 0.00000000 -0.071545508 -0.005729106 -4.004584e-02 -0.0907694667 -0.102344372 -0.0617891348 -0.1052265316 -0.1069698129
[3,] 0.00000000 -0.025037074  0.010596012 -2.686910e-02 -0.0798439615 -0.027355946 -0.0118063800 -0.0279903854 -0.0313213606
[4,] 0.00000000 -0.002694500 -0.005092453 -7.826982e-03 -0.0040343922 -0.002713590  0.0045638731 -0.0039787862 -0.0075765855
[5,] 0.09030185 -0.043476676 -0.041303373  6.113225e-03 -0.0085708525  0.001942849 -0.0078195607 -0.0086011980 -0.0007393912
             [,10]        [,11]        [,12]        [,13]
[1,] -0.0008550965 -0.002510395 -0.001627658 -0.001418038
[2,] -0.1532398669 -0.162343541 -0.198895464 -0.184884409
[3,] -0.0643985584 -0.049093344 -0.071825852 -0.038391461
[4,] -0.0030841506 -0.004876138 -0.004968960 -0.014481001
[5,] -0.0115765121 -0.026688555 -0.010424677 -0.056688766


$irf_lin_up
, , 1

            [,1]        [,2]        [,3]        [,4]        [,5]        [,6]        [,7]        [,8]        [,9]       [,10]
[1,] 0.006969962 0.006283722 0.005174349 0.005698538 0.005637126 0.005058318 0.007926786 0.008441322 0.007486417 0.007619194
[2,] 0.005192453 0.176600130 0.302181968 0.323350646 0.374521622 0.428728708 0.478914387 0.517488518 0.555157418 0.556412505
[3,] 0.041221400 0.145041607 0.199353890 0.233119920 0.257758644 0.258308741 0.253688225 0.265919560 0.276191389 0.235666564
[4,] 0.004726454 0.012383629 0.011767580 0.007407870 0.017350473 0.019963029 0.021401925 0.019520186 0.014891339 0.009982679
[5,] 0.025171257 0.023762823 0.024569961 0.019964281 0.020228876 0.041762980 0.054406303 0.032509770 0.029891031 0.017376649
           [,11]       [,12]       [,13]
[1,] 0.006423473 0.005239309 0.004389708
[2,] 0.544451593 0.551318027 0.550891435
[3,] 0.212886241 0.223946097 0.214337424
[4,] 0.010994324 0.013154926 0.019939121
[5,] 0.020585318 0.025248216 0.046774529

, , 2

              [,1]        [,2]        [,3]        [,4]        [,5]        [,6]        [,7]        [,8]        [,9]
[1,]  0.0000000000 0.003556421 0.004319079 0.003222665 0.004598724 0.004498268 0.003705174 0.005153648 0.006032328
[2,]  0.1961423882 0.232656483 0.255039003 0.304186861 0.349718877 0.398912398 0.481371871 0.617790929 0.656872942
[3,]  0.0778956977 0.115190838 0.097990998 0.121909273 0.134922374 0.156179783 0.190817326 0.229928321 0.221428914
[4,]  0.0145436320 0.013854256 0.009807960 0.013145576 0.008766568 0.009337876 0.013665980 0.017034368 0.017235986
[5,] -0.0007070579 0.052221239 0.015254512 0.018713590 0.021727505 0.006466522 0.016400560 0.043216714 0.023697692
           [,10]       [,11]      [,12]       [,13]
[1,] 0.006381964 0.007942969 0.00879545 0.006862673
[2,] 0.719448753 0.766511535 0.87137743 0.886244480
[3,] 0.243571424 0.232990159 0.25523257 0.257829630
[4,] 0.023107261 0.022190773 0.02039019 0.022491205
[5,] 0.031097927 0.055888705 0.03813789 0.015007442

, , 3

             [,1]        [,2]        [,3]        [,4]        [,5]        [,6]        [,7]        [,8]        [,9]
[1,]  0.000000000 0.003617177 0.003817042 0.003517601 0.005375642 0.006620983 0.005809693 0.008775778 0.007571792
[2,]  0.000000000 0.049674707 0.080089326 0.125406383 0.138202034 0.191907561 0.355004967 0.454620633 0.466651656
[3,]  0.159816353 0.156528388 0.146367326 0.146833828 0.116456830 0.147597765 0.205588584 0.275740266 0.247029310
[4,] -0.004172405 0.006776932 0.009144129 0.011973890 0.010884281 0.009312325 0.017920841 0.015513818 0.017527612
[5,] -0.007096888 0.023662590 0.008121452 0.024280186 0.030426162 0.008742845 0.022757444 0.048120676 0.021106028
           [,10]        [,11]       [,12]        [,13]
[1,] 0.007663810  0.005496288 0.004371355  0.004404229
[2,] 0.470702983  0.462072641 0.364336526  0.300018449
[3,] 0.221524644  0.136304261 0.074811386  0.059530177
[4,] 0.018243981  0.010722768 0.004635269  0.002735462
[5,] 0.009362355 -0.003014577 0.013654003 -0.002727213

, , 4

           [,1]        [,2]        [,3]        [,4]        [,5]        [,6]       [,7]        [,8]       [,9]       [,10]
[1,] 0.00000000 0.004341938 0.004546457 0.004059911 0.004627060 0.003532441 0.00489693 0.006005726 0.00757439 0.009173406
[2,] 0.00000000 0.040360547 0.121299190 0.192395538 0.239206273 0.307510920 0.40803477 0.548586309 0.60485943 0.693458339
[3,] 0.00000000 0.072526465 0.086701830 0.113377097 0.138483341 0.175606504 0.23031503 0.267506159 0.26705833 0.295040280
[4,] 0.02726115 0.019560258 0.010222095 0.010643919 0.004144778 0.008726558 0.01573607 0.023267360 0.01905074 0.028117121
[5,] 0.05188579 0.068945943 0.013160556 0.018642274 0.011741736 0.009145444 0.01969087 0.036891864 0.02914254 0.045570737
          [,11]      [,12]       [,13]
[1,] 0.01205203 0.01181394 0.007870843
[2,] 0.81050233 0.93674583 0.959953681
[3,] 0.34207784 0.36825434 0.400121001
[4,] 0.02778454 0.02440527 0.025431329
[5,] 0.08571855 0.04331472 0.019496715

, , 5

           [,1]         [,2]          [,3]        [,4]         [,5]        [,6]        [,7]        [,8]        [,9]
[1,] 0.00000000  0.003099882  0.0003711797 0.002545995 0.0021905164 0.001367093 0.003271925 0.003020506 0.001752087
[2,] 0.00000000 -0.003294110  0.0944586520 0.102279890 0.0291845432 0.019561640 0.121486480 0.044816123 0.066860666
[3,] 0.00000000  0.026523450  0.0973066257 0.077707585 0.0095154114 0.035534461 0.058383846 0.049808186 0.063606547
[4,] 0.00000000  0.009867004  0.0109970250 0.003503228 0.0007535954 0.004022011 0.014023245 0.005028785 0.002048649
[5,] 0.09030185  0.008244588 -0.0041487955 0.022256423 0.0059329758 0.016888734 0.019714868 0.009445991 0.017086381
           [,10]       [,11]       [,12]       [,13]
[1,] 0.003008877 0.001691666 0.001229289 0.001997610
[2,] 0.064366142 0.098679283 0.086685379 0.067874122
[3,] 0.052979268 0.072416772 0.046106774 0.069466427
[4,] 0.009880418 0.002003753 0.003928474 0.002703964
[5,] 0.010009617 0.005868817 0.015604749 0.013583605


$diagnostic_list
$diagnostic_list$`Shock: pent_up_demand`
$diagnostic_list$`Shock: pent_up_demand`[[1]]
                               R-sqrd. Adj. R-sqrd.     F-stat      p-value
h1:pent_up_demand            0.7936382    0.7168524  10.335742 5.393780e-10
h1:inflation_expectations_1y 0.9812494    0.9742725 140.641621 8.887796e-32
h1:inflation_expectations_3y 0.8932919    0.8535866  22.498029 8.193715e-16
h1:inflation                 0.5586806    0.3944687   3.402194 6.945352e-04
h1:economic_activity         0.3714130    0.1375202   1.587962 1.139866e-01

$diagnostic_list$`Shock: pent_up_demand`[[2]]
                               R-sqrd. Adj. R-sqrd.    F-stat      p-value
h2:pent_up_demand            0.7611056   0.67009823  8.363119 1.700531e-08
h2:inflation_expectations_1y 0.9596824   0.94432329 62.483016 4.671766e-24
h2:inflation_expectations_3y 0.7990223   0.72245936 10.436150 6.209294e-10
h2:inflation                 0.4109538   0.18655525  1.831357 5.905935e-02
h2:economic_activity         0.2838547   0.01103743  1.040457 4.375196e-01

$diagnostic_list$`Shock: pent_up_demand`[[3]]
                               R-sqrd. Adj. R-sqrd.    F-stat      p-value
h3:pent_up_demand            0.6684137   0.53901412  5.165502 1.078774e-05
h3:inflation_expectations_1y 0.9317971   0.90518137 35.009232 7.946500e-19
h3:inflation_expectations_3y 0.6670352   0.53709766  5.133508 1.158975e-05
h3:inflation                 0.4308749   0.20877734  1.940025 4.438510e-02
h3:economic_activity         0.2928566   0.01689825  1.061235 4.195297e-01

$diagnostic_list$`Shock: pent_up_demand`[[4]]
                               R-sqrd. Adj. R-sqrd.    F-stat      p-value
h4:pent_up_demand            0.5748783   0.40482960  3.380669 8.941897e-04
h4:inflation_expectations_1y 0.8998375   0.85977246 22.459434 4.549744e-15
h4:inflation_expectations_3y 0.6357146   0.49000045  4.362751 7.730732e-05
h4:inflation                 0.4488963   0.22845484  2.036351 3.466776e-02
h4:economic_activity         0.3046465   0.02650506  1.095293 3.909115e-01

$diagnostic_list$`Shock: pent_up_demand`[[5]]
                               R-sqrd. Adj. R-sqrd.    F-stat      p-value
h5:pent_up_demand            0.5536082  0.370473135  3.022950 2.433354e-03
h5:inflation_expectations_1y 0.8580257  0.799779802 14.731098 8.157158e-12
h5:inflation_expectations_3y 0.5758991  0.401909011  3.309953 1.148740e-03
h5:inflation                 0.4197862  0.181749827  1.763538 7.448284e-02
h5:economic_activity         0.2946788  0.005316312  1.018372 4.594360e-01

$diagnostic_list$`Shock: pent_up_demand`[[6]]
                               R-sqrd. Adj. R-sqrd.     F-stat      p-value
h6:pent_up_demand            0.5329448   0.33629005  2.7100526 5.880810e-03
h6:inflation_expectations_1y 0.8116546   0.73235126 10.2348110 2.779888e-09
h6:inflation_expectations_3y 0.5507860   0.36164328  2.9120125 3.444405e-03
h6:inflation                 0.4559090   0.22681801  1.9900784 4.114431e-02
h6:economic_activity         0.2836718  -0.01794013  0.9405192 5.342144e-01

$diagnostic_list$`Shock: pent_up_demand`[[7]]
                               R-sqrd. Adj. R-sqrd.   F-stat      p-value
h7:pent_up_demand            0.5532198    0.3600175 2.863423 4.126269e-03
h7:inflation_expectations_1y 0.7579759    0.6533169 7.242335 3.641922e-07
h7:inflation_expectations_3y 0.4781875    0.2525388 2.119168 2.977688e-02
h7:inflation                 0.4580102    0.2236363 1.954186 4.632953e-02
h7:economic_activity         0.1574849   -0.2068459 0.432258 9.628224e-01

$diagnostic_list$`Shock: pent_up_demand`[[8]]
                               R-sqrd. Adj. R-sqrd.    F-stat      p-value
h8:pent_up_demand            0.4233738   0.16709545 1.6520077 0.1043827346
h8:inflation_expectations_1y 0.6952774   0.55984512 5.1337646 0.0000229626
h8:inflation_expectations_3y 0.3639361   0.08124097 1.2873802 0.2571598937
h8:inflation                 0.3354156   0.04004474 1.1355744 0.3619420443
h8:economic_activity         0.2663397  -0.05973157 0.8168144 0.6591568037

$diagnostic_list$`Shock: pent_up_demand`[[9]]
                               R-sqrd. Adj. R-sqrd.    F-stat      p-value
h9:pent_up_demand            0.4682369  0.225145135 1.9261736 0.0521624240
h9:inflation_expectations_1y 0.6345549  0.467494233 3.7983507 0.0004778759
h9:inflation_expectations_3y 0.2601754 -0.078030090 0.7692820 0.7069389161
h9:inflation                 0.3162138  0.003625854 1.0115995 0.4680859848
h9:economic_activity         0.2689107 -0.065301566 0.8046105 0.6713585878

$diagnostic_list$`Shock: pent_up_demand`[[10]]
                                R-sqrd. Adj. R-sqrd.    F-stat     p-value
h10:pent_up_demand            0.3930461   0.10742069 1.3760894 0.211458395
h10:inflation_expectations_1y 0.5769190   0.37782209 2.8976791 0.004481374
h10:inflation_expectations_3y 0.2207554  -0.14594795 0.6019999 0.859968157
h10:inflation                 0.2976350  -0.03288967 0.9004926 0.574780729
h10:economic_activity         0.3114215  -0.01261539 0.9610681 0.515814735

$diagnostic_list$`Shock: pent_up_demand`[[11]]
                                R-sqrd. Adj. R-sqrd.    F-stat   p-value
h11:pent_up_demand            0.3171183  -0.01397581 0.9577890 0.5193999
h11:inflation_expectations_1y 0.5367848   0.31219557 2.3900739 0.0168179
h11:inflation_expectations_3y 0.2524712  -0.10996706 0.6965909 0.7767763
h11:inflation                 0.2178869  -0.16131942 0.5745867 0.8803453
h11:economic_activity         0.2752506  -0.07614308 0.7833112 0.6922764

$diagnostic_list$`Shock: pent_up_demand`[[12]]
                                R-sqrd. Adj. R-sqrd.    F-stat    p-value
h12:pent_up_demand            0.2002718  -0.19959237 0.5008495 0.92801304
h12:inflation_expectations_1y 0.4836590   0.22548843 1.8734089 0.06396366
h12:inflation_expectations_3y 0.3240645  -0.01390327 0.9588622 0.51886751
h12:inflation                 0.1655092  -0.25173625 0.3966710 0.97348876
h12:economic_activity         0.3463705   0.01955572 1.0598373 0.42795459


$diagnostic_list$`Shock: inflation_expectations_1y`
$diagnostic_list$`Shock: inflation_expectations_1y`[[1]]
                               R-sqrd. Adj. R-sqrd.     F-stat      p-value
h1:pent_up_demand            0.7936382    0.7168524  10.335742 5.393780e-10
h1:inflation_expectations_1y 0.9812494    0.9742725 140.641621 8.887796e-32
h1:inflation_expectations_3y 0.8932919    0.8535866  22.498029 8.193715e-16
h1:inflation                 0.5586806    0.3944687   3.402194 6.945352e-04
h1:economic_activity         0.3714130    0.1375202   1.587962 1.139866e-01

$diagnostic_list$`Shock: inflation_expectations_1y`[[2]]
                               R-sqrd. Adj. R-sqrd.    F-stat      p-value
h2:pent_up_demand            0.7611056   0.67009823  8.363119 1.700531e-08
h2:inflation_expectations_1y 0.9596824   0.94432329 62.483016 4.671766e-24
h2:inflation_expectations_3y 0.7990223   0.72245936 10.436150 6.209294e-10
h2:inflation                 0.4109538   0.18655525  1.831357 5.905935e-02
h2:economic_activity         0.2838547   0.01103743  1.040457 4.375196e-01

$diagnostic_list$`Shock: inflation_expectations_1y`[[3]]
                               R-sqrd. Adj. R-sqrd.    F-stat      p-value
h3:pent_up_demand            0.6684137   0.53901412  5.165502 1.078774e-05
h3:inflation_expectations_1y 0.9317971   0.90518137 35.009232 7.946500e-19
h3:inflation_expectations_3y 0.6670352   0.53709766  5.133508 1.158975e-05
h3:inflation                 0.4308749   0.20877734  1.940025 4.438510e-02
h3:economic_activity         0.2928566   0.01689825  1.061235 4.195297e-01

$diagnostic_list$`Shock: inflation_expectations_1y`[[4]]
                               R-sqrd. Adj. R-sqrd.    F-stat      p-value
h4:pent_up_demand            0.5748783   0.40482960  3.380669 8.941897e-04
h4:inflation_expectations_1y 0.8998375   0.85977246 22.459434 4.549744e-15
h4:inflation_expectations_3y 0.6357146   0.49000045  4.362751 7.730732e-05
h4:inflation                 0.4488963   0.22845484  2.036351 3.466776e-02
h4:economic_activity         0.3046465   0.02650506  1.095293 3.909115e-01

$diagnostic_list$`Shock: inflation_expectations_1y`[[5]]
                               R-sqrd. Adj. R-sqrd.    F-stat      p-value
h5:pent_up_demand            0.5536082  0.370473135  3.022950 2.433354e-03
h5:inflation_expectations_1y 0.8580257  0.799779802 14.731098 8.157158e-12
h5:inflation_expectations_3y 0.5758991  0.401909011  3.309953 1.148740e-03
h5:inflation                 0.4197862  0.181749827  1.763538 7.448284e-02
h5:economic_activity         0.2946788  0.005316312  1.018372 4.594360e-01

$diagnostic_list$`Shock: inflation_expectations_1y`[[6]]
                               R-sqrd. Adj. R-sqrd.     F-stat      p-value
h6:pent_up_demand            0.5329448   0.33629005  2.7100526 5.880810e-03
h6:inflation_expectations_1y 0.8116546   0.73235126 10.2348110 2.779888e-09
h6:inflation_expectations_3y 0.5507860   0.36164328  2.9120125 3.444405e-03
h6:inflation                 0.4559090   0.22681801  1.9900784 4.114431e-02
h6:economic_activity         0.2836718  -0.01794013  0.9405192 5.342144e-01

$diagnostic_list$`Shock: inflation_expectations_1y`[[7]]
                               R-sqrd. Adj. R-sqrd.   F-stat      p-value
h7:pent_up_demand            0.5532198    0.3600175 2.863423 4.126269e-03
h7:inflation_expectations_1y 0.7579759    0.6533169 7.242335 3.641922e-07
h7:inflation_expectations_3y 0.4781875    0.2525388 2.119168 2.977688e-02
h7:inflation                 0.4580102    0.2236363 1.954186 4.632953e-02
h7:economic_activity         0.1574849   -0.2068459 0.432258 9.628224e-01

$diagnostic_list$`Shock: inflation_expectations_1y`[[8]]
                               R-sqrd. Adj. R-sqrd.    F-stat      p-value
h8:pent_up_demand            0.4233738   0.16709545 1.6520077 0.1043827346
h8:inflation_expectations_1y 0.6952774   0.55984512 5.1337646 0.0000229626
h8:inflation_expectations_3y 0.3639361   0.08124097 1.2873802 0.2571598937
h8:inflation                 0.3354156   0.04004474 1.1355744 0.3619420443
h8:economic_activity         0.2663397  -0.05973157 0.8168144 0.6591568037

$diagnostic_list$`Shock: inflation_expectations_1y`[[9]]
                               R-sqrd. Adj. R-sqrd.    F-stat      p-value
h9:pent_up_demand            0.4682369  0.225145135 1.9261736 0.0521624240
h9:inflation_expectations_1y 0.6345549  0.467494233 3.7983507 0.0004778759
h9:inflation_expectations_3y 0.2601754 -0.078030090 0.7692820 0.7069389161
h9:inflation                 0.3162138  0.003625854 1.0115995 0.4680859848
h9:economic_activity         0.2689107 -0.065301566 0.8046105 0.6713585878

$diagnostic_list$`Shock: inflation_expectations_1y`[[10]]
                                R-sqrd. Adj. R-sqrd.    F-stat     p-value
h10:pent_up_demand            0.3930461   0.10742069 1.3760894 0.211458395
h10:inflation_expectations_1y 0.5769190   0.37782209 2.8976791 0.004481374
h10:inflation_expectations_3y 0.2207554  -0.14594795 0.6019999 0.859968157
h10:inflation                 0.2976350  -0.03288967 0.9004926 0.574780729
h10:economic_activity         0.3114215  -0.01261539 0.9610681 0.515814735

$diagnostic_list$`Shock: inflation_expectations_1y`[[11]]
                                R-sqrd. Adj. R-sqrd.    F-stat   p-value
h11:pent_up_demand            0.3171183  -0.01397581 0.9577890 0.5193999
h11:inflation_expectations_1y 0.5367848   0.31219557 2.3900739 0.0168179
h11:inflation_expectations_3y 0.2524712  -0.10996706 0.6965909 0.7767763
h11:inflation                 0.2178869  -0.16131942 0.5745867 0.8803453
h11:economic_activity         0.2752506  -0.07614308 0.7833112 0.6922764

$diagnostic_list$`Shock: inflation_expectations_1y`[[12]]
                                R-sqrd. Adj. R-sqrd.    F-stat    p-value
h12:pent_up_demand            0.2002718  -0.19959237 0.5008495 0.92801304
h12:inflation_expectations_1y 0.4836590   0.22548843 1.8734089 0.06396366
h12:inflation_expectations_3y 0.3240645  -0.01390327 0.9588622 0.51886751
h12:inflation                 0.1655092  -0.25173625 0.3966710 0.97348876
h12:economic_activity         0.3463705   0.01955572 1.0598373 0.42795459


$diagnostic_list$`Shock: inflation_expectations_3y`
$diagnostic_list$`Shock: inflation_expectations_3y`[[1]]
                               R-sqrd. Adj. R-sqrd.     F-stat      p-value
h1:pent_up_demand            0.7936382    0.7168524  10.335742 5.393780e-10
h1:inflation_expectations_1y 0.9812494    0.9742725 140.641621 8.887796e-32
h1:inflation_expectations_3y 0.8932919    0.8535866  22.498029 8.193715e-16
h1:inflation                 0.5586806    0.3944687   3.402194 6.945352e-04
h1:economic_activity         0.3714130    0.1375202   1.587962 1.139866e-01

$diagnostic_list$`Shock: inflation_expectations_3y`[[2]]
                               R-sqrd. Adj. R-sqrd.    F-stat      p-value
h2:pent_up_demand            0.7611056   0.67009823  8.363119 1.700531e-08
h2:inflation_expectations_1y 0.9596824   0.94432329 62.483016 4.671766e-24
h2:inflation_expectations_3y 0.7990223   0.72245936 10.436150 6.209294e-10
h2:inflation                 0.4109538   0.18655525  1.831357 5.905935e-02
h2:economic_activity         0.2838547   0.01103743  1.040457 4.375196e-01

$diagnostic_list$`Shock: inflation_expectations_3y`[[3]]
                               R-sqrd. Adj. R-sqrd.    F-stat      p-value
h3:pent_up_demand            0.6684137   0.53901412  5.165502 1.078774e-05
h3:inflation_expectations_1y 0.9317971   0.90518137 35.009232 7.946500e-19
h3:inflation_expectations_3y 0.6670352   0.53709766  5.133508 1.158975e-05
h3:inflation                 0.4308749   0.20877734  1.940025 4.438510e-02
h3:economic_activity         0.2928566   0.01689825  1.061235 4.195297e-01

$diagnostic_list$`Shock: inflation_expectations_3y`[[4]]
                               R-sqrd. Adj. R-sqrd.    F-stat      p-value
h4:pent_up_demand            0.5748783   0.40482960  3.380669 8.941897e-04
h4:inflation_expectations_1y 0.8998375   0.85977246 22.459434 4.549744e-15
h4:inflation_expectations_3y 0.6357146   0.49000045  4.362751 7.730732e-05
h4:inflation                 0.4488963   0.22845484  2.036351 3.466776e-02
h4:economic_activity         0.3046465   0.02650506  1.095293 3.909115e-01

$diagnostic_list$`Shock: inflation_expectations_3y`[[5]]
                               R-sqrd. Adj. R-sqrd.    F-stat      p-value
h5:pent_up_demand            0.5536082  0.370473135  3.022950 2.433354e-03
h5:inflation_expectations_1y 0.8580257  0.799779802 14.731098 8.157158e-12
h5:inflation_expectations_3y 0.5758991  0.401909011  3.309953 1.148740e-03
h5:inflation                 0.4197862  0.181749827  1.763538 7.448284e-02
h5:economic_activity         0.2946788  0.005316312  1.018372 4.594360e-01

$diagnostic_list$`Shock: inflation_expectations_3y`[[6]]
                               R-sqrd. Adj. R-sqrd.     F-stat      p-value
h6:pent_up_demand            0.5329448   0.33629005  2.7100526 5.880810e-03
h6:inflation_expectations_1y 0.8116546   0.73235126 10.2348110 2.779888e-09
h6:inflation_expectations_3y 0.5507860   0.36164328  2.9120125 3.444405e-03
h6:inflation                 0.4559090   0.22681801  1.9900784 4.114431e-02
h6:economic_activity         0.2836718  -0.01794013  0.9405192 5.342144e-01

$diagnostic_list$`Shock: inflation_expectations_3y`[[7]]
                               R-sqrd. Adj. R-sqrd.   F-stat      p-value
h7:pent_up_demand            0.5532198    0.3600175 2.863423 4.126269e-03
h7:inflation_expectations_1y 0.7579759    0.6533169 7.242335 3.641922e-07
h7:inflation_expectations_3y 0.4781875    0.2525388 2.119168 2.977688e-02
h7:inflation                 0.4580102    0.2236363 1.954186 4.632953e-02
h7:economic_activity         0.1574849   -0.2068459 0.432258 9.628224e-01

$diagnostic_list$`Shock: inflation_expectations_3y`[[8]]
                               R-sqrd. Adj. R-sqrd.    F-stat      p-value
h8:pent_up_demand            0.4233738   0.16709545 1.6520077 0.1043827346
h8:inflation_expectations_1y 0.6952774   0.55984512 5.1337646 0.0000229626
h8:inflation_expectations_3y 0.3639361   0.08124097 1.2873802 0.2571598937
h8:inflation                 0.3354156   0.04004474 1.1355744 0.3619420443
h8:economic_activity         0.2663397  -0.05973157 0.8168144 0.6591568037

$diagnostic_list$`Shock: inflation_expectations_3y`[[9]]
                               R-sqrd. Adj. R-sqrd.    F-stat      p-value
h9:pent_up_demand            0.4682369  0.225145135 1.9261736 0.0521624240
h9:inflation_expectations_1y 0.6345549  0.467494233 3.7983507 0.0004778759
h9:inflation_expectations_3y 0.2601754 -0.078030090 0.7692820 0.7069389161
h9:inflation                 0.3162138  0.003625854 1.0115995 0.4680859848
h9:economic_activity         0.2689107 -0.065301566 0.8046105 0.6713585878

$diagnostic_list$`Shock: inflation_expectations_3y`[[10]]
                                R-sqrd. Adj. R-sqrd.    F-stat     p-value
h10:pent_up_demand            0.3930461   0.10742069 1.3760894 0.211458395
h10:inflation_expectations_1y 0.5769190   0.37782209 2.8976791 0.004481374
h10:inflation_expectations_3y 0.2207554  -0.14594795 0.6019999 0.859968157
h10:inflation                 0.2976350  -0.03288967 0.9004926 0.574780729
h10:economic_activity         0.3114215  -0.01261539 0.9610681 0.515814735

$diagnostic_list$`Shock: inflation_expectations_3y`[[11]]
                                R-sqrd. Adj. R-sqrd.    F-stat   p-value
h11:pent_up_demand            0.3171183  -0.01397581 0.9577890 0.5193999
h11:inflation_expectations_1y 0.5367848   0.31219557 2.3900739 0.0168179
h11:inflation_expectations_3y 0.2524712  -0.10996706 0.6965909 0.7767763
h11:inflation                 0.2178869  -0.16131942 0.5745867 0.8803453
h11:economic_activity         0.2752506  -0.07614308 0.7833112 0.6922764

$diagnostic_list$`Shock: inflation_expectations_3y`[[12]]
                                R-sqrd. Adj. R-sqrd.    F-stat    p-value
h12:pent_up_demand            0.2002718  -0.19959237 0.5008495 0.92801304
h12:inflation_expectations_1y 0.4836590   0.22548843 1.8734089 0.06396366
h12:inflation_expectations_3y 0.3240645  -0.01390327 0.9588622 0.51886751
h12:inflation                 0.1655092  -0.25173625 0.3966710 0.97348876
h12:economic_activity         0.3463705   0.01955572 1.0598373 0.42795459


$diagnostic_list$`Shock: inflation`
$diagnostic_list$`Shock: inflation`[[1]]
                               R-sqrd. Adj. R-sqrd.     F-stat      p-value
h1:pent_up_demand            0.7936382    0.7168524  10.335742 5.393780e-10
h1:inflation_expectations_1y 0.9812494    0.9742725 140.641621 8.887796e-32
h1:inflation_expectations_3y 0.8932919    0.8535866  22.498029 8.193715e-16
h1:inflation                 0.5586806    0.3944687   3.402194 6.945352e-04
h1:economic_activity         0.3714130    0.1375202   1.587962 1.139866e-01

$diagnostic_list$`Shock: inflation`[[2]]
                               R-sqrd. Adj. R-sqrd.    F-stat      p-value
h2:pent_up_demand            0.7611056   0.67009823  8.363119 1.700531e-08
h2:inflation_expectations_1y 0.9596824   0.94432329 62.483016 4.671766e-24
h2:inflation_expectations_3y 0.7990223   0.72245936 10.436150 6.209294e-10
h2:inflation                 0.4109538   0.18655525  1.831357 5.905935e-02
h2:economic_activity         0.2838547   0.01103743  1.040457 4.375196e-01

$diagnostic_list$`Shock: inflation`[[3]]
                               R-sqrd. Adj. R-sqrd.    F-stat      p-value
h3:pent_up_demand            0.6684137   0.53901412  5.165502 1.078774e-05
h3:inflation_expectations_1y 0.9317971   0.90518137 35.009232 7.946500e-19
h3:inflation_expectations_3y 0.6670352   0.53709766  5.133508 1.158975e-05
h3:inflation                 0.4308749   0.20877734  1.940025 4.438510e-02
h3:economic_activity         0.2928566   0.01689825  1.061235 4.195297e-01

$diagnostic_list$`Shock: inflation`[[4]]
                               R-sqrd. Adj. R-sqrd.    F-stat      p-value
h4:pent_up_demand            0.5748783   0.40482960  3.380669 8.941897e-04
h4:inflation_expectations_1y 0.8998375   0.85977246 22.459434 4.549744e-15
h4:inflation_expectations_3y 0.6357146   0.49000045  4.362751 7.730732e-05
h4:inflation                 0.4488963   0.22845484  2.036351 3.466776e-02
h4:economic_activity         0.3046465   0.02650506  1.095293 3.909115e-01

$diagnostic_list$`Shock: inflation`[[5]]
                               R-sqrd. Adj. R-sqrd.    F-stat      p-value
h5:pent_up_demand            0.5536082  0.370473135  3.022950 2.433354e-03
h5:inflation_expectations_1y 0.8580257  0.799779802 14.731098 8.157158e-12
h5:inflation_expectations_3y 0.5758991  0.401909011  3.309953 1.148740e-03
h5:inflation                 0.4197862  0.181749827  1.763538 7.448284e-02
h5:economic_activity         0.2946788  0.005316312  1.018372 4.594360e-01

$diagnostic_list$`Shock: inflation`[[6]]
                               R-sqrd. Adj. R-sqrd.     F-stat      p-value
h6:pent_up_demand            0.5329448   0.33629005  2.7100526 5.880810e-03
h6:inflation_expectations_1y 0.8116546   0.73235126 10.2348110 2.779888e-09
h6:inflation_expectations_3y 0.5507860   0.36164328  2.9120125 3.444405e-03
h6:inflation                 0.4559090   0.22681801  1.9900784 4.114431e-02
h6:economic_activity         0.2836718  -0.01794013  0.9405192 5.342144e-01

$diagnostic_list$`Shock: inflation`[[7]]
                               R-sqrd. Adj. R-sqrd.   F-stat      p-value
h7:pent_up_demand            0.5532198    0.3600175 2.863423 4.126269e-03
h7:inflation_expectations_1y 0.7579759    0.6533169 7.242335 3.641922e-07
h7:inflation_expectations_3y 0.4781875    0.2525388 2.119168 2.977688e-02
h7:inflation                 0.4580102    0.2236363 1.954186 4.632953e-02
h7:economic_activity         0.1574849   -0.2068459 0.432258 9.628224e-01

$diagnostic_list$`Shock: inflation`[[8]]
                               R-sqrd. Adj. R-sqrd.    F-stat      p-value
h8:pent_up_demand            0.4233738   0.16709545 1.6520077 0.1043827346
h8:inflation_expectations_1y 0.6952774   0.55984512 5.1337646 0.0000229626
h8:inflation_expectations_3y 0.3639361   0.08124097 1.2873802 0.2571598937
h8:inflation                 0.3354156   0.04004474 1.1355744 0.3619420443
h8:economic_activity         0.2663397  -0.05973157 0.8168144 0.6591568037

$diagnostic_list$`Shock: inflation`[[9]]
                               R-sqrd. Adj. R-sqrd.    F-stat      p-value
h9:pent_up_demand            0.4682369  0.225145135 1.9261736 0.0521624240
h9:inflation_expectations_1y 0.6345549  0.467494233 3.7983507 0.0004778759
h9:inflation_expectations_3y 0.2601754 -0.078030090 0.7692820 0.7069389161
h9:inflation                 0.3162138  0.003625854 1.0115995 0.4680859848
h9:economic_activity         0.2689107 -0.065301566 0.8046105 0.6713585878

$diagnostic_list$`Shock: inflation`[[10]]
                                R-sqrd. Adj. R-sqrd.    F-stat     p-value
h10:pent_up_demand            0.3930461   0.10742069 1.3760894 0.211458395
h10:inflation_expectations_1y 0.5769190   0.37782209 2.8976791 0.004481374
h10:inflation_expectations_3y 0.2207554  -0.14594795 0.6019999 0.859968157
h10:inflation                 0.2976350  -0.03288967 0.9004926 0.574780729
h10:economic_activity         0.3114215  -0.01261539 0.9610681 0.515814735

$diagnostic_list$`Shock: inflation`[[11]]
                                R-sqrd. Adj. R-sqrd.    F-stat   p-value
h11:pent_up_demand            0.3171183  -0.01397581 0.9577890 0.5193999
h11:inflation_expectations_1y 0.5367848   0.31219557 2.3900739 0.0168179
h11:inflation_expectations_3y 0.2524712  -0.10996706 0.6965909 0.7767763
h11:inflation                 0.2178869  -0.16131942 0.5745867 0.8803453
h11:economic_activity         0.2752506  -0.07614308 0.7833112 0.6922764

$diagnostic_list$`Shock: inflation`[[12]]
                                R-sqrd. Adj. R-sqrd.    F-stat    p-value
h12:pent_up_demand            0.2002718  -0.19959237 0.5008495 0.92801304
h12:inflation_expectations_1y 0.4836590   0.22548843 1.8734089 0.06396366
h12:inflation_expectations_3y 0.3240645  -0.01390327 0.9588622 0.51886751
h12:inflation                 0.1655092  -0.25173625 0.3966710 0.97348876
h12:economic_activity         0.3463705   0.01955572 1.0598373 0.42795459


$diagnostic_list$`Shock: economic_activity`
$diagnostic_list$`Shock: economic_activity`[[1]]
                               R-sqrd. Adj. R-sqrd.     F-stat      p-value
h1:pent_up_demand            0.7936382    0.7168524  10.335742 5.393780e-10
h1:inflation_expectations_1y 0.9812494    0.9742725 140.641621 8.887796e-32
h1:inflation_expectations_3y 0.8932919    0.8535866  22.498029 8.193715e-16
h1:inflation                 0.5586806    0.3944687   3.402194 6.945352e-04
h1:economic_activity         0.3714130    0.1375202   1.587962 1.139866e-01

$diagnostic_list$`Shock: economic_activity`[[2]]
                               R-sqrd. Adj. R-sqrd.    F-stat      p-value
h2:pent_up_demand            0.7611056   0.67009823  8.363119 1.700531e-08
h2:inflation_expectations_1y 0.9596824   0.94432329 62.483016 4.671766e-24
h2:inflation_expectations_3y 0.7990223   0.72245936 10.436150 6.209294e-10
h2:inflation                 0.4109538   0.18655525  1.831357 5.905935e-02
h2:economic_activity         0.2838547   0.01103743  1.040457 4.375196e-01

$diagnostic_list$`Shock: economic_activity`[[3]]
                               R-sqrd. Adj. R-sqrd.    F-stat      p-value
h3:pent_up_demand            0.6684137   0.53901412  5.165502 1.078774e-05
h3:inflation_expectations_1y 0.9317971   0.90518137 35.009232 7.946500e-19
h3:inflation_expectations_3y 0.6670352   0.53709766  5.133508 1.158975e-05
h3:inflation                 0.4308749   0.20877734  1.940025 4.438510e-02
h3:economic_activity         0.2928566   0.01689825  1.061235 4.195297e-01

$diagnostic_list$`Shock: economic_activity`[[4]]
                               R-sqrd. Adj. R-sqrd.    F-stat      p-value
h4:pent_up_demand            0.5748783   0.40482960  3.380669 8.941897e-04
h4:inflation_expectations_1y 0.8998375   0.85977246 22.459434 4.549744e-15
h4:inflation_expectations_3y 0.6357146   0.49000045  4.362751 7.730732e-05
h4:inflation                 0.4488963   0.22845484  2.036351 3.466776e-02
h4:economic_activity         0.3046465   0.02650506  1.095293 3.909115e-01

$diagnostic_list$`Shock: economic_activity`[[5]]
                               R-sqrd. Adj. R-sqrd.    F-stat      p-value
h5:pent_up_demand            0.5536082  0.370473135  3.022950 2.433354e-03
h5:inflation_expectations_1y 0.8580257  0.799779802 14.731098 8.157158e-12
h5:inflation_expectations_3y 0.5758991  0.401909011  3.309953 1.148740e-03
h5:inflation                 0.4197862  0.181749827  1.763538 7.448284e-02
h5:economic_activity         0.2946788  0.005316312  1.018372 4.594360e-01

$diagnostic_list$`Shock: economic_activity`[[6]]
                               R-sqrd. Adj. R-sqrd.     F-stat      p-value
h6:pent_up_demand            0.5329448   0.33629005  2.7100526 5.880810e-03
h6:inflation_expectations_1y 0.8116546   0.73235126 10.2348110 2.779888e-09
h6:inflation_expectations_3y 0.5507860   0.36164328  2.9120125 3.444405e-03
h6:inflation                 0.4559090   0.22681801  1.9900784 4.114431e-02
h6:economic_activity         0.2836718  -0.01794013  0.9405192 5.342144e-01

$diagnostic_list$`Shock: economic_activity`[[7]]
                               R-sqrd. Adj. R-sqrd.   F-stat      p-value
h7:pent_up_demand            0.5532198    0.3600175 2.863423 4.126269e-03
h7:inflation_expectations_1y 0.7579759    0.6533169 7.242335 3.641922e-07
h7:inflation_expectations_3y 0.4781875    0.2525388 2.119168 2.977688e-02
h7:inflation                 0.4580102    0.2236363 1.954186 4.632953e-02
h7:economic_activity         0.1574849   -0.2068459 0.432258 9.628224e-01

$diagnostic_list$`Shock: economic_activity`[[8]]
                               R-sqrd. Adj. R-sqrd.    F-stat      p-value
h8:pent_up_demand            0.4233738   0.16709545 1.6520077 0.1043827346
h8:inflation_expectations_1y 0.6952774   0.55984512 5.1337646 0.0000229626
h8:inflation_expectations_3y 0.3639361   0.08124097 1.2873802 0.2571598937
h8:inflation                 0.3354156   0.04004474 1.1355744 0.3619420443
h8:economic_activity         0.2663397  -0.05973157 0.8168144 0.6591568037

$diagnostic_list$`Shock: economic_activity`[[9]]
                               R-sqrd. Adj. R-sqrd.    F-stat      p-value
h9:pent_up_demand            0.4682369  0.225145135 1.9261736 0.0521624240
h9:inflation_expectations_1y 0.6345549  0.467494233 3.7983507 0.0004778759
h9:inflation_expectations_3y 0.2601754 -0.078030090 0.7692820 0.7069389161
h9:inflation                 0.3162138  0.003625854 1.0115995 0.4680859848
h9:economic_activity         0.2689107 -0.065301566 0.8046105 0.6713585878

$diagnostic_list$`Shock: economic_activity`[[10]]
                                R-sqrd. Adj. R-sqrd.    F-stat     p-value
h10:pent_up_demand            0.3930461   0.10742069 1.3760894 0.211458395
h10:inflation_expectations_1y 0.5769190   0.37782209 2.8976791 0.004481374
h10:inflation_expectations_3y 0.2207554  -0.14594795 0.6019999 0.859968157
h10:inflation                 0.2976350  -0.03288967 0.9004926 0.574780729
h10:economic_activity         0.3114215  -0.01261539 0.9610681 0.515814735

$diagnostic_list$`Shock: economic_activity`[[11]]
                                R-sqrd. Adj. R-sqrd.    F-stat   p-value
h11:pent_up_demand            0.3171183  -0.01397581 0.9577890 0.5193999
h11:inflation_expectations_1y 0.5367848   0.31219557 2.3900739 0.0168179
h11:inflation_expectations_3y 0.2524712  -0.10996706 0.6965909 0.7767763
h11:inflation                 0.2178869  -0.16131942 0.5745867 0.8803453
h11:economic_activity         0.2752506  -0.07614308 0.7833112 0.6922764

$diagnostic_list$`Shock: economic_activity`[[12]]
                                R-sqrd. Adj. R-sqrd.    F-stat    p-value
h12:pent_up_demand            0.2002718  -0.19959237 0.5008495 0.92801304
h12:inflation_expectations_1y 0.4836590   0.22548843 1.8734089 0.06396366
h12:inflation_expectations_3y 0.3240645  -0.01390327 0.9588622 0.51886751
h12:inflation                 0.1655092  -0.25173625 0.3966710 0.97348876
h12:economic_activity         0.3463705   0.01955572 1.0598373 0.42795459



$specs
$specs$lags_endog_lin
SC(n) 
    1 

$specs$lags_criterion
[1] NaN

$specs$max_lags
[1] NaN

$specs$trend
[1] 0

$specs$shock_type
[1] 0

$specs$confint
[1] 1.65

$specs$hor
[1] 12

$specs$use_nw
[1] TRUE

$specs$nw_prewhite
[1] FALSE

$specs$adjust_se
[1] FALSE

$specs$use_twosls
[1] FALSE

$specs$contemp_data
$specs$contemp_data$dummy
 [1] 0 0 0 0 0 0 0 0 0 0 0 0 0 0 0 0 0 0 0 0 0 0 0 0 0 0 1 1 1 1 0 1 0 1 0 0 0 0 0 0 0 0 0 0 0 0 0 0 0 0 0 0 0 0 0 0 0 0 0 0
[61] 0

$specs$contemp_data$Jan
 [1] 0 0 0 0 0 0 0 0 0 0 0 1 0 0 0 0 0 0 0 0 0 0 0 1 0 0 0 0 0 0 0 0 0 0 0 1 0 0 0 0 0 0 0 0 0 0 0 1 0 0 0 0 0 0 0 0 0 0 0 1
[61] 0

$specs$contemp_data$Feb
 [1] 1 0 0 0 0 0 0 0 0 0 0 0 1 0 0 0 0 0 0 0 0 0 0 0 1 0 0 0 0 0 0 0 0 0 0 0 1 0 0 0 0 0 0 0 0 0 0 0 1 0 0 0 0 0 0 0 0 0 0 0
[61] 1

$specs$contemp_data$Mar
 [1] 0 1 0 0 0 0 0 0 0 0 0 0 0 1 0 0 0 0 0 0 0 0 0 0 0 1 0 0 0 0 0 0 0 0 0 0 0 1 0 0 0 0 0 0 0 0 0 0 0 1 0 0 0 0 0 0 0 0 0 0
[61] 0

$specs$contemp_data$Apr
 [1] 0 0 1 0 0 0 0 0 0 0 0 0 0 0 1 0 0 0 0 0 0 0 0 0 0 0 1 0 0 0 0 0 0 0 0 0 0 0 1 0 0 0 0 0 0 0 0 0 0 0 1 0 0 0 0 0 0 0 0 0
[61] 0

$specs$contemp_data$May
 [1] 0 0 0 1 0 0 0 0 0 0 0 0 0 0 0 1 0 0 0 0 0 0 0 0 0 0 0 1 0 0 0 0 0 0 0 0 0 0 0 1 0 0 0 0 0 0 0 0 0 0 0 1 0 0 0 0 0 0 0 0
[61] 0

$specs$contemp_data$Jun
 [1] 0 0 0 0 1 0 0 0 0 0 0 0 0 0 0 0 1 0 0 0 0 0 0 0 0 0 0 0 1 0 0 0 0 0 0 0 0 0 0 0 1 0 0 0 0 0 0 0 0 0 0 0 1 0 0 0 0 0 0 0
[61] 0

$specs$contemp_data$Jul
 [1] 0 0 0 0 0 1 0 0 0 0 0 0 0 0 0 0 0 1 0 0 0 0 0 0 0 0 0 0 0 1 0 0 0 0 0 0 0 0 0 0 0 1 0 0 0 0 0 0 0 0 0 0 0 1 0 0 0 0 0 0
[61] 0

$specs$contemp_data$Aug
 [1] 0 0 0 0 0 0 1 0 0 0 0 0 0 0 0 0 0 0 1 0 0 0 0 0 0 0 0 0 0 0 1 0 0 0 0 0 0 0 0 0 0 0 1 0 0 0 0 0 0 0 0 0 0 0 1 0 0 0 0 0
[61] 0

$specs$contemp_data$Sep
 [1] 0 0 0 0 0 0 0 1 0 0 0 0 0 0 0 0 0 0 0 1 0 0 0 0 0 0 0 0 0 0 0 1 0 0 0 0 0 0 0 0 0 0 0 1 0 0 0 0 0 0 0 0 0 0 0 1 0 0 0 0
[61] 0

$specs$contemp_data$Oct
 [1] 0 0 0 0 0 0 0 0 1 0 0 0 0 0 0 0 0 0 0 0 1 0 0 0 0 0 0 0 0 0 0 0 1 0 0 0 0 0 0 0 0 0 0 0 1 0 0 0 0 0 0 0 0 0 0 0 1 0 0 0
[61] 0


$specs$model_type
[1] 0

$specs$starts
[1] 1

$specs$ends
[1] 61

$specs$column_names
[1] "pent_up_demand"            "inflation_expectations_1y" "inflation_expectations_3y" "inflation"                
[5] "economic_activity"        

$specs$endog
[1] 5

$specs$y_lin
   pent_up_demand inflation_expectations_1y inflation_expectations_3y    inflation economic_activity
2   -0.0031947979                  2.831908                  2.884280  0.032745451        0.02976223
3    0.0003410857                  2.752288                  2.908013  0.002310570        0.03672057
4    0.0029597974                  2.980844                  2.969947  0.031662657        0.02660601
5   -0.0060725614                  2.980844                  2.961960  0.027403122        0.04356130
6    0.0028089434                  2.980844                  3.000000  0.010862582        0.01757053
7    0.0007119455                  2.982717                  2.883912  0.009406502        0.03236078
8    0.0011485829                  3.000000                  3.000000  0.021640425        0.02930438
9    0.0018045616                  2.995079                  3.000000  0.025003951        0.02923299
10   0.0016679230                  3.000000                  3.000000  0.028405410        0.02229492
11  -0.0053082212                  2.969947                  2.883912 -0.008420605        0.02323041
12  -0.0073172292                  3.000000                  2.980844  0.008246918        0.01734758
13  -0.0111332195                  2.969947                  2.969947 -0.002323999        0.03391158
14  -0.0192848669                  2.793575                  2.768439  0.029025084        0.02600387
15  -0.0059008195                  2.816437                  2.864411  0.042416785        0.02691934
16  -0.0106950842                  2.598124                  2.693518  0.048586660        0.03757401
17  -0.0126304962                  2.453082                  2.593332  0.003720327        0.02002637
18  -0.0072427096                  2.670152                  2.662437 -0.006141925        0.02480201
19  -0.0055789931                  2.590599                  2.579365  0.024993882        0.02186920
20  -0.0172054516                  2.414448                  2.501432  0.017681720        0.02278745
21  -0.0114393817                  2.483634                  2.374794  0.021370449        0.03620964
22  -0.0180938332                  2.330186                  2.378875  0.034784574        0.01981848
23  -0.0168478236                  2.347553                  2.521351  0.026361361        0.02549842
24  -0.0089596853                  2.527644                  2.537525  0.038444527        0.02259084
25  -0.0029569154                  2.495654                  2.537525  0.019694440        0.03781474
26  -0.0289157650                  2.537525                  2.588670  0.009814561        0.03578346
27  -0.0167185630                  2.537525                  2.399339 -0.050912346       -0.07956922
28  -0.0336097958                  2.623311                  2.623311 -0.090824177       -0.77070172
29  -0.0463331581                  3.000000                  2.610335 -0.010450429        0.21339722
30  -0.0131994321                  2.681402                  2.473736  0.053592068        0.21330076
31  -0.0261060116                  2.887446                  2.731703  0.061866907        0.02971606
32  -0.0141681702                  3.000000                  2.980844  0.053808986        0.15791953
33  -0.0035713045                  2.980844                  2.742111  0.028930510        0.07717705
34  -0.0063917463                  2.836102                  2.702108  0.011918979        0.10115859
35  -0.0028382318                  2.962508                  2.819740  0.024543630        0.04507153
36  -0.0030040835                  3.000000                  2.980844  0.057557700        0.01677041
37  -0.0010963087                  3.046669                  3.028186  0.028496735        0.06736316
38  -0.0064908265                  3.090884                  3.000000  0.045997380        0.05066022
39   0.0037663588                  3.244256                  3.092952  0.059503194        0.06160136
40   0.0149594247                  3.360180                  3.098045  0.082225516        0.03720211
41   0.0141571227                  4.000000                  3.569710  0.082531234        0.06412900
42   0.0172740927                  4.801745                  3.546918  0.098347464        0.05475905
43   0.0182857828                  4.842451                  3.711669  0.054649100        0.08879717
44   0.0157404704                  5.179827                  3.999662  0.049840953        0.06602323
45   0.0078237064                  5.310169                  4.193985  0.052018077        0.07861505
46   0.0394167906                  5.653467                  4.211177  0.114305741        0.06819482
47   0.0174804693                  6.000000                  4.011200  0.098833469        0.06879133
48   0.0146578022                  5.990274                  4.000000  0.097421769        0.06937609
49   0.0262932955                  5.788440                  3.477248  0.075404740        0.03542764
50   0.0278883247                  6.000000                  3.774801  0.088488916        0.07849205
51   0.0173501670                  6.583898                  3.674923  0.126900569        0.05112829
52   0.0233207150                  6.345438                  3.902376  0.048497289        0.04431433
53   0.0133494241                  6.576015                  3.879077  0.115684054        0.03389257
54   0.0113713201                  6.775855                  3.618484  0.151285219        0.03843642
55   0.0068185487                  6.223626                  3.182451 -0.004064650        0.05041760
56  -0.0012117535                  5.745714                  2.755268  0.028517738        0.02896168
57   0.0027822883                  5.440794                  2.909971  0.050566174        0.04915587
58  -0.0084409622                  5.944291                  3.110663  0.060045147        0.03059615
59  -0.0016952080                  5.228549                  2.997374  0.024858721        0.04330825
60  -0.0061349837                  4.993469                  2.992784  0.015857387        0.03585464
61  -0.0077620355                  4.954980                  2.711993  0.063675095        0.04576300

$specs$x_lin
   pent_up_demand_lag_1 inflation_expectations_1y_lag_1 inflation_expectations_3y_lag_1 inflation_lag_1
2          0.0073544099                        2.711993                        2.793575     0.052137819
3         -0.0031947979                        2.831908                        2.884280     0.032745451
4          0.0003410857                        2.752288                        2.908013     0.002310570
5          0.0029597974                        2.980844                        2.969947     0.031662657
6         -0.0060725614                        2.980844                        2.961960     0.027403122
7          0.0028089434                        2.980844                        3.000000     0.010862582
8          0.0007119455                        2.982717                        2.883912     0.009406502
9          0.0011485829                        3.000000                        3.000000     0.021640425
10         0.0018045616                        2.995079                        3.000000     0.025003951
11         0.0016679230                        3.000000                        3.000000     0.028405410
12        -0.0053082212                        2.969947                        2.883912    -0.008420605
13        -0.0073172292                        3.000000                        2.980844     0.008246918
14        -0.0111332195                        2.969947                        2.969947    -0.002323999
15        -0.0192848669                        2.793575                        2.768439     0.029025084
16        -0.0059008195                        2.816437                        2.864411     0.042416785
17        -0.0106950842                        2.598124                        2.693518     0.048586660
18        -0.0126304962                        2.453082                        2.593332     0.003720327
19        -0.0072427096                        2.670152                        2.662437    -0.006141925
20        -0.0055789931                        2.590599                        2.579365     0.024993882
21        -0.0172054516                        2.414448                        2.501432     0.017681720
22        -0.0114393817                        2.483634                        2.374794     0.021370449
23        -0.0180938332                        2.330186                        2.378875     0.034784574
24        -0.0168478236                        2.347553                        2.521351     0.026361361
25        -0.0089596853                        2.527644                        2.537525     0.038444527
26        -0.0029569154                        2.495654                        2.537525     0.019694440
27        -0.0289157650                        2.537525                        2.588670     0.009814561
28        -0.0167185630                        2.537525                        2.399339    -0.050912346
29        -0.0336097958                        2.623311                        2.623311    -0.090824177
30        -0.0463331581                        3.000000                        2.610335    -0.010450429
31        -0.0131994321                        2.681402                        2.473736     0.053592068
32        -0.0261060116                        2.887446                        2.731703     0.061866907
33        -0.0141681702                        3.000000                        2.980844     0.053808986
34        -0.0035713045                        2.980844                        2.742111     0.028930510
35        -0.0063917463                        2.836102                        2.702108     0.011918979
36        -0.0028382318                        2.962508                        2.819740     0.024543630
37        -0.0030040835                        3.000000                        2.980844     0.057557700
38        -0.0010963087                        3.046669                        3.028186     0.028496735
39        -0.0064908265                        3.090884                        3.000000     0.045997380
40         0.0037663588                        3.244256                        3.092952     0.059503194
41         0.0149594247                        3.360180                        3.098045     0.082225516
42         0.0141571227                        4.000000                        3.569710     0.082531234
43         0.0172740927                        4.801745                        3.546918     0.098347464
44         0.0182857828                        4.842451                        3.711669     0.054649100
45         0.0157404704                        5.179827                        3.999662     0.049840953
46         0.0078237064                        5.310169                        4.193985     0.052018077
47         0.0394167906                        5.653467                        4.211177     0.114305741
48         0.0174804693                        6.000000                        4.011200     0.098833469
49         0.0146578022                        5.990274                        4.000000     0.097421769
50         0.0262932955                        5.788440                        3.477248     0.075404740
51         0.0278883247                        6.000000                        3.774801     0.088488916
52         0.0173501670                        6.583898                        3.674923     0.126900569
53         0.0233207150                        6.345438                        3.902376     0.048497289
54         0.0133494241                        6.576015                        3.879077     0.115684054
55         0.0113713201                        6.775855                        3.618484     0.151285219
56         0.0068185487                        6.223626                        3.182451    -0.004064650
57        -0.0012117535                        5.745714                        2.755268     0.028517738
58         0.0027822883                        5.440794                        2.909971     0.050566174
59        -0.0084409622                        5.944291                        3.110663     0.060045147
60        -0.0016952080                        5.228549                        2.997374     0.024858721
61        -0.0061349837                        4.993469                        2.992784     0.015857387
   economic_activity_lag_1 dummy Jan Feb Mar Apr May Jun Jul Aug Sep Oct
2               0.02580719     0   0   0   1   0   0   0   0   0   0   0
3               0.02976223     0   0   0   0   1   0   0   0   0   0   0
4               0.03672057     0   0   0   0   0   1   0   0   0   0   0
5               0.02660601     0   0   0   0   0   0   1   0   0   0   0
6               0.04356130     0   0   0   0   0   0   0   1   0   0   0
7               0.01757053     0   0   0   0   0   0   0   0   1   0   0
8               0.03236078     0   0   0   0   0   0   0   0   0   1   0
9               0.02930438     0   0   0   0   0   0   0   0   0   0   1
10              0.02923299     0   0   0   0   0   0   0   0   0   0   0
11              0.02229492     0   0   0   0   0   0   0   0   0   0   0
12              0.02323041     0   1   0   0   0   0   0   0   0   0   0
13              0.01734758     0   0   1   0   0   0   0   0   0   0   0
14              0.03391158     0   0   0   1   0   0   0   0   0   0   0
15              0.02600387     0   0   0   0   1   0   0   0   0   0   0
16              0.02691934     0   0   0   0   0   1   0   0   0   0   0
17              0.03757401     0   0   0   0   0   0   1   0   0   0   0
18              0.02002637     0   0   0   0   0   0   0   1   0   0   0
19              0.02480201     0   0   0   0   0   0   0   0   1   0   0
20              0.02186920     0   0   0   0   0   0   0   0   0   1   0
21              0.02278745     0   0   0   0   0   0   0   0   0   0   1
22              0.03620964     0   0   0   0   0   0   0   0   0   0   0
23              0.01981848     0   0   0   0   0   0   0   0   0   0   0
24              0.02549842     0   1   0   0   0   0   0   0   0   0   0
25              0.02259084     0   0   1   0   0   0   0   0   0   0   0
26              0.03781474     0   0   0   1   0   0   0   0   0   0   0
27              0.03578346     1   0   0   0   1   0   0   0   0   0   0
28             -0.07956922     1   0   0   0   0   1   0   0   0   0   0
29             -0.77070172     1   0   0   0   0   0   1   0   0   0   0
30              0.21339722     1   0   0   0   0   0   0   1   0   0   0
31              0.21330076     0   0   0   0   0   0   0   0   1   0   0
32              0.02971606     1   0   0   0   0   0   0   0   0   1   0
33              0.15791953     0   0   0   0   0   0   0   0   0   0   1
34              0.07717705     1   0   0   0   0   0   0   0   0   0   0
35              0.10115859     0   0   0   0   0   0   0   0   0   0   0
36              0.04507153     0   1   0   0   0   0   0   0   0   0   0
37              0.01677041     0   0   1   0   0   0   0   0   0   0   0
38              0.06736316     0   0   0   1   0   0   0   0   0   0   0
39              0.05066022     0   0   0   0   1   0   0   0   0   0   0
40              0.06160136     0   0   0   0   0   1   0   0   0   0   0
41              0.03720211     0   0   0   0   0   0   1   0   0   0   0
42              0.06412900     0   0   0   0   0   0   0   1   0   0   0
43              0.05475905     0   0   0   0   0   0   0   0   1   0   0
44              0.08879717     0   0   0   0   0   0   0   0   0   1   0
45              0.06602323     0   0   0   0   0   0   0   0   0   0   1
46              0.07861505     0   0   0   0   0   0   0   0   0   0   0
47              0.06819482     0   0   0   0   0   0   0   0   0   0   0
48              0.06879133     0   1   0   0   0   0   0   0   0   0   0
49              0.06937609     0   0   1   0   0   0   0   0   0   0   0
50              0.03542764     0   0   0   1   0   0   0   0   0   0   0
51              0.07849205     0   0   0   0   1   0   0   0   0   0   0
52              0.05112829     0   0   0   0   0   1   0   0   0   0   0
53              0.04431433     0   0   0   0   0   0   1   0   0   0   0
54              0.03389257     0   0   0   0   0   0   0   1   0   0   0
55              0.03843642     0   0   0   0   0   0   0   0   1   0   0
56              0.05041760     0   0   0   0   0   0   0   0   0   1   0
57              0.02896168     0   0   0   0   0   0   0   0   0   0   1
58              0.04915587     0   0   0   0   0   0   0   0   0   0   0
59              0.03059615     0   0   0   0   0   0   0   0   0   0   0
60              0.04330825     0   1   0   0   0   0   0   0   0   0   0
61              0.03585464     0   0   1   0   0   0   0   0   0   0   0


attr(,"class")
[1] "lpirfs_lin_obj"
