[1] "profits"              "djn level estimation"
                   1             2             3             4             5             6
AIC(n) -2.593311e+01 -2.647396e+01 -2.651331e+01 -2.714470e+01 -2.789896e+01 -2.947159e+01
HQ(n)  -2.473345e+01 -2.492146e+01 -2.460796e+01 -2.488651e+01 -2.528793e+01 -2.650772e+01
SC(n)  -2.283087e+01 -2.245929e+01 -2.158622e+01 -2.130519e+01 -2.114702e+01 -2.180723e+01
FPE(n)  6.064170e-12  4.029128e-12  4.860755e-12  3.744199e-12  3.195919e-12  1.771578e-12
                   1             2             3             4             5             6
AIC(n) -2.593311e+01 -2.647396e+01 -2.651331e+01 -2.714470e+01 -2.789896e+01 -2.947159e+01
HQ(n)  -2.473345e+01 -2.492146e+01 -2.460796e+01 -2.488651e+01 -2.528793e+01 -2.650772e+01
SC(n)  -2.283087e+01 -2.245929e+01 -2.158622e+01 -2.130519e+01 -2.114702e+01 -2.180723e+01
FPE(n)  6.064170e-12  4.029128e-12  4.860755e-12  3.744199e-12  3.195919e-12  1.771578e-12
$irf_lin_mean
, , 1

            [,1]         [,2]         [,3]        [,4]         [,5]       [,6]       [,7]        [,8]       [,9]      [,10]
[1,] 0.011640415  0.008446612  0.008204875 0.012094510  0.009624905 0.01143242 0.01386855 0.014348989 0.01412433 0.01462616
[2,] 0.009001889  0.099128099  0.224449808 0.256635695  0.287062564 0.35950117 0.40772586 0.467512646 0.55140645 0.52005186
[3,] 0.055169142  0.125221435  0.180802963 0.186864125  0.186986810 0.22291626 0.21645471 0.249994465 0.29000835 0.23771937
[4,] 0.004939366  0.006788991  0.007551349 0.004730213  0.008995738 0.01014223 0.01251061 0.015654897 0.01592320 0.01303147
[5,] 0.041682458 -0.013566438 -0.007304898 0.017158893 -0.011858736 0.01300889 0.02246333 0.004220192 0.03006302 0.01737908
            [,11]       [,12]        [,13]
[1,]  0.014000957 0.011367120 1.035342e-02
[2,]  0.525723060 0.541574239 5.155018e-01
[3,]  0.243922133 0.202045957 1.950327e-01
[4,]  0.007320203 0.008474499 6.686588e-03
[5,] -0.012325253 0.009489968 3.174369e-05

, , 2

             [,1]        [,2]         [,3]          [,4]         [,5]          [,6]          [,7]          [,8]
[1,]  0.000000000 0.002092800  0.002387544  0.0007097523 0.0016331564  0.0010247023 -5.707584e-05 -8.036267e-05
[2,]  0.188358842 0.166828141  0.126673942  0.1184612138 0.1416900211  0.1253836207  9.339656e-02  1.138833e-01
[3,]  0.053894415 0.032876542 -0.004156057 -0.0076961138 0.0118444613 -0.0043854932  3.346028e-03 -7.206201e-03
[4,]  0.012519419 0.003721679 -0.000484255  0.0020867393 0.0002544987  0.0006021494 -1.505385e-03  2.239356e-03
[5,] -0.009658225 0.016487444  0.001895312 -0.0053721209 0.0053728913 -0.0074859139 -7.349074e-03  5.676062e-03
              [,9]         [,10]       [,11]         [,12]         [,13]
[1,]  0.0009551528  0.0010055541  0.00152609  0.0024876338  0.0018452855
[2,]  0.0699080183  0.1027890575  0.11330109  0.1451713675  0.1724275437
[3,] -0.0379304957 -0.0206043035 -0.02060664  0.0160793226  0.0227712902
[4,]  0.0004588149 -0.0001331903  0.00506184  0.0027352536  0.0008057092
[5,] -0.0089986980 -0.0017421408  0.01969556 -0.0003380045 -0.0049386354

, , 3

             [,1]        [,2]         [,3]          [,4]         [,5]        [,6]        [,7]        [,8]         [,9]
[1,]  0.000000000 0.001617665  0.001619383 -0.0002830263  0.002053701 0.002441266 0.002049938 0.004072068  0.002159968
[2,]  0.000000000 0.006740244 -0.026810821 -0.0010207466 -0.006250750 0.001072226 0.062752683 0.065477219  0.031075761
[3,]  0.142954026 0.094099936  0.068179823  0.0523302220  0.041923417 0.041021843 0.071293252 0.077798590  0.028452358
[4,] -0.004064873 0.001687991  0.002826938  0.0053707859  0.004901288 0.003729450 0.007628593 0.005098839  0.003595276
[5,] -0.018438587 0.009443467  0.008635378  0.0005474276  0.020675936 0.003160515 0.008679689 0.025034438 -0.009981419
             [,10]        [,11]        [,12]        [,13]
[1,]  0.0002506008 -0.002900912 -0.002452103 -0.003411345
[2,]  0.0338330870  0.033094811 -0.070973207 -0.161779058
[3,]  0.0248249222 -0.030077235 -0.065519365 -0.082929625
[4,]  0.0042079145  0.001518882 -0.003082259 -0.005348277
[5,] -0.0097085284 -0.002456892 -0.001627567 -0.008000484

, , 4

           [,1]         [,2]          [,3]         [,4]         [,5]          [,6]         [,7]        [,8]        [,9]
[1,] 0.00000000  0.002118908  0.0024921063  0.002288281  0.002466508  0.0034650626  0.002812111 0.005008882 0.007432886
[2,] 0.00000000 -0.019458672  0.0109013481  0.004893176  0.060130665  0.0776323832  0.083380220 0.188500630 0.179483538
[3,] 0.00000000  0.012414735 -0.0003128674 -0.006695993  0.025208982  0.0450608056  0.085935982 0.104795410 0.081886683
[4,] 0.02717738  0.007621300 -0.0030335379 -0.001956930 -0.003097859  0.0008276758  0.002525848 0.011683644 0.007370227
[5,] 0.05160638  0.017944712 -0.0158132372 -0.001767745 -0.004111662 -0.0115439773 -0.007371520 0.013791734 0.002073840
           [,10]      [,11]       [,12]        [,13]
[1,] 0.008615745 0.01055164 0.011633498  0.008728944
[2,] 0.244321281 0.31366832 0.420411759  0.468313728
[3,] 0.092393212 0.12142420 0.184223766  0.220394188
[4,] 0.007585023 0.01517954 0.010911019  0.001970155
[5,] 0.008029076 0.03670440 0.008006967 -0.024970449

, , 5

           [,1]         [,2]          [,3]         [,4]         [,5]          [,6]          [,7]          [,8]          [,9]
[1,] 0.00000000 -0.001011830 -0.0028166204 -0.001828583 -0.002598554 -0.0008806644 -2.594706e-03 -0.0002015618 -0.0024689222
[2,] 0.00000000 -0.077877966 -0.0257362271 -0.045951109 -0.126379737 -0.1612202443 -8.504787e-02 -0.1632721032 -0.1610110985
[3,] 0.00000000 -0.029934312  0.0100158381 -0.025927571 -0.097095741 -0.0612419221 -2.946201e-02 -0.0507554684 -0.0535439825
[4,] 0.00000000  0.002733106  0.0009854437 -0.003616746 -0.004570378 -0.0021029756  7.973822e-03 -0.0029863884 -0.0066252540
[5,] 0.09471084 -0.013449191 -0.0246514647  0.010941292  0.004690775  0.0062368042 -5.580172e-05  0.0031408496  0.0007423805
            [,10]        [,11]        [,12]        [,13]
[1,] -0.003181351 -0.003374775 -0.001651492 -0.003818763
[2,] -0.166989748 -0.152130535 -0.172917546 -0.173758101
[3,] -0.059225946 -0.046865708 -0.063071765 -0.025006621
[4,]  0.002316250 -0.001806936 -0.001940290 -0.008991843
[5,] -0.004773386 -0.006347658  0.002471654 -0.029327489


$irf_lin_low
, , 1

            [,1]         [,2]         [,3]         [,4]          [,5]         [,6]         [,7]         [,8]         [,9]
[1,] 0.011640415  0.004062951  0.002423730  0.005537684 -0.0009195163  0.001120402  0.003031362  0.003280865  0.003714319
[2,] 0.009001889  0.026503126  0.102423288  0.077420833  0.0757728248  0.120906581  0.077605262  0.113195243  0.168607790
[3,] 0.055169142  0.061827847  0.088056071  0.060724169  0.0432801885  0.062729197  0.017855287  0.057654487  0.118535768
[4,] 0.004939366 -0.005739785 -0.006431488 -0.008247225 -0.0047867044 -0.003462877 -0.006264970  0.002225486  0.004828587
[5,] 0.041682458 -0.059787196 -0.036917178 -0.010094222 -0.0689631116 -0.006166280 -0.011389138 -0.045049960 -0.011334031
             [,10]         [,11]        [,12]       [,13]
[1,]  0.0033448697  0.0009136419 -0.001284345 -0.00429545
[2,]  0.0902163569  0.0414476261  0.013617618 -0.02632283
[3,]  0.0311144914  0.0267475503 -0.017205447 -0.01920921
[4,]  0.0001565292 -0.0111050034 -0.009676578 -0.01496050
[5,] -0.0164506787 -0.0563460555 -0.018485278 -0.06392163

, , 2

             [,1]          [,2]          [,3]         [,4]         [,5]         [,6]         [,7]         [,8]         [,9]
[1,]  0.000000000 -0.0001423123 -0.0002567754 -0.002238817 -0.003383328 -0.003837254 -0.004857497 -0.005844023 -0.004766632
[2,]  0.188358842  0.1336804864  0.0698096955  0.035049616  0.045232158  0.002556965 -0.089051543 -0.108473828 -0.177546709
[3,]  0.053894415  0.0004580118 -0.0460303696 -0.067146626 -0.057206778 -0.085326301 -0.093059358 -0.106063117 -0.128992650
[4,]  0.012519419 -0.0015118204 -0.0056862248 -0.004265267 -0.005824669 -0.005905188 -0.010995099 -0.006254032 -0.006602852
[5,] -0.009658225 -0.0026207666 -0.0083912137 -0.016740910 -0.014831841 -0.018852446 -0.023950175 -0.025164014 -0.027399132
            [,10]        [,11]        [,12]        [,13]
[1,] -0.004846079 -0.006027754 -0.006029358 -0.005231895
[2,] -0.164902295 -0.187456648 -0.197984356 -0.166852333
[3,] -0.135919625 -0.136397162 -0.106343825 -0.102488302
[4,] -0.011353754 -0.004621011 -0.008054035 -0.013252765
[5,] -0.020680653 -0.012862396 -0.024662168 -0.022575292

, , 3

             [,1]          [,2]         [,3]         [,4]          [,5]          [,6]          [,7]          [,8]
[1,]  0.000000000  0.0008147038  0.000842557 -0.001765999 -0.0001768612 -0.0001418781 -0.0009967620  0.0007663141
[2,]  0.000000000 -0.0081143845 -0.050641143 -0.016437479 -0.0255792988 -0.0258862702 -0.0078701343 -0.0285660661
[3,]  0.142954026  0.0814016741  0.055413542  0.040700238  0.0306336671  0.0167411023  0.0229714545  0.0182347921
[4,] -0.004064873  0.0005059292  0.001927760  0.003435271  0.0012629645 -0.0003581828  0.0008050757 -0.0002039945
[5,] -0.018438587  0.0073543748  0.010160496 -0.004694007 -0.0001565527 -0.0006175188  0.0012544052 -0.0071474322
              [,9]         [,10]        [,11]        [,12]        [,13]
[1,] -0.0004625944 -0.0017282075 -0.005642105 -0.005356944 -0.006060231
[2,] -0.0700865734 -0.0593059038 -0.058333996 -0.179801105 -0.288414767
[3,] -0.0113566715 -0.0178737045 -0.062212348 -0.105532922 -0.151042555
[4,] -0.0001472193  0.0009933531 -0.001396235 -0.004549246 -0.005549220
[5,] -0.0209465205 -0.0150540396 -0.008937877 -0.005467616 -0.014299753

, , 4

           [,1]         [,2]         [,3]         [,4]         [,5]         [,6]         [,7]          [,8]          [,9]
[1,] 0.00000000 -0.001659646 -0.001990283 -0.001846282 -0.004589565 -0.002417064 -0.002577594 -1.629189e-03  9.569524e-04
[2,] 0.00000000 -0.070665355 -0.077633757 -0.139435122 -0.084835497 -0.100048288 -0.159783148 -5.652899e-02 -7.544293e-02
[3,] 0.00000000 -0.037008733 -0.069660401 -0.108288671 -0.082894929 -0.065327915 -0.029939239 -2.297593e-05 -1.940308e-02
[4,] 0.02717738 -0.002769663 -0.014554170 -0.013597233 -0.010888710 -0.007857193 -0.009076326  2.602434e-03 -4.497342e-05
[5,] 0.05160638 -0.026568252 -0.043841403 -0.020124757 -0.028465304 -0.030552298 -0.028447491 -9.027609e-03 -1.815127e-02
            [,10]       [,11]         [,12]        [,13]
[1,]  0.001695733  0.00213244  3.561654e-03  0.001903063
[2,] -0.042150778 -0.01068864  1.246934e-01  0.214152244
[3,] -0.049567489 -0.02504889  5.796266e-02  0.114911399
[4,] -0.009314189  0.00467428 -3.321571e-05 -0.019492285
[5,] -0.022269001 -0.01309446 -2.574675e-02 -0.066856515

, , 5

           [,1]         [,2]         [,3]         [,4]         [,5]          [,6]         [,7]         [,8]         [,9]
[1,] 0.00000000 -0.003024124 -0.005912978 -0.004683586 -0.006231452 -0.0041264228 -0.005900695 -0.003684499 -0.005937017
[2,] 0.00000000 -0.113779381 -0.075235963 -0.122653954 -0.206551552 -0.2479453171 -0.204498592 -0.275565363 -0.272720072
[3,] 0.00000000 -0.057013978 -0.033737203 -0.086422125 -0.157409492 -0.1155373322 -0.088154392 -0.105458381 -0.110381158
[4,] 0.00000000 -0.004151256 -0.008183569 -0.010586700 -0.008820136 -0.0072605208  0.002344562 -0.007077946 -0.011766964
[5,] 0.09471084 -0.040909081 -0.045850962  0.001486637 -0.011879067 -0.0007726774 -0.010750876 -0.005203109 -0.007692037
            [,10]        [,11]        [,12]        [,13]
[1,] -0.006918532 -0.007245083 -0.005532856 -0.008883509
[2,] -0.298511423 -0.307279674 -0.316218094 -0.313658792
[3,] -0.126881916 -0.115228463 -0.136284175 -0.081862017
[4,] -0.005374584 -0.006849011 -0.007570938 -0.021549738
[5,] -0.015661011 -0.019067379 -0.014440003 -0.072163733


$irf_lin_up
, , 1

            [,1]       [,2]       [,3]       [,4]       [,5]       [,6]       [,7]       [,8]       [,9]      [,10]
[1,] 0.011640415 0.01283027 0.01398602 0.01865134 0.02016933 0.02174444 0.02470573 0.02541711 0.02453433 0.02590745
[2,] 0.009001889 0.17175307 0.34647633 0.43585056 0.49835230 0.59809576 0.73784645 0.82183005 0.93420511 0.94988737
[3,] 0.055169142 0.18861502 0.27354986 0.31300408 0.33069343 0.38310333 0.41505413 0.44233444 0.46148093 0.44432425
[4,] 0.004939366 0.01931777 0.02153418 0.01770765 0.02277818 0.02374735 0.03128619 0.02908431 0.02701781 0.02590641
[5,] 0.041682458 0.03265432 0.02230738 0.04441201 0.04524564 0.03218406 0.05631579 0.05349034 0.07146008 0.05120885
          [,11]      [,12]      [,13]
[1,] 0.02708827 0.02401858 0.02500229
[2,] 1.00999849 1.06953086 1.05732647
[3,] 0.46109672 0.42129736 0.40927470
[4,] 0.02574541 0.02662558 0.02833368
[5,] 0.03169555 0.03746522 0.06398512

, , 2

             [,1]        [,2]        [,3]        [,4]        [,5]        [,6]        [,7]        [,8]        [,9]
[1,]  0.000000000 0.004327913 0.005031864 0.003658322 0.006649641 0.005886659 0.004743345 0.005683298 0.006676938
[2,]  0.188358842 0.199975796 0.183538189 0.201872811 0.238147884 0.248210277 0.275844656 0.336240377 0.317362745
[3,]  0.053894415 0.065295071 0.037718255 0.051754398 0.080895700 0.076555314 0.099751413 0.091650714 0.053131659
[4,]  0.012519419 0.008955179 0.004717715 0.008438745 0.006333666 0.007109487 0.007984328 0.010732745 0.007520482
[5,] -0.009658225 0.035595654 0.012181837 0.005996669 0.025577623 0.003880618 0.009252026 0.036516138 0.009401736
           [,10]       [,11]      [,12]       [,13]
[1,] 0.006857187 0.009079934 0.01100463 0.008922466
[2,] 0.370480410 0.414058818 0.48832709 0.511707420
[3,] 0.094711018 0.095183884 0.13850247 0.148030882
[4,] 0.011087373 0.014744691 0.01352454 0.014864183
[5,] 0.017196371 0.052253524 0.02398616 0.012698021

, , 3

             [,1]        [,2]         [,3]        [,4]        [,5]        [,6]        [,7]        [,8]         [,9]
[1,]  0.000000000 0.002420626  0.002396209 0.001199946 0.004284262 0.005024410 0.005096637 0.007377823 0.0047825300
[2,]  0.000000000 0.021594873 -0.002980498 0.014395986 0.013077800 0.028030723 0.133375501 0.159520505 0.1322380952
[3,]  0.142954026 0.106798197  0.080946105 0.063960207 0.053213167 0.065302585 0.119615050 0.137362389 0.0682613882
[4,] -0.004064873 0.002870054  0.003726116 0.007306300 0.008539611 0.007817082 0.014452111 0.010401672 0.0073377705
[5,] -0.018438587 0.011532558  0.007110260 0.005788862 0.041508425 0.006938549 0.016104973 0.057216308 0.0009836817
            [,10]         [,11]         [,12]        [,13]
[1,]  0.002229409 -0.0001597194  0.0004527379 -0.000762460
[2,]  0.126972078  0.1245236185  0.0378546915 -0.035143350
[3,]  0.067523549  0.0020578785 -0.0255058082 -0.014816695
[4,]  0.007422476  0.0044339998 -0.0016152720 -0.005147335
[5,] -0.004363017  0.0040240935  0.0022124809 -0.001701216

, , 4

           [,1]        [,2]        [,3]        [,4]        [,5]        [,6]        [,7]       [,8]       [,9]      [,10]
[1,] 0.00000000 0.005897462 0.006974495 0.006422845 0.009522581 0.009347190 0.008201816 0.01164695 0.01390882 0.01553576
[2,] 0.00000000 0.031748012 0.099436453 0.149221475 0.205096826 0.255313055 0.326543588 0.43353024 0.43441000 0.53079334
[3,] 0.00000000 0.061838203 0.069034667 0.094896685 0.133312893 0.155449526 0.201811202 0.20961380 0.18317644 0.23435391
[4,] 0.02717738 0.018012263 0.008487094 0.009683374 0.004692993 0.009512545 0.014128022 0.02076485 0.01478543 0.02448423
[5,] 0.05160638 0.062457677 0.012214928 0.016589267 0.020241979 0.007464343 0.013704451 0.03661108 0.02229895 0.03832715
          [,11]      [,12]      [,13]
[1,] 0.01897084 0.01970534 0.01555483
[2,] 0.63802527 0.71613014 0.72247521
[3,] 0.26789730 0.31048488 0.32587698
[4,] 0.02568480 0.02185525 0.02343260
[5,] 0.08650326 0.04176068 0.01691562

, , 5

           [,1]         [,2]          [,3]        [,4]          [,5]         [,6]         [,7]         [,8]          [,9]
[1,] 0.00000000  0.001000465  0.0002797371 0.001026420  0.0010343438  0.002365094 0.0007112826  0.003281375  0.0009991725
[2,] 0.00000000 -0.041976550  0.0237635093 0.030751737 -0.0462079219 -0.074495171 0.0344028603 -0.050978843 -0.0493021250
[3,] 0.00000000 -0.002854647  0.0537688789 0.034566983 -0.0367819903 -0.006946512 0.0292303790  0.003947444  0.0032931927
[4,] 0.00000000  0.009617469  0.0101544566 0.003353207 -0.0003206208  0.003054569 0.0136030827  0.001105169 -0.0014835435
[5,] 0.09471084  0.014010700 -0.0034519677 0.020395948  0.0212606181  0.013246286 0.0106392730  0.011484808  0.0091767980
             [,10]        [,11]        [,12]        [,13]
[1,]  0.0005558296 0.0004955333  0.002229872  0.001245982
[2,] -0.0354680725 0.0030186035 -0.029616999 -0.033857411
[3,]  0.0084300245 0.0214970464  0.010140645  0.031848774
[4,]  0.0100070835 0.0032351393  0.003690359  0.003566051
[5,]  0.0061142389 0.0063720617  0.019383311  0.013508756


$diagnostic_list
$diagnostic_list$`Shock: profits`
$diagnostic_list$`Shock: profits`[[1]]
                               R-sqrd. Adj. R-sqrd.     F-stat      p-value
h1:profits                   0.8664787   0.81679631  17.440369 8.293485e-14
h1:inflation_expectations_1y 0.9827081   0.97627388 152.731937 1.573731e-32
h1:inflation_expectations_3y 0.9146217   0.88285296  28.790035 7.931351e-18
h1:inflation                 0.5613888   0.39818466   3.439795 6.274243e-04
h1:economic_activity         0.3085329   0.05124285   1.199164 3.072019e-01

$diagnostic_list$`Shock: profits`[[2]]
                               R-sqrd. Adj. R-sqrd.    F-stat      p-value
h2:profits                   0.8161526   0.74611547 11.653145 1.099570e-10
h2:inflation_expectations_1y 0.9706758   0.95950467 86.891501 6.292505e-27
h2:inflation_expectations_3y 0.8463884   0.78786976 14.463558 3.212199e-12
h2:inflation                 0.4298368   0.21263174  1.978945 3.904633e-02
h2:economic_activity         0.2839653   0.01119016  1.041023 4.370056e-01

$diagnostic_list$`Shock: profits`[[3]]
                               R-sqrd. Adj. R-sqrd.    F-stat      p-value
h3:profits                   0.7840977   0.69984319  9.306296 4.618165e-09
h3:inflation_expectations_1y 0.9503539   0.93097988 49.052882 1.348356e-21
h3:inflation_expectations_3y 0.7372523   0.63471665  7.190203 1.728591e-07
h3:inflation                 0.4311366   0.20914116  1.942097 4.412979e-02
h3:economic_activity         0.2965764   0.02206962  1.080397 4.028300e-01

$diagnostic_list$`Shock: profits`[[4]]
                               R-sqrd. Adj. R-sqrd.    F-stat      p-value
h4:profits                   0.6759313   0.54630386  5.214414 1.105345e-05
h4:inflation_expectations_1y 0.9261242   0.89657385 31.340572 1.249695e-17
h4:inflation_expectations_3y 0.7016249   0.58227486  5.878715 2.696546e-06
h4:inflation                 0.4696925   0.25756944  2.214246 2.115769e-02
h4:economic_activity         0.3243253   0.05405547  1.200006 3.095523e-01

$diagnostic_list$`Shock: profits`[[5]]
                               R-sqrd. Adj. R-sqrd.     F-stat      p-value
h5:profits                   0.6680578  0.531876433  4.9056466 2.489542e-05
h5:inflation_expectations_1y 0.9015860  0.861210983 22.3303100 8.912634e-15
h5:inflation_expectations_3y 0.6822181  0.551846052  5.2328553 1.217817e-05
h5:inflation                 0.4165323  0.177160916  1.7401090 7.932127e-02
h5:economic_activity         0.2861092 -0.006769139  0.9768875 4.984790e-01

$diagnostic_list$`Shock: profits`[[6]]
                               R-sqrd. Adj. R-sqrd.     F-stat      p-value
h6:profits                   0.6702975   0.53147540  4.8284638 3.351334e-05
h6:inflation_expectations_1y 0.8563683   0.79589184 14.1603508 2.293208e-11
h6:inflation_expectations_3y 0.6268326   0.46970953  3.9894364 2.295798e-04
h6:inflation                 0.4691906   0.24569184  2.0992987 3.059883e-02
h6:economic_activity         0.2835658  -0.01809066  0.9400289 5.346970e-01

$diagnostic_list$`Shock: profits`[[7]]
                               R-sqrd. Adj. R-sqrd.     F-stat      p-value
h7:profits                   0.6078216    0.4382309  3.5840510 6.679932e-04
h7:inflation_expectations_1y 0.8222012    0.7453152 10.6937753 2.059822e-09
h7:inflation_expectations_3y 0.6027892    0.4310224  3.5093458 8.024317e-04
h7:inflation                 0.5063234    0.2928416  2.3717406 1.512916e-02
h7:economic_activity         0.1615066   -0.2010851  0.4454228 9.575611e-01

$diagnostic_list$`Shock: profits`[[8]]
                               R-sqrd. Adj. R-sqrd.   F-stat      p-value
h8:profits                   0.5565954    0.3595266 2.824372 4.815562e-03
h8:inflation_expectations_1y 0.7848986    0.6892979 8.210181 9.514972e-08
h8:inflation_expectations_3y 0.5565929    0.3595231 2.824343 4.815913e-03
h8:inflation                 0.4256746    0.1704188 1.667640 1.002635e-01
h8:economic_activity         0.3178780    0.0147127 1.048530 4.342693e-01

$diagnostic_list$`Shock: profits`[[9]]
                               R-sqrd. Adj. R-sqrd.   F-stat      p-value
h9:profits                   0.5286498  0.313175353 2.453423 1.316999e-02
h9:inflation_expectations_1y 0.7126023  0.581220503 5.423904 1.493737e-05
h9:inflation_expectations_3y 0.3931165  0.115684101 1.416981 1.901442e-01
h9:inflation                 0.3070433 -0.009736888 0.969263 5.075494e-01
h9:economic_activity         0.2851076 -0.041700354 0.872401 6.027386e-01

$diagnostic_list$`Shock: profits`[[10]]
                                R-sqrd. Adj. R-sqrd.    F-stat     p-value
h10:profits                   0.4825017  0.238973054 1.9812935 0.046311166
h10:inflation_expectations_1y 0.6533916  0.490281713 4.0058375 0.000329748
h10:inflation_expectations_3y 0.3719903  0.076456327 1.2587057 0.277729130
h10:inflation                 0.2849820 -0.051497083 0.8469531 0.628399033
h10:economic_activity         0.3236789  0.005410176 1.0169988 0.463863646

$diagnostic_list$`Shock: profits`[[11]]
                                R-sqrd. Adj. R-sqrd.    F-stat     p-value
h11:profits                   0.4244963   0.14546425 1.5213173 0.150550613
h11:inflation_expectations_1y 0.6256249   0.44410970 3.4466805 0.001290931
h11:inflation_expectations_3y 0.3555347   0.04306667 1.1378274 0.363638114
h11:inflation                 0.2397726  -0.12882250 0.6505040 0.818701849
h11:economic_activity         0.2727925  -0.07979293 0.7736919 0.701873329

$diagnostic_list$`Shock: profits`[[12]]
                                R-sqrd. Adj. R-sqrd.    F-stat     p-value
h12:profits                   0.3819316   0.07289740 1.2358878 0.295459540
h12:inflation_expectations_1y 0.5678313   0.35174695 2.6278224 0.009752607
h12:inflation_expectations_3y 0.4044746   0.10671183 1.3583788 0.223978207
h12:inflation                 0.2114734  -0.18278984 0.5363762 0.906312042
h12:economic_activity         0.3455717   0.01835751 1.0561024 0.431140546


$diagnostic_list$`Shock: inflation_expectations_1y`
$diagnostic_list$`Shock: inflation_expectations_1y`[[1]]
                               R-sqrd. Adj. R-sqrd.     F-stat      p-value
h1:profits                   0.8664787   0.81679631  17.440369 8.293485e-14
h1:inflation_expectations_1y 0.9827081   0.97627388 152.731937 1.573731e-32
h1:inflation_expectations_3y 0.9146217   0.88285296  28.790035 7.931351e-18
h1:inflation                 0.5613888   0.39818466   3.439795 6.274243e-04
h1:economic_activity         0.3085329   0.05124285   1.199164 3.072019e-01

$diagnostic_list$`Shock: inflation_expectations_1y`[[2]]
                               R-sqrd. Adj. R-sqrd.    F-stat      p-value
h2:profits                   0.8161526   0.74611547 11.653145 1.099570e-10
h2:inflation_expectations_1y 0.9706758   0.95950467 86.891501 6.292505e-27
h2:inflation_expectations_3y 0.8463884   0.78786976 14.463558 3.212199e-12
h2:inflation                 0.4298368   0.21263174  1.978945 3.904633e-02
h2:economic_activity         0.2839653   0.01119016  1.041023 4.370056e-01

$diagnostic_list$`Shock: inflation_expectations_1y`[[3]]
                               R-sqrd. Adj. R-sqrd.    F-stat      p-value
h3:profits                   0.7840977   0.69984319  9.306296 4.618165e-09
h3:inflation_expectations_1y 0.9503539   0.93097988 49.052882 1.348356e-21
h3:inflation_expectations_3y 0.7372523   0.63471665  7.190203 1.728591e-07
h3:inflation                 0.4311366   0.20914116  1.942097 4.412979e-02
h3:economic_activity         0.2965764   0.02206962  1.080397 4.028300e-01

$diagnostic_list$`Shock: inflation_expectations_1y`[[4]]
                               R-sqrd. Adj. R-sqrd.    F-stat      p-value
h4:profits                   0.6759313   0.54630386  5.214414 1.105345e-05
h4:inflation_expectations_1y 0.9261242   0.89657385 31.340572 1.249695e-17
h4:inflation_expectations_3y 0.7016249   0.58227486  5.878715 2.696546e-06
h4:inflation                 0.4696925   0.25756944  2.214246 2.115769e-02
h4:economic_activity         0.3243253   0.05405547  1.200006 3.095523e-01

$diagnostic_list$`Shock: inflation_expectations_1y`[[5]]
                               R-sqrd. Adj. R-sqrd.     F-stat      p-value
h5:profits                   0.6680578  0.531876433  4.9056466 2.489542e-05
h5:inflation_expectations_1y 0.9015860  0.861210983 22.3303100 8.912634e-15
h5:inflation_expectations_3y 0.6822181  0.551846052  5.2328553 1.217817e-05
h5:inflation                 0.4165323  0.177160916  1.7401090 7.932127e-02
h5:economic_activity         0.2861092 -0.006769139  0.9768875 4.984790e-01

$diagnostic_list$`Shock: inflation_expectations_1y`[[6]]
                               R-sqrd. Adj. R-sqrd.     F-stat      p-value
h6:profits                   0.6702975   0.53147540  4.8284638 3.351334e-05
h6:inflation_expectations_1y 0.8563683   0.79589184 14.1603508 2.293208e-11
h6:inflation_expectations_3y 0.6268326   0.46970953  3.9894364 2.295798e-04
h6:inflation                 0.4691906   0.24569184  2.0992987 3.059883e-02
h6:economic_activity         0.2835658  -0.01809066  0.9400289 5.346970e-01

$diagnostic_list$`Shock: inflation_expectations_1y`[[7]]
                               R-sqrd. Adj. R-sqrd.     F-stat      p-value
h7:profits                   0.6078216    0.4382309  3.5840510 6.679932e-04
h7:inflation_expectations_1y 0.8222012    0.7453152 10.6937753 2.059822e-09
h7:inflation_expectations_3y 0.6027892    0.4310224  3.5093458 8.024317e-04
h7:inflation                 0.5063234    0.2928416  2.3717406 1.512916e-02
h7:economic_activity         0.1615066   -0.2010851  0.4454228 9.575611e-01

$diagnostic_list$`Shock: inflation_expectations_1y`[[8]]
                               R-sqrd. Adj. R-sqrd.   F-stat      p-value
h8:profits                   0.5565954    0.3595266 2.824372 4.815562e-03
h8:inflation_expectations_1y 0.7848986    0.6892979 8.210181 9.514972e-08
h8:inflation_expectations_3y 0.5565929    0.3595231 2.824343 4.815913e-03
h8:inflation                 0.4256746    0.1704188 1.667640 1.002635e-01
h8:economic_activity         0.3178780    0.0147127 1.048530 4.342693e-01

$diagnostic_list$`Shock: inflation_expectations_1y`[[9]]
                               R-sqrd. Adj. R-sqrd.   F-stat      p-value
h9:profits                   0.5286498  0.313175353 2.453423 1.316999e-02
h9:inflation_expectations_1y 0.7126023  0.581220503 5.423904 1.493737e-05
h9:inflation_expectations_3y 0.3931165  0.115684101 1.416981 1.901442e-01
h9:inflation                 0.3070433 -0.009736888 0.969263 5.075494e-01
h9:economic_activity         0.2851076 -0.041700354 0.872401 6.027386e-01

$diagnostic_list$`Shock: inflation_expectations_1y`[[10]]
                                R-sqrd. Adj. R-sqrd.    F-stat     p-value
h10:profits                   0.4825017  0.238973054 1.9812935 0.046311166
h10:inflation_expectations_1y 0.6533916  0.490281713 4.0058375 0.000329748
h10:inflation_expectations_3y 0.3719903  0.076456327 1.2587057 0.277729130
h10:inflation                 0.2849820 -0.051497083 0.8469531 0.628399033
h10:economic_activity         0.3236789  0.005410176 1.0169988 0.463863646

$diagnostic_list$`Shock: inflation_expectations_1y`[[11]]
                                R-sqrd. Adj. R-sqrd.    F-stat     p-value
h11:profits                   0.4244963   0.14546425 1.5213173 0.150550613
h11:inflation_expectations_1y 0.6256249   0.44410970 3.4466805 0.001290931
h11:inflation_expectations_3y 0.3555347   0.04306667 1.1378274 0.363638114
h11:inflation                 0.2397726  -0.12882250 0.6505040 0.818701849
h11:economic_activity         0.2727925  -0.07979293 0.7736919 0.701873329

$diagnostic_list$`Shock: inflation_expectations_1y`[[12]]
                                R-sqrd. Adj. R-sqrd.    F-stat     p-value
h12:profits                   0.3819316   0.07289740 1.2358878 0.295459540
h12:inflation_expectations_1y 0.5678313   0.35174695 2.6278224 0.009752607
h12:inflation_expectations_3y 0.4044746   0.10671183 1.3583788 0.223978207
h12:inflation                 0.2114734  -0.18278984 0.5363762 0.906312042
h12:economic_activity         0.3455717   0.01835751 1.0561024 0.431140546


$diagnostic_list$`Shock: inflation_expectations_3y`
$diagnostic_list$`Shock: inflation_expectations_3y`[[1]]
                               R-sqrd. Adj. R-sqrd.     F-stat      p-value
h1:profits                   0.8664787   0.81679631  17.440369 8.293485e-14
h1:inflation_expectations_1y 0.9827081   0.97627388 152.731937 1.573731e-32
h1:inflation_expectations_3y 0.9146217   0.88285296  28.790035 7.931351e-18
h1:inflation                 0.5613888   0.39818466   3.439795 6.274243e-04
h1:economic_activity         0.3085329   0.05124285   1.199164 3.072019e-01

$diagnostic_list$`Shock: inflation_expectations_3y`[[2]]
                               R-sqrd. Adj. R-sqrd.    F-stat      p-value
h2:profits                   0.8161526   0.74611547 11.653145 1.099570e-10
h2:inflation_expectations_1y 0.9706758   0.95950467 86.891501 6.292505e-27
h2:inflation_expectations_3y 0.8463884   0.78786976 14.463558 3.212199e-12
h2:inflation                 0.4298368   0.21263174  1.978945 3.904633e-02
h2:economic_activity         0.2839653   0.01119016  1.041023 4.370056e-01

$diagnostic_list$`Shock: inflation_expectations_3y`[[3]]
                               R-sqrd. Adj. R-sqrd.    F-stat      p-value
h3:profits                   0.7840977   0.69984319  9.306296 4.618165e-09
h3:inflation_expectations_1y 0.9503539   0.93097988 49.052882 1.348356e-21
h3:inflation_expectations_3y 0.7372523   0.63471665  7.190203 1.728591e-07
h3:inflation                 0.4311366   0.20914116  1.942097 4.412979e-02
h3:economic_activity         0.2965764   0.02206962  1.080397 4.028300e-01

$diagnostic_list$`Shock: inflation_expectations_3y`[[4]]
                               R-sqrd. Adj. R-sqrd.    F-stat      p-value
h4:profits                   0.6759313   0.54630386  5.214414 1.105345e-05
h4:inflation_expectations_1y 0.9261242   0.89657385 31.340572 1.249695e-17
h4:inflation_expectations_3y 0.7016249   0.58227486  5.878715 2.696546e-06
h4:inflation                 0.4696925   0.25756944  2.214246 2.115769e-02
h4:economic_activity         0.3243253   0.05405547  1.200006 3.095523e-01

$diagnostic_list$`Shock: inflation_expectations_3y`[[5]]
                               R-sqrd. Adj. R-sqrd.     F-stat      p-value
h5:profits                   0.6680578  0.531876433  4.9056466 2.489542e-05
h5:inflation_expectations_1y 0.9015860  0.861210983 22.3303100 8.912634e-15
h5:inflation_expectations_3y 0.6822181  0.551846052  5.2328553 1.217817e-05
h5:inflation                 0.4165323  0.177160916  1.7401090 7.932127e-02
h5:economic_activity         0.2861092 -0.006769139  0.9768875 4.984790e-01

$diagnostic_list$`Shock: inflation_expectations_3y`[[6]]
                               R-sqrd. Adj. R-sqrd.     F-stat      p-value
h6:profits                   0.6702975   0.53147540  4.8284638 3.351334e-05
h6:inflation_expectations_1y 0.8563683   0.79589184 14.1603508 2.293208e-11
h6:inflation_expectations_3y 0.6268326   0.46970953  3.9894364 2.295798e-04
h6:inflation                 0.4691906   0.24569184  2.0992987 3.059883e-02
h6:economic_activity         0.2835658  -0.01809066  0.9400289 5.346970e-01

$diagnostic_list$`Shock: inflation_expectations_3y`[[7]]
                               R-sqrd. Adj. R-sqrd.     F-stat      p-value
h7:profits                   0.6078216    0.4382309  3.5840510 6.679932e-04
h7:inflation_expectations_1y 0.8222012    0.7453152 10.6937753 2.059822e-09
h7:inflation_expectations_3y 0.6027892    0.4310224  3.5093458 8.024317e-04
h7:inflation                 0.5063234    0.2928416  2.3717406 1.512916e-02
h7:economic_activity         0.1615066   -0.2010851  0.4454228 9.575611e-01

$diagnostic_list$`Shock: inflation_expectations_3y`[[8]]
                               R-sqrd. Adj. R-sqrd.   F-stat      p-value
h8:profits                   0.5565954    0.3595266 2.824372 4.815562e-03
h8:inflation_expectations_1y 0.7848986    0.6892979 8.210181 9.514972e-08
h8:inflation_expectations_3y 0.5565929    0.3595231 2.824343 4.815913e-03
h8:inflation                 0.4256746    0.1704188 1.667640 1.002635e-01
h8:economic_activity         0.3178780    0.0147127 1.048530 4.342693e-01

$diagnostic_list$`Shock: inflation_expectations_3y`[[9]]
                               R-sqrd. Adj. R-sqrd.   F-stat      p-value
h9:profits                   0.5286498  0.313175353 2.453423 1.316999e-02
h9:inflation_expectations_1y 0.7126023  0.581220503 5.423904 1.493737e-05
h9:inflation_expectations_3y 0.3931165  0.115684101 1.416981 1.901442e-01
h9:inflation                 0.3070433 -0.009736888 0.969263 5.075494e-01
h9:economic_activity         0.2851076 -0.041700354 0.872401 6.027386e-01

$diagnostic_list$`Shock: inflation_expectations_3y`[[10]]
                                R-sqrd. Adj. R-sqrd.    F-stat     p-value
h10:profits                   0.4825017  0.238973054 1.9812935 0.046311166
h10:inflation_expectations_1y 0.6533916  0.490281713 4.0058375 0.000329748
h10:inflation_expectations_3y 0.3719903  0.076456327 1.2587057 0.277729130
h10:inflation                 0.2849820 -0.051497083 0.8469531 0.628399033
h10:economic_activity         0.3236789  0.005410176 1.0169988 0.463863646

$diagnostic_list$`Shock: inflation_expectations_3y`[[11]]
                                R-sqrd. Adj. R-sqrd.    F-stat     p-value
h11:profits                   0.4244963   0.14546425 1.5213173 0.150550613
h11:inflation_expectations_1y 0.6256249   0.44410970 3.4466805 0.001290931
h11:inflation_expectations_3y 0.3555347   0.04306667 1.1378274 0.363638114
h11:inflation                 0.2397726  -0.12882250 0.6505040 0.818701849
h11:economic_activity         0.2727925  -0.07979293 0.7736919 0.701873329

$diagnostic_list$`Shock: inflation_expectations_3y`[[12]]
                                R-sqrd. Adj. R-sqrd.    F-stat     p-value
h12:profits                   0.3819316   0.07289740 1.2358878 0.295459540
h12:inflation_expectations_1y 0.5678313   0.35174695 2.6278224 0.009752607
h12:inflation_expectations_3y 0.4044746   0.10671183 1.3583788 0.223978207
h12:inflation                 0.2114734  -0.18278984 0.5363762 0.906312042
h12:economic_activity         0.3455717   0.01835751 1.0561024 0.431140546


$diagnostic_list$`Shock: inflation`
$diagnostic_list$`Shock: inflation`[[1]]
                               R-sqrd. Adj. R-sqrd.     F-stat      p-value
h1:profits                   0.8664787   0.81679631  17.440369 8.293485e-14
h1:inflation_expectations_1y 0.9827081   0.97627388 152.731937 1.573731e-32
h1:inflation_expectations_3y 0.9146217   0.88285296  28.790035 7.931351e-18
h1:inflation                 0.5613888   0.39818466   3.439795 6.274243e-04
h1:economic_activity         0.3085329   0.05124285   1.199164 3.072019e-01

$diagnostic_list$`Shock: inflation`[[2]]
                               R-sqrd. Adj. R-sqrd.    F-stat      p-value
h2:profits                   0.8161526   0.74611547 11.653145 1.099570e-10
h2:inflation_expectations_1y 0.9706758   0.95950467 86.891501 6.292505e-27
h2:inflation_expectations_3y 0.8463884   0.78786976 14.463558 3.212199e-12
h2:inflation                 0.4298368   0.21263174  1.978945 3.904633e-02
h2:economic_activity         0.2839653   0.01119016  1.041023 4.370056e-01

$diagnostic_list$`Shock: inflation`[[3]]
                               R-sqrd. Adj. R-sqrd.    F-stat      p-value
h3:profits                   0.7840977   0.69984319  9.306296 4.618165e-09
h3:inflation_expectations_1y 0.9503539   0.93097988 49.052882 1.348356e-21
h3:inflation_expectations_3y 0.7372523   0.63471665  7.190203 1.728591e-07
h3:inflation                 0.4311366   0.20914116  1.942097 4.412979e-02
h3:economic_activity         0.2965764   0.02206962  1.080397 4.028300e-01

$diagnostic_list$`Shock: inflation`[[4]]
                               R-sqrd. Adj. R-sqrd.    F-stat      p-value
h4:profits                   0.6759313   0.54630386  5.214414 1.105345e-05
h4:inflation_expectations_1y 0.9261242   0.89657385 31.340572 1.249695e-17
h4:inflation_expectations_3y 0.7016249   0.58227486  5.878715 2.696546e-06
h4:inflation                 0.4696925   0.25756944  2.214246 2.115769e-02
h4:economic_activity         0.3243253   0.05405547  1.200006 3.095523e-01

$diagnostic_list$`Shock: inflation`[[5]]
                               R-sqrd. Adj. R-sqrd.     F-stat      p-value
h5:profits                   0.6680578  0.531876433  4.9056466 2.489542e-05
h5:inflation_expectations_1y 0.9015860  0.861210983 22.3303100 8.912634e-15
h5:inflation_expectations_3y 0.6822181  0.551846052  5.2328553 1.217817e-05
h5:inflation                 0.4165323  0.177160916  1.7401090 7.932127e-02
h5:economic_activity         0.2861092 -0.006769139  0.9768875 4.984790e-01

$diagnostic_list$`Shock: inflation`[[6]]
                               R-sqrd. Adj. R-sqrd.     F-stat      p-value
h6:profits                   0.6702975   0.53147540  4.8284638 3.351334e-05
h6:inflation_expectations_1y 0.8563683   0.79589184 14.1603508 2.293208e-11
h6:inflation_expectations_3y 0.6268326   0.46970953  3.9894364 2.295798e-04
h6:inflation                 0.4691906   0.24569184  2.0992987 3.059883e-02
h6:economic_activity         0.2835658  -0.01809066  0.9400289 5.346970e-01

$diagnostic_list$`Shock: inflation`[[7]]
                               R-sqrd. Adj. R-sqrd.     F-stat      p-value
h7:profits                   0.6078216    0.4382309  3.5840510 6.679932e-04
h7:inflation_expectations_1y 0.8222012    0.7453152 10.6937753 2.059822e-09
h7:inflation_expectations_3y 0.6027892    0.4310224  3.5093458 8.024317e-04
h7:inflation                 0.5063234    0.2928416  2.3717406 1.512916e-02
h7:economic_activity         0.1615066   -0.2010851  0.4454228 9.575611e-01

$diagnostic_list$`Shock: inflation`[[8]]
                               R-sqrd. Adj. R-sqrd.   F-stat      p-value
h8:profits                   0.5565954    0.3595266 2.824372 4.815562e-03
h8:inflation_expectations_1y 0.7848986    0.6892979 8.210181 9.514972e-08
h8:inflation_expectations_3y 0.5565929    0.3595231 2.824343 4.815913e-03
h8:inflation                 0.4256746    0.1704188 1.667640 1.002635e-01
h8:economic_activity         0.3178780    0.0147127 1.048530 4.342693e-01

$diagnostic_list$`Shock: inflation`[[9]]
                               R-sqrd. Adj. R-sqrd.   F-stat      p-value
h9:profits                   0.5286498  0.313175353 2.453423 1.316999e-02
h9:inflation_expectations_1y 0.7126023  0.581220503 5.423904 1.493737e-05
h9:inflation_expectations_3y 0.3931165  0.115684101 1.416981 1.901442e-01
h9:inflation                 0.3070433 -0.009736888 0.969263 5.075494e-01
h9:economic_activity         0.2851076 -0.041700354 0.872401 6.027386e-01

$diagnostic_list$`Shock: inflation`[[10]]
                                R-sqrd. Adj. R-sqrd.    F-stat     p-value
h10:profits                   0.4825017  0.238973054 1.9812935 0.046311166
h10:inflation_expectations_1y 0.6533916  0.490281713 4.0058375 0.000329748
h10:inflation_expectations_3y 0.3719903  0.076456327 1.2587057 0.277729130
h10:inflation                 0.2849820 -0.051497083 0.8469531 0.628399033
h10:economic_activity         0.3236789  0.005410176 1.0169988 0.463863646

$diagnostic_list$`Shock: inflation`[[11]]
                                R-sqrd. Adj. R-sqrd.    F-stat     p-value
h11:profits                   0.4244963   0.14546425 1.5213173 0.150550613
h11:inflation_expectations_1y 0.6256249   0.44410970 3.4466805 0.001290931
h11:inflation_expectations_3y 0.3555347   0.04306667 1.1378274 0.363638114
h11:inflation                 0.2397726  -0.12882250 0.6505040 0.818701849
h11:economic_activity         0.2727925  -0.07979293 0.7736919 0.701873329

$diagnostic_list$`Shock: inflation`[[12]]
                                R-sqrd. Adj. R-sqrd.    F-stat     p-value
h12:profits                   0.3819316   0.07289740 1.2358878 0.295459540
h12:inflation_expectations_1y 0.5678313   0.35174695 2.6278224 0.009752607
h12:inflation_expectations_3y 0.4044746   0.10671183 1.3583788 0.223978207
h12:inflation                 0.2114734  -0.18278984 0.5363762 0.906312042
h12:economic_activity         0.3455717   0.01835751 1.0561024 0.431140546


$diagnostic_list$`Shock: economic_activity`
$diagnostic_list$`Shock: economic_activity`[[1]]
                               R-sqrd. Adj. R-sqrd.     F-stat      p-value
h1:profits                   0.8664787   0.81679631  17.440369 8.293485e-14
h1:inflation_expectations_1y 0.9827081   0.97627388 152.731937 1.573731e-32
h1:inflation_expectations_3y 0.9146217   0.88285296  28.790035 7.931351e-18
h1:inflation                 0.5613888   0.39818466   3.439795 6.274243e-04
h1:economic_activity         0.3085329   0.05124285   1.199164 3.072019e-01

$diagnostic_list$`Shock: economic_activity`[[2]]
                               R-sqrd. Adj. R-sqrd.    F-stat      p-value
h2:profits                   0.8161526   0.74611547 11.653145 1.099570e-10
h2:inflation_expectations_1y 0.9706758   0.95950467 86.891501 6.292505e-27
h2:inflation_expectations_3y 0.8463884   0.78786976 14.463558 3.212199e-12
h2:inflation                 0.4298368   0.21263174  1.978945 3.904633e-02
h2:economic_activity         0.2839653   0.01119016  1.041023 4.370056e-01

$diagnostic_list$`Shock: economic_activity`[[3]]
                               R-sqrd. Adj. R-sqrd.    F-stat      p-value
h3:profits                   0.7840977   0.69984319  9.306296 4.618165e-09
h3:inflation_expectations_1y 0.9503539   0.93097988 49.052882 1.348356e-21
h3:inflation_expectations_3y 0.7372523   0.63471665  7.190203 1.728591e-07
h3:inflation                 0.4311366   0.20914116  1.942097 4.412979e-02
h3:economic_activity         0.2965764   0.02206962  1.080397 4.028300e-01

$diagnostic_list$`Shock: economic_activity`[[4]]
                               R-sqrd. Adj. R-sqrd.    F-stat      p-value
h4:profits                   0.6759313   0.54630386  5.214414 1.105345e-05
h4:inflation_expectations_1y 0.9261242   0.89657385 31.340572 1.249695e-17
h4:inflation_expectations_3y 0.7016249   0.58227486  5.878715 2.696546e-06
h4:inflation                 0.4696925   0.25756944  2.214246 2.115769e-02
h4:economic_activity         0.3243253   0.05405547  1.200006 3.095523e-01

$diagnostic_list$`Shock: economic_activity`[[5]]
                               R-sqrd. Adj. R-sqrd.     F-stat      p-value
h5:profits                   0.6680578  0.531876433  4.9056466 2.489542e-05
h5:inflation_expectations_1y 0.9015860  0.861210983 22.3303100 8.912634e-15
h5:inflation_expectations_3y 0.6822181  0.551846052  5.2328553 1.217817e-05
h5:inflation                 0.4165323  0.177160916  1.7401090 7.932127e-02
h5:economic_activity         0.2861092 -0.006769139  0.9768875 4.984790e-01

$diagnostic_list$`Shock: economic_activity`[[6]]
                               R-sqrd. Adj. R-sqrd.     F-stat      p-value
h6:profits                   0.6702975   0.53147540  4.8284638 3.351334e-05
h6:inflation_expectations_1y 0.8563683   0.79589184 14.1603508 2.293208e-11
h6:inflation_expectations_3y 0.6268326   0.46970953  3.9894364 2.295798e-04
h6:inflation                 0.4691906   0.24569184  2.0992987 3.059883e-02
h6:economic_activity         0.2835658  -0.01809066  0.9400289 5.346970e-01

$diagnostic_list$`Shock: economic_activity`[[7]]
                               R-sqrd. Adj. R-sqrd.     F-stat      p-value
h7:profits                   0.6078216    0.4382309  3.5840510 6.679932e-04
h7:inflation_expectations_1y 0.8222012    0.7453152 10.6937753 2.059822e-09
h7:inflation_expectations_3y 0.6027892    0.4310224  3.5093458 8.024317e-04
h7:inflation                 0.5063234    0.2928416  2.3717406 1.512916e-02
h7:economic_activity         0.1615066   -0.2010851  0.4454228 9.575611e-01

$diagnostic_list$`Shock: economic_activity`[[8]]
                               R-sqrd. Adj. R-sqrd.   F-stat      p-value
h8:profits                   0.5565954    0.3595266 2.824372 4.815562e-03
h8:inflation_expectations_1y 0.7848986    0.6892979 8.210181 9.514972e-08
h8:inflation_expectations_3y 0.5565929    0.3595231 2.824343 4.815913e-03
h8:inflation                 0.4256746    0.1704188 1.667640 1.002635e-01
h8:economic_activity         0.3178780    0.0147127 1.048530 4.342693e-01

$diagnostic_list$`Shock: economic_activity`[[9]]
                               R-sqrd. Adj. R-sqrd.   F-stat      p-value
h9:profits                   0.5286498  0.313175353 2.453423 1.316999e-02
h9:inflation_expectations_1y 0.7126023  0.581220503 5.423904 1.493737e-05
h9:inflation_expectations_3y 0.3931165  0.115684101 1.416981 1.901442e-01
h9:inflation                 0.3070433 -0.009736888 0.969263 5.075494e-01
h9:economic_activity         0.2851076 -0.041700354 0.872401 6.027386e-01

$diagnostic_list$`Shock: economic_activity`[[10]]
                                R-sqrd. Adj. R-sqrd.    F-stat     p-value
h10:profits                   0.4825017  0.238973054 1.9812935 0.046311166
h10:inflation_expectations_1y 0.6533916  0.490281713 4.0058375 0.000329748
h10:inflation_expectations_3y 0.3719903  0.076456327 1.2587057 0.277729130
h10:inflation                 0.2849820 -0.051497083 0.8469531 0.628399033
h10:economic_activity         0.3236789  0.005410176 1.0169988 0.463863646

$diagnostic_list$`Shock: economic_activity`[[11]]
                                R-sqrd. Adj. R-sqrd.    F-stat     p-value
h11:profits                   0.4244963   0.14546425 1.5213173 0.150550613
h11:inflation_expectations_1y 0.6256249   0.44410970 3.4466805 0.001290931
h11:inflation_expectations_3y 0.3555347   0.04306667 1.1378274 0.363638114
h11:inflation                 0.2397726  -0.12882250 0.6505040 0.818701849
h11:economic_activity         0.2727925  -0.07979293 0.7736919 0.701873329

$diagnostic_list$`Shock: economic_activity`[[12]]
                                R-sqrd. Adj. R-sqrd.    F-stat     p-value
h12:profits                   0.3819316   0.07289740 1.2358878 0.295459540
h12:inflation_expectations_1y 0.5678313   0.35174695 2.6278224 0.009752607
h12:inflation_expectations_3y 0.4044746   0.10671183 1.3583788 0.223978207
h12:inflation                 0.2114734  -0.18278984 0.5363762 0.906312042
h12:economic_activity         0.3455717   0.01835751 1.0561024 0.431140546



$specs
$specs$lags_endog_lin
SC(n) 
    1 

$specs$lags_criterion
[1] NaN

$specs$max_lags
[1] NaN

$specs$trend
[1] 0

$specs$shock_type
[1] 0

$specs$confint
[1] 1.65

$specs$hor
[1] 12

$specs$use_nw
[1] TRUE

$specs$nw_prewhite
[1] FALSE

$specs$adjust_se
[1] FALSE

$specs$use_twosls
[1] FALSE

$specs$contemp_data
$specs$contemp_data$dummy
 [1] 0 0 0 0 0 0 0 0 0 0 0 0 0 0 0 0 0 0 0 0 0 0 0 0 0 0 1 1 1 1 0 1 0 1 0 0 0 0 0 0 0 0 0 0 0 0 0 0 0 0 0 0 0 0 0 0 0 0 0 0
[61] 0

$specs$contemp_data$Jan
 [1] 0 0 0 0 0 0 0 0 0 0 0 1 0 0 0 0 0 0 0 0 0 0 0 1 0 0 0 0 0 0 0 0 0 0 0 1 0 0 0 0 0 0 0 0 0 0 0 1 0 0 0 0 0 0 0 0 0 0 0 1
[61] 0

$specs$contemp_data$Feb
 [1] 1 0 0 0 0 0 0 0 0 0 0 0 1 0 0 0 0 0 0 0 0 0 0 0 1 0 0 0 0 0 0 0 0 0 0 0 1 0 0 0 0 0 0 0 0 0 0 0 1 0 0 0 0 0 0 0 0 0 0 0
[61] 1

$specs$contemp_data$Mar
 [1] 0 1 0 0 0 0 0 0 0 0 0 0 0 1 0 0 0 0 0 0 0 0 0 0 0 1 0 0 0 0 0 0 0 0 0 0 0 1 0 0 0 0 0 0 0 0 0 0 0 1 0 0 0 0 0 0 0 0 0 0
[61] 0

$specs$contemp_data$Apr
 [1] 0 0 1 0 0 0 0 0 0 0 0 0 0 0 1 0 0 0 0 0 0 0 0 0 0 0 1 0 0 0 0 0 0 0 0 0 0 0 1 0 0 0 0 0 0 0 0 0 0 0 1 0 0 0 0 0 0 0 0 0
[61] 0

$specs$contemp_data$May
 [1] 0 0 0 1 0 0 0 0 0 0 0 0 0 0 0 1 0 0 0 0 0 0 0 0 0 0 0 1 0 0 0 0 0 0 0 0 0 0 0 1 0 0 0 0 0 0 0 0 0 0 0 1 0 0 0 0 0 0 0 0
[61] 0

$specs$contemp_data$Jun
 [1] 0 0 0 0 1 0 0 0 0 0 0 0 0 0 0 0 1 0 0 0 0 0 0 0 0 0 0 0 1 0 0 0 0 0 0 0 0 0 0 0 1 0 0 0 0 0 0 0 0 0 0 0 1 0 0 0 0 0 0 0
[61] 0

$specs$contemp_data$Jul
 [1] 0 0 0 0 0 1 0 0 0 0 0 0 0 0 0 0 0 1 0 0 0 0 0 0 0 0 0 0 0 1 0 0 0 0 0 0 0 0 0 0 0 1 0 0 0 0 0 0 0 0 0 0 0 1 0 0 0 0 0 0
[61] 0

$specs$contemp_data$Aug
 [1] 0 0 0 0 0 0 1 0 0 0 0 0 0 0 0 0 0 0 1 0 0 0 0 0 0 0 0 0 0 0 1 0 0 0 0 0 0 0 0 0 0 0 1 0 0 0 0 0 0 0 0 0 0 0 1 0 0 0 0 0
[61] 0

$specs$contemp_data$Sep
 [1] 0 0 0 0 0 0 0 1 0 0 0 0 0 0 0 0 0 0 0 1 0 0 0 0 0 0 0 0 0 0 0 1 0 0 0 0 0 0 0 0 0 0 0 1 0 0 0 0 0 0 0 0 0 0 0 1 0 0 0 0
[61] 0

$specs$contemp_data$Oct
 [1] 0 0 0 0 0 0 0 0 1 0 0 0 0 0 0 0 0 0 0 0 1 0 0 0 0 0 0 0 0 0 0 0 1 0 0 0 0 0 0 0 0 0 0 0 1 0 0 0 0 0 0 0 0 0 0 0 1 0 0 0
[61] 0


$specs$model_type
[1] 0

$specs$starts
[1] 1

$specs$ends
[1] 61

$specs$column_names
[1] "profits"                   "inflation_expectations_1y" "inflation_expectations_3y" "inflation"                
[5] "economic_activity"        

$specs$endog
[1] 5

$specs$y_lin
        profits inflation_expectations_1y inflation_expectations_3y    inflation economic_activity
2  -0.005144681                  2.831908                  2.884280  0.032745451        0.02976223
3  -0.006331579                  2.752288                  2.908013  0.002310570        0.03672057
4  -0.012296949                  2.980844                  2.969947  0.031662657        0.02660601
5  -0.012229406                  2.980844                  2.961960  0.027403122        0.04356130
6  -0.013007309                  2.980844                  3.000000  0.010862582        0.01757053
7  -0.008424896                  2.982717                  2.883912  0.009406502        0.03236078
8  -0.011389432                  3.000000                  3.000000  0.021640425        0.02930438
9  -0.022314565                  2.995079                  3.000000  0.025003951        0.02923299
10 -0.014683147                  3.000000                  3.000000  0.028405410        0.02229492
11 -0.031598924                  2.969947                  2.883912 -0.008420605        0.02323041
12 -0.032734600                  3.000000                  2.980844  0.008246918        0.01734758
13 -0.022564183                  2.969947                  2.969947 -0.002323999        0.03391158
14 -0.031756961                  2.793575                  2.768439  0.029025084        0.02600387
15 -0.026742129                  2.816437                  2.864411  0.042416785        0.02691934
16 -0.018330422                  2.598124                  2.693518  0.048586660        0.03757401
17 -0.038852162                  2.453082                  2.593332  0.003720327        0.02002637
18 -0.025958485                  2.670152                  2.662437 -0.006141925        0.02480201
19 -0.042164895                  2.590599                  2.579365  0.024993882        0.02186920
20 -0.055061135                  2.414448                  2.501432  0.017681720        0.02278745
21 -0.034209726                  2.483634                  2.374794  0.021370449        0.03620964
22 -0.048805906                  2.330186                  2.378875  0.034784574        0.01981848
23 -0.046764977                  2.347553                  2.521351  0.026361361        0.02549842
24 -0.028017583                  2.527644                  2.537525  0.038444527        0.02259084
25 -0.033616086                  2.495654                  2.537525  0.019694440        0.03781474
26 -0.032550427                  2.537525                  2.588670  0.009814561        0.03578346
27 -0.040685396                  2.537525                  2.399339 -0.050912346       -0.07956922
28 -0.064723144                  2.623311                  2.623311 -0.090824177       -0.77070172
29 -0.055418255                  3.000000                  2.610335 -0.010450429        0.21339722
30 -0.043117271                  2.681402                  2.473736  0.053592068        0.21330076
31 -0.042682650                  2.887446                  2.731703  0.061866907        0.02971606
32 -0.026654169                  3.000000                  2.980844  0.053808986        0.15791953
33 -0.030371564                  2.980844                  2.742111  0.028930510        0.07717705
34 -0.012502070                  2.836102                  2.702108  0.011918979        0.10115859
35 -0.022907914                  2.962508                  2.819740  0.024543630        0.04507153
36 -0.010325196                  3.000000                  2.980844  0.057557700        0.01677041
37 -0.001792617                  3.046669                  3.028186  0.028496735        0.06736316
38  0.008600079                  3.090884                  3.000000  0.045997380        0.05066022
39  0.007798854                  3.244256                  3.092952  0.059503194        0.06160136
40  0.035516205                  3.360180                  3.098045  0.082225516        0.03720211
41  0.020126261                  4.000000                  3.569710  0.082531234        0.06412900
42  0.017940392                  4.801745                  3.546918  0.098347464        0.05475905
43  0.038575845                  4.842451                  3.711669  0.054649100        0.08879717
44  0.044205708                  5.179827                  3.999662  0.049840953        0.06602323
45  0.042807117                  5.310169                  4.193985  0.052018077        0.07861505
46  0.058291128                  5.653467                  4.211177  0.114305741        0.06819482
47  0.032589524                  6.000000                  4.011200  0.098833469        0.06879133
48  0.023694851                  5.990274                  4.000000  0.097421769        0.06937609
49  0.040107045                  5.788440                  3.477248  0.075404740        0.03542764
50  0.067549449                  6.000000                  3.774801  0.088488916        0.07849205
51  0.042202235                  6.583898                  3.674923  0.126900569        0.05112829
52  0.056887676                  6.345438                  3.902376  0.048497289        0.04431433
53  0.035736896                  6.576015                  3.879077  0.115684054        0.03389257
54  0.011339404                  6.775855                  3.618484  0.151285219        0.03843642
55  0.014839406                  6.223626                  3.182451 -0.004064650        0.05041760
56  0.006112418                  5.745714                  2.755268  0.028517738        0.02896168
57  0.004355206                  5.440794                  2.909971  0.050566174        0.04915587
58  0.003366904                  5.944291                  3.110663  0.060045147        0.03059615
59  0.014571000                  5.228549                  2.997374  0.024858721        0.04330825
60 -0.001880200                  4.993469                  2.992784  0.015857387        0.03585464
61 -0.004095258                  4.954980                  2.711993  0.063675095        0.04576300

$specs$x_lin
   profits_lag_1 inflation_expectations_1y_lag_1 inflation_expectations_3y_lag_1 inflation_lag_1 economic_activity_lag_1
2   -0.007661407                        2.711993                        2.793575     0.052137819              0.02580719
3   -0.005144681                        2.831908                        2.884280     0.032745451              0.02976223
4   -0.006331579                        2.752288                        2.908013     0.002310570              0.03672057
5   -0.012296949                        2.980844                        2.969947     0.031662657              0.02660601
6   -0.012229406                        2.980844                        2.961960     0.027403122              0.04356130
7   -0.013007309                        2.980844                        3.000000     0.010862582              0.01757053
8   -0.008424896                        2.982717                        2.883912     0.009406502              0.03236078
9   -0.011389432                        3.000000                        3.000000     0.021640425              0.02930438
10  -0.022314565                        2.995079                        3.000000     0.025003951              0.02923299
11  -0.014683147                        3.000000                        3.000000     0.028405410              0.02229492
12  -0.031598924                        2.969947                        2.883912    -0.008420605              0.02323041
13  -0.032734600                        3.000000                        2.980844     0.008246918              0.01734758
14  -0.022564183                        2.969947                        2.969947    -0.002323999              0.03391158
15  -0.031756961                        2.793575                        2.768439     0.029025084              0.02600387
16  -0.026742129                        2.816437                        2.864411     0.042416785              0.02691934
17  -0.018330422                        2.598124                        2.693518     0.048586660              0.03757401
18  -0.038852162                        2.453082                        2.593332     0.003720327              0.02002637
19  -0.025958485                        2.670152                        2.662437    -0.006141925              0.02480201
20  -0.042164895                        2.590599                        2.579365     0.024993882              0.02186920
21  -0.055061135                        2.414448                        2.501432     0.017681720              0.02278745
22  -0.034209726                        2.483634                        2.374794     0.021370449              0.03620964
23  -0.048805906                        2.330186                        2.378875     0.034784574              0.01981848
24  -0.046764977                        2.347553                        2.521351     0.026361361              0.02549842
25  -0.028017583                        2.527644                        2.537525     0.038444527              0.02259084
26  -0.033616086                        2.495654                        2.537525     0.019694440              0.03781474
27  -0.032550427                        2.537525                        2.588670     0.009814561              0.03578346
28  -0.040685396                        2.537525                        2.399339    -0.050912346             -0.07956922
29  -0.064723144                        2.623311                        2.623311    -0.090824177             -0.77070172
30  -0.055418255                        3.000000                        2.610335    -0.010450429              0.21339722
31  -0.043117271                        2.681402                        2.473736     0.053592068              0.21330076
32  -0.042682650                        2.887446                        2.731703     0.061866907              0.02971606
33  -0.026654169                        3.000000                        2.980844     0.053808986              0.15791953
34  -0.030371564                        2.980844                        2.742111     0.028930510              0.07717705
35  -0.012502070                        2.836102                        2.702108     0.011918979              0.10115859
36  -0.022907914                        2.962508                        2.819740     0.024543630              0.04507153
37  -0.010325196                        3.000000                        2.980844     0.057557700              0.01677041
38  -0.001792617                        3.046669                        3.028186     0.028496735              0.06736316
39   0.008600079                        3.090884                        3.000000     0.045997380              0.05066022
40   0.007798854                        3.244256                        3.092952     0.059503194              0.06160136
41   0.035516205                        3.360180                        3.098045     0.082225516              0.03720211
42   0.020126261                        4.000000                        3.569710     0.082531234              0.06412900
43   0.017940392                        4.801745                        3.546918     0.098347464              0.05475905
44   0.038575845                        4.842451                        3.711669     0.054649100              0.08879717
45   0.044205708                        5.179827                        3.999662     0.049840953              0.06602323
46   0.042807117                        5.310169                        4.193985     0.052018077              0.07861505
47   0.058291128                        5.653467                        4.211177     0.114305741              0.06819482
48   0.032589524                        6.000000                        4.011200     0.098833469              0.06879133
49   0.023694851                        5.990274                        4.000000     0.097421769              0.06937609
50   0.040107045                        5.788440                        3.477248     0.075404740              0.03542764
51   0.067549449                        6.000000                        3.774801     0.088488916              0.07849205
52   0.042202235                        6.583898                        3.674923     0.126900569              0.05112829
53   0.056887676                        6.345438                        3.902376     0.048497289              0.04431433
54   0.035736896                        6.576015                        3.879077     0.115684054              0.03389257
55   0.011339404                        6.775855                        3.618484     0.151285219              0.03843642
56   0.014839406                        6.223626                        3.182451    -0.004064650              0.05041760
57   0.006112418                        5.745714                        2.755268     0.028517738              0.02896168
58   0.004355206                        5.440794                        2.909971     0.050566174              0.04915587
59   0.003366904                        5.944291                        3.110663     0.060045147              0.03059615
60   0.014571000                        5.228549                        2.997374     0.024858721              0.04330825
61  -0.001880200                        4.993469                        2.992784     0.015857387              0.03585464
   dummy Jan Feb Mar Apr May Jun Jul Aug Sep Oct
2      0   0   0   1   0   0   0   0   0   0   0
3      0   0   0   0   1   0   0   0   0   0   0
4      0   0   0   0   0   1   0   0   0   0   0
5      0   0   0   0   0   0   1   0   0   0   0
6      0   0   0   0   0   0   0   1   0   0   0
7      0   0   0   0   0   0   0   0   1   0   0
8      0   0   0   0   0   0   0   0   0   1   0
9      0   0   0   0   0   0   0   0   0   0   1
10     0   0   0   0   0   0   0   0   0   0   0
11     0   0   0   0   0   0   0   0   0   0   0
12     0   1   0   0   0   0   0   0   0   0   0
13     0   0   1   0   0   0   0   0   0   0   0
14     0   0   0   1   0   0   0   0   0   0   0
15     0   0   0   0   1   0   0   0   0   0   0
16     0   0   0   0   0   1   0   0   0   0   0
17     0   0   0   0   0   0   1   0   0   0   0
18     0   0   0   0   0   0   0   1   0   0   0
19     0   0   0   0   0   0   0   0   1   0   0
20     0   0   0   0   0   0   0   0   0   1   0
21     0   0   0   0   0   0   0   0   0   0   1
22     0   0   0   0   0   0   0   0   0   0   0
23     0   0   0   0   0   0   0   0   0   0   0
24     0   1   0   0   0   0   0   0   0   0   0
25     0   0   1   0   0   0   0   0   0   0   0
26     0   0   0   1   0   0   0   0   0   0   0
27     1   0   0   0   1   0   0   0   0   0   0
28     1   0   0   0   0   1   0   0   0   0   0
29     1   0   0   0   0   0   1   0   0   0   0
30     1   0   0   0   0   0   0   1   0   0   0
31     0   0   0   0   0   0   0   0   1   0   0
32     1   0   0   0   0   0   0   0   0   1   0
33     0   0   0   0   0   0   0   0   0   0   1
34     1   0   0   0   0   0   0   0   0   0   0
35     0   0   0   0   0   0   0   0   0   0   0
36     0   1   0   0   0   0   0   0   0   0   0
37     0   0   1   0   0   0   0   0   0   0   0
38     0   0   0   1   0   0   0   0   0   0   0
39     0   0   0   0   1   0   0   0   0   0   0
40     0   0   0   0   0   1   0   0   0   0   0
41     0   0   0   0   0   0   1   0   0   0   0
42     0   0   0   0   0   0   0   1   0   0   0
43     0   0   0   0   0   0   0   0   1   0   0
44     0   0   0   0   0   0   0   0   0   1   0
45     0   0   0   0   0   0   0   0   0   0   1
46     0   0   0   0   0   0   0   0   0   0   0
47     0   0   0   0   0   0   0   0   0   0   0
48     0   1   0   0   0   0   0   0   0   0   0
49     0   0   1   0   0   0   0   0   0   0   0
50     0   0   0   1   0   0   0   0   0   0   0
51     0   0   0   0   1   0   0   0   0   0   0
52     0   0   0   0   0   1   0   0   0   0   0
53     0   0   0   0   0   0   1   0   0   0   0
54     0   0   0   0   0   0   0   1   0   0   0
55     0   0   0   0   0   0   0   0   1   0   0
56     0   0   0   0   0   0   0   0   0   1   0
57     0   0   0   0   0   0   0   0   0   0   1
58     0   0   0   0   0   0   0   0   0   0   0
59     0   0   0   0   0   0   0   0   0   0   0
60     0   1   0   0   0   0   0   0   0   0   0
61     0   0   1   0   0   0   0   0   0   0   0


attr(,"class")
[1] "lpirfs_lin_obj"
