[1] "debt"                 "djn level estimation"
                   1             2             3             4             5             6
AIC(n) -2.582326e+01 -2.611912e+01 -2.587329e+01 -2.612490e+01 -2.672933e+01 -2.804429e+01
HQ(n)  -2.462359e+01 -2.456662e+01 -2.396794e+01 -2.386671e+01 -2.411830e+01 -2.508042e+01
SC(n)  -2.272101e+01 -2.210446e+01 -2.094620e+01 -2.028539e+01 -1.997740e+01 -2.037993e+01
FPE(n)  6.768338e-12  5.745335e-12  9.218553e-12  1.038132e-11  1.029335e-11  7.382961e-12
                   1             2             3             4             5             6
AIC(n) -2.582326e+01 -2.611912e+01 -2.587329e+01 -2.612490e+01 -2.672933e+01 -2.804429e+01
HQ(n)  -2.462359e+01 -2.456662e+01 -2.396794e+01 -2.386671e+01 -2.411830e+01 -2.508042e+01
SC(n)  -2.272101e+01 -2.210446e+01 -2.094620e+01 -2.028539e+01 -1.997740e+01 -2.037993e+01
FPE(n)  6.768338e-12  5.745335e-12  9.218553e-12  1.038132e-11  1.029335e-11  7.382961e-12
$irf_lin_mean
, , 1

             [,1]         [,2]         [,3]          [,4]         [,5]          [,6]         [,7]        [,8]         [,9]
[1,]  0.015583381  0.007953456  0.003228703 -0.0005365406 -0.001416642  0.0006123928  0.008236666 0.008337372  0.006933062
[2,] -0.003547790 -0.032743935  0.026571841  0.0248180705  0.011072972 -0.0033337389 -0.005069095 0.005096777 -0.014193128
[3,]  0.002482716 -0.002247145  0.013716420  0.0178370339  0.008817127  0.0033768743  0.046710344 0.012586913  0.015920647
[4,]  0.012102883  0.002875979 -0.001142162 -0.0026981044 -0.002459869  0.0038453652  0.006732193 0.011565461  0.005200852
[5,]  0.043917824  0.013865606 -0.026739321 -0.0067127869 -0.007197780  0.0072827826  0.012143925 0.023393933  0.018586045
             [,10]        [,11]         [,12]         [,13]
[1,]  0.0051651092 0.0009397399 -0.0032246332 -0.0009273239
[2,]  0.0285697163 0.0161797090  0.0415056224  0.0502939733
[3,] -0.0005262034 0.0082044303  0.0181192061  0.0357001579
[4,]  0.0083927543 0.0041306829  0.0005122633 -0.0001370583
[5,]  0.0093293640 0.0068882787 -0.0057430220 -0.0248364295

, , 2

             [,1]          [,2]         [,3]          [,4]         [,5]         [,6]         [,7]         [,8]         [,9]
[1,]  0.000000000 -0.0010537095 -0.002916923 -0.0035666329 -0.004354308 -0.005774057 -0.005472272 -0.004107930 -0.004629804
[2,]  0.179755683  0.1328948648  0.086712720  0.0716509647  0.069881358  0.019271689 -0.045468489 -0.042097121 -0.085266220
[3,]  0.068155923  0.0387892766  0.002131763 -0.0063147772 -0.002048018 -0.041502220 -0.037087121 -0.047383493 -0.055566609
[4,]  0.009200732  0.0006902007 -0.002339203 -0.0002352757 -0.003707255 -0.003887742 -0.005808487 -0.002800380 -0.006217530
[5,] -0.014909474  0.0091910813 -0.003373299 -0.0136493129 -0.006274149  0.002285078 -0.002605989 -0.006895065  0.003893778
            [,10]        [,11]        [,12]        [,13]
[1,] -0.002539719 -0.002845251 -0.003857854 -0.007182433
[2,] -0.091903672 -0.095096297 -0.088232312 -0.086998749
[3,] -0.063707309 -0.045217727 -0.006049755 -0.021750417
[4,] -0.009322568 -0.005104603 -0.005272061 -0.007841275
[5,] -0.005448525  0.001622239 -0.002526368 -0.025359524

, , 3

             [,1]          [,2]          [,3]         [,4]        [,5]         [,6]        [,7]        [,8]          [,9]
[1,]  0.000000000  0.0007396886 -0.0007311583  0.001824315  0.00306380  0.001687151 0.003116214 0.001269658 -5.601636e-05
[2,]  0.000000000  0.0628820038  0.0166455640  0.041495354  0.03592976  0.081345083 0.162642181 0.075403350  9.635124e-02
[3,]  0.140363991  0.0846003412  0.0430139252 -0.003260268 -0.01574403  0.031640554 0.044112976 0.069973402  1.853521e-02
[4,] -0.003102412  0.0067698278  0.0031754671  0.004703347  0.01041263  0.006327295 0.012227462 0.005341248  7.619603e-03
[5,] -0.005777534 -0.0020665688  0.0002707929  0.003961079  0.01444523 -0.003915893 0.024213443 0.025747572 -1.184831e-02
            [,10]         [,11]         [,12]        [,13]
[1,] -0.001334650  0.0002294203 -0.0029190890 -0.003877378
[2,]  0.052050007  0.0790090062  0.0028486958 -0.027396578
[3,] -0.003635622 -0.0715846308 -0.1230959816 -0.075833116
[4,]  0.001479827 -0.0039057050 -0.0076153870 -0.012445025
[5,] -0.016188480 -0.0295916635  0.0008661548 -0.004759152

, , 4

           [,1]        [,2]          [,3]          [,4]          [,5]          [,6]         [,7]         [,8]          [,9]
[1,] 0.00000000 0.005204505  0.0054967085  0.0042620617  0.0004691968 -0.0004135001 -0.001107976 -0.006755963  0.0021601904
[2,] 0.00000000 0.018254016  0.0078771783 -0.0240106661  0.0255105084  0.0398859355  0.016918260 -0.010399242 -0.0294285148
[3,] 0.00000000 0.018934885 -0.0147791942 -0.0392422063 -0.0096766700  0.0155207643  0.003090793 -0.011426048 -0.0475871395
[4,] 0.02597523 0.010249330 -0.0014690166  0.0004975031 -0.0001956775 -0.0013618123 -0.002611383 -0.001216956 -0.0007154395
[5,] 0.04553174 0.006789742 -0.0008113779  0.0172415122  0.0001647154 -0.0192299728 -0.011531484 -0.010025209 -0.0141716740
             [,10]        [,11]         [,12]        [,13]
[1,]  0.0061275481  0.002996108 -0.0004675102 -0.007257065
[2,] -0.0634128113 -0.018529807  0.0547674886  0.084058882
[3,] -0.0667509635 -0.034805017  0.0216530728  0.067994767
[4,] -0.0057512777  0.004088742  0.0022729604 -0.011761427
[5,] -0.0008787333  0.022966960  0.0116169406 -0.024056938

, , 5

           [,1]          [,2]          [,3]          [,4]          [,5]         [,6]         [,7]          [,8]         [,9]
[1,] 0.00000000 -0.0002182303  3.370583e-05  0.0006805205 -0.0023645727  0.003143490  0.004299676 -0.0005437466  0.004760285
[2,] 0.00000000 -0.0413816346  2.422360e-02  0.0037555432 -0.0620780686 -0.073780584  0.001285606 -0.0439743777 -0.013230932
[3,] 0.00000000 -0.0040148811  3.744329e-02 -0.0084853105 -0.0733736013 -0.025170525 -0.016199317 -0.0006629662  0.002150780
[4,] 0.00000000  0.0037033863  2.132365e-03 -0.0026170996 -0.0020880365 -0.001550830  0.008155358 -0.0008915865 -0.002661056
[5,] 0.09506867 -0.0220937841 -1.843485e-02  0.0171946333 -0.0002418819  0.005001602  0.002819475 -0.0028971046  0.003650957
            [,10]        [,11]        [,12]        [,13]
[1,]  0.001846394  0.002514144 -0.001110718  0.003723930
[2,] -0.031306380  0.005531252  0.006501064  0.008208097
[3,] -0.003426149  0.006040613 -0.017784469  0.025163242
[4,]  0.003428420  0.001310557  0.002321617 -0.005669644
[5,] -0.001271478 -0.008102607  0.009627887 -0.019195941


$irf_lin_low
, , 1

             [,1]         [,2]         [,3]         [,4]         [,5]         [,6]          [,7]         [,8]         [,9]
[1,]  0.015583381  0.001036598 -0.005595587 -0.009983783 -0.008492462 -0.006232736  0.0002891309 -0.002238143 -0.004916288
[2,] -0.003547790 -0.099198361 -0.064175941 -0.079550976 -0.072910370 -0.104514368 -0.1173119597 -0.088803214 -0.100113873
[3,]  0.002482716 -0.062789987 -0.051135470 -0.051929817 -0.047199559 -0.048271325 -0.0069693186 -0.047437705 -0.028648234
[4,]  0.012102883 -0.008739664 -0.014696343 -0.017620188 -0.012317334 -0.004812108 -0.0046437900 -0.003852510 -0.009780106
[5,]  0.043917824 -0.037023077 -0.067505915 -0.042812591 -0.032998453 -0.021539564 -0.0112121733 -0.026332311 -0.015151701
            [,10]        [,11]        [,12]        [,13]
[1,] -0.004864950 -0.007146476 -0.009078803 -0.008916521
[2,] -0.091745181 -0.110336000 -0.056350621 -0.063243390
[3,] -0.061366770 -0.061015933 -0.043458633 -0.051770210
[4,] -0.007975299 -0.007561613 -0.008200151 -0.014355875
[5,] -0.022615501 -0.034919194 -0.041389145 -0.060145954

, , 2

             [,1]         [,2]         [,3]        [,4]        [,5]        [,6]        [,7]        [,8]        [,9]
[1,]  0.000000000 -0.006122249 -0.009608435 -0.01224146 -0.01058333 -0.01390698 -0.01293495 -0.01207402 -0.01331916
[2,]  0.179755683  0.073280325 -0.017573735 -0.04651669 -0.03586962 -0.07711409 -0.12402541 -0.14484332 -0.19041971
[3,]  0.068155923 -0.032169718 -0.078027845 -0.08577490 -0.06765755 -0.10361471 -0.08842856 -0.13110272 -0.12493782
[4,]  0.009200732 -0.007467518 -0.014806527 -0.01413344 -0.01347325 -0.01302433 -0.01488530 -0.01586590 -0.01963633
[5,] -0.014909474 -0.011783404 -0.024552227 -0.04363146 -0.03017940 -0.03932171 -0.02822653 -0.03556489 -0.03101440
           [,10]       [,11]       [,12]       [,13]
[1,] -0.01042834 -0.01250249 -0.01694916 -0.01830342
[2,] -0.19783857 -0.18799988 -0.18791759 -0.20303502
[3,] -0.13735572 -0.12658974 -0.05928584 -0.11214903
[4,] -0.02160715 -0.01850817 -0.02101289 -0.02253579
[5,] -0.03593549 -0.03763761 -0.05589417 -0.06347363

, , 3

             [,1]         [,2]         [,3]         [,4]          [,5]         [,6]          [,7]         [,8]          [,9]
[1,]  0.000000000 -0.001326971 -0.004488313 -0.001933790 -4.327484e-05 -0.002981177 -0.0029020408 -0.003984146 -0.0037213848
[2,]  0.000000000  0.040939685 -0.037792452 -0.010525171 -1.577988e-02  0.040198961  0.1087403892 -0.006730079  0.0362248494
[3,]  0.140363991  0.054283533  0.008689107 -0.036741718 -3.016954e-02  0.009634406  0.0108323145  0.019368782 -0.0169845147
[4,] -0.003102412  0.002594934 -0.003625761 -0.002708351  6.500814e-03  0.002299162  0.0059520979 -0.001850207  0.0008604088
[5,] -0.005777534 -0.008785064 -0.012002794 -0.007135640  1.413736e-03 -0.018701258 -0.0008474171  0.003683338 -0.0233482433
            [,10]        [,11]        [,12]        [,13]
[1,] -0.004953196 -0.004431761 -0.009743512 -0.009334775
[2,]  0.024134421  0.042341508 -0.057833475 -0.110779654
[3,] -0.027679213 -0.116214412 -0.161282665 -0.133266204
[4,] -0.003123353 -0.010186174 -0.014914158 -0.016975194
[5,] -0.031870960 -0.050617618 -0.020956480 -0.011965955

, , 4

           [,1]          [,2]          [,3]         [,4]         [,5]         [,6]         [,7]        [,8]         [,9]
[1,] 0.00000000 -0.0006150024 -0.0003904933 -0.001897166 -0.004316336 -0.006631896 -0.007822951 -0.01461361 -0.006125893
[2,] 0.00000000 -0.0284503896 -0.0647529371 -0.113760496 -0.043194891 -0.040801011 -0.069697356 -0.09050027 -0.116894712
[3,] 0.00000000 -0.0355087117 -0.0655312669 -0.097648517 -0.061937692 -0.033319664 -0.041107840 -0.05914918 -0.092571529
[4,] 0.02597523  0.0014391918 -0.0127328207 -0.010680061 -0.006812911 -0.009099728 -0.011845048 -0.01267306 -0.010293499
[5,] 0.04553174 -0.0324496258 -0.0224819348 -0.007494767 -0.016611309 -0.042376758 -0.033787286 -0.03287204 -0.037349723
             [,10]        [,11]        [,12]        [,13]
[1,] -0.0006922556 -0.004335748 -0.005473063 -0.014195244
[2,] -0.1559762924 -0.108017127 -0.014890288  0.001374898
[3,] -0.1354420530 -0.097240317 -0.023076729 -0.013929350
[4,] -0.0217992250 -0.005823515 -0.004429754 -0.027985501
[5,] -0.0311814894 -0.017911414 -0.017344163 -0.063687721

, , 5

           [,1]         [,2]         [,3]         [,4]         [,5]          [,6]         [,7]         [,8]         [,9]
[1,] 0.00000000 -0.003593109 -0.004066803 -0.002679258 -0.004884753 -0.0007354082  0.001173531 -0.004173156  0.001953610
[2,] 0.00000000 -0.070233984 -0.019709247 -0.041313660 -0.103719565 -0.1214768556 -0.053783451 -0.082800737 -0.048555524
[3,] 0.00000000 -0.025737621  0.006182742 -0.042627620 -0.100286310 -0.0528468114 -0.045817857 -0.018719262 -0.013524178
[4,] 0.00000000 -0.003272453 -0.005817742 -0.008234802 -0.005286480 -0.0055603066  0.004450350 -0.004829582 -0.007221924
[5,] 0.09506867 -0.059220693 -0.032662330  0.008912775 -0.008876663  0.0009601923 -0.013513331 -0.018881048 -0.001653800
            [,10]         [,11]        [,12]         [,13]
[1,] -0.001350789 -0.0009759408 -0.004259689  5.685415e-05
[2,] -0.069200734 -0.0316440393 -0.029765411 -5.433975e-02
[3,] -0.016557809 -0.0180315989 -0.047936352 -6.749750e-03
[4,] -0.001190020 -0.0015065575 -0.001937158 -1.550216e-02
[5,] -0.010902999 -0.0258678179 -0.007726621 -5.122533e-02


$irf_lin_up
, , 1

             [,1]       [,2]       [,3]        [,4]        [,5]        [,6]       [,7]       [,8]       [,9]      [,10]
[1,]  0.015583381 0.01487032 0.01205299 0.008910702 0.005659179 0.007457521 0.01618420 0.01891289 0.01878241 0.01519517
[2,] -0.003547790 0.03371049 0.11731962 0.129187117 0.095056315 0.097846890 0.10717377 0.09899677 0.07172762 0.14888461
[3,]  0.002482716 0.05829570 0.07856831 0.087603885 0.064833814 0.055025074 0.10039001 0.07261153 0.06048953 0.06031436
[4,]  0.012102883 0.01449162 0.01241202 0.012223980 0.007397596 0.012502838 0.01810818 0.02698343 0.02018181 0.02476081
[5,]  0.043917824 0.06475429 0.01402727 0.029387017 0.018602893 0.036105129 0.03550002 0.07312018 0.05232379 0.04127423
           [,11]       [,12]       [,13]
[1,] 0.009025955 0.002629536 0.007061873
[2,] 0.142695418 0.139361866 0.163831336
[3,] 0.077424794 0.079697045 0.123170526
[4,] 0.015822979 0.009224678 0.014081758
[5,] 0.048695752 0.029903101 0.010473096

, , 2

             [,1]        [,2]       [,3]       [,4]        [,5]        [,6]        [,7]       [,8]        [,9]       [,10]
[1,]  0.000000000 0.004014830 0.00377459 0.00510819 0.001874719 0.002358869 0.001990408 0.00385816 0.004059551 0.005348902
[2,]  0.179755683 0.192509404 0.19099917 0.18981862 0.175632332 0.115657470 0.033088433 0.06064908 0.019887275 0.014031227
[3,]  0.068155923 0.109748271 0.08229137 0.07314535 0.063561515 0.020610266 0.014254314 0.03633573 0.013804605 0.009941101
[4,]  0.009200732 0.008847919 0.01012812 0.01366289 0.006058744 0.005248844 0.003268322 0.01026514 0.007201271 0.002962014
[5,] -0.014909474 0.030165566 0.01780563 0.01633284 0.017631101 0.043891866 0.023014549 0.02177476 0.038801953 0.025038437
            [,11]       [,12]       [,13]
[1,]  0.006811985 0.009233448 0.003938556
[2,] -0.002192711 0.011452961 0.029037519
[3,]  0.036154284 0.047186327 0.068648192
[4,]  0.008298962 0.010468765 0.006853244
[5,]  0.040882092 0.050841439 0.012754579

, , 3

             [,1]        [,2]        [,3]        [,4]         [,5]        [,6]        [,7]        [,8]          [,9]
[1,]  0.000000000 0.002806349 0.003025997 0.005582419  0.006170876 0.006355479 0.009134468 0.006523463  0.0036093521
[2,]  0.000000000 0.084824323 0.071083580 0.093515878  0.087639406 0.122491204 0.216543973 0.157536779  0.1564776243
[3,]  0.140363991 0.114917149 0.077338743 0.030221181 -0.001318513 0.053646701 0.077393638 0.120578021  0.0540549409
[4,] -0.003102412 0.010944722 0.009976695 0.012115045  0.014324445 0.010355428 0.018502826 0.012532704  0.0143787968
[5,] -0.005777534 0.004651927 0.012544380 0.015057798  0.027476725 0.010869472 0.049274303 0.047811806 -0.0003483798
             [,10]        [,11]         [,12]        [,13]
[1,]  0.0022838962  0.004890601  0.0039053339  0.001580019
[2,]  0.0799655929  0.115676505  0.0635308662  0.055986498
[3,]  0.0204079685 -0.026954850 -0.0849092981 -0.018400028
[4,]  0.0060830081  0.002374764 -0.0003166164 -0.007914855
[5,] -0.0005060006 -0.008565709  0.0226887892  0.002447650

, , 4

           [,1]       [,2]        [,3]       [,4]        [,5]        [,6]        [,7]        [,8]         [,9]       [,10]
[1,] 0.00000000 0.01102401 0.011383910 0.01042129 0.005254729 0.005804895 0.005606999 0.001101688  0.010446274 0.012947352
[2,] 0.00000000 0.06495842 0.080507294 0.06573916 0.094215908 0.120572882 0.103533876 0.069701785  0.058037682 0.029150670
[3,] 0.00000000 0.07337848 0.035972879 0.01916410 0.042584352 0.064361193 0.047289427 0.036297087 -0.002602750 0.001940126
[4,] 0.02597523 0.01905947 0.009794788 0.01167507 0.006421556 0.006376103 0.006622283 0.010239151  0.008862620 0.010296670
[5,] 0.04553174 0.04602911 0.020859179 0.04197779 0.016940740 0.003916812 0.010724318 0.012821626  0.009006375 0.029424023
          [,11]       [,12]         [,13]
[1,] 0.01032796 0.004538043 -0.0003188856
[2,] 0.07095751 0.124425266  0.1667428659
[3,] 0.02763028 0.066382875  0.1499188833
[4,] 0.01400100 0.008975675  0.0044626482
[5,] 0.06384533 0.040578044  0.0155738455

, , 5

           [,1]         [,2]         [,3]        [,4]         [,5]         [,6]        [,7]         [,8]        [,9]
[1,] 0.00000000  0.003156649  0.004134214 0.004040299  0.000155608  0.007022389 0.007425821  0.003085663 0.007566961
[2,] 0.00000000 -0.012529285  0.068156454 0.048824746 -0.020436573 -0.026084312 0.056354663 -0.005148018 0.022093660
[3,] 0.00000000  0.017707859  0.068703833 0.025656999 -0.046460893  0.002505762 0.013419223  0.017393330 0.017825738
[4,] 0.00000000  0.010679226  0.010082472 0.003000603  0.001110407  0.002458647 0.011860367  0.003046409 0.001899813
[5,] 0.09506867  0.015033125 -0.004207367 0.025476492  0.008392900  0.009043012 0.019152280  0.013086839 0.008955714
           [,10]       [,11]       [,12]       [,13]
[1,] 0.005043577 0.006004228 0.002038254 0.007391006
[2,] 0.006587974 0.042706544 0.042767538 0.070755940
[3,] 0.009705512 0.030112826 0.012367415 0.057076233
[4,] 0.008046859 0.004127671 0.006580393 0.004162870
[5,] 0.008360044 0.009662604 0.026982396 0.012833446


$diagnostic_list
$diagnostic_list$`Shock: debt`
$diagnostic_list$`Shock: debt`[[1]]
                               R-sqrd. Adj. R-sqrd.   F-stat      p-value
h1:debt                      0.5890679   0.43616288 3.852509 2.099756e-04
h1:inflation_expectations_1y 0.6177639   0.47553657 4.343496 6.008065e-05
h1:inflation_expectations_3y 0.4071575   0.18656496 1.845745 5.585635e-02
h1:inflation                 0.3792576   0.14828363 1.641993 9.839948e-02
h1:economic_activity         0.2942096   0.03158985 1.120287 3.678609e-01

$diagnostic_list$`Shock: debt`[[2]]
                               R-sqrd. Adj. R-sqrd.    F-stat   p-value
h2:debt                      0.3134679   0.05193188 1.1985649 0.3085765
h2:inflation_expectations_1y 0.3505488   0.10313883 1.4168742 0.1805070
h2:inflation_expectations_3y 0.1865792  -0.12329543 0.6021119 0.8640331
h2:inflation                 0.1516885  -0.17147782 0.4693821 0.9485795
h2:economic_activity         0.3217529   0.06337300 1.2452706 0.2763871

$diagnostic_list$`Shock: debt`[[3]]
                                R-sqrd. Adj. R-sqrd.    F-stat   p-value
h3:debt                      0.19379719  -0.12081854 0.6159806 0.8523898
h3:inflation_expectations_1y 0.29667074   0.02220079 1.0808860 0.4024096
h3:inflation_expectations_3y 0.09710062  -0.25525035 0.2755793 0.9963434
h3:inflation                 0.11460078  -0.23092087 0.3316747 0.9900497
h3:economic_activity         0.29031593   0.01336605 1.0482616 0.4310696

$diagnostic_list$`Shock: debt`[[4]]
                               R-sqrd. Adj. R-sqrd.    F-stat   p-value
h4:debt                      0.1780160 -0.150777631 0.5414216 0.9072309
h4:inflation_expectations_1y 0.2838418 -0.002621479 0.9908488 0.4847009
h4:inflation_expectations_3y 0.2306407 -0.077103065 0.7494569 0.7284042
h4:inflation                 0.2007766 -0.118912729 0.6280366 0.8418848
h4:economic_activity         0.2803097 -0.007566470 0.9737162 0.5011265

$diagnostic_list$`Shock: debt`[[5]]
                               R-sqrd. Adj. R-sqrd.    F-stat   p-value
h5:debt                      0.1562413  -0.18991613 0.4513591 0.9557188
h5:inflation_expectations_1y 0.3134758   0.03182479 1.1129937 0.3770781
h5:inflation_expectations_3y 0.2623281  -0.04030646 0.8668148 0.6082542
h5:inflation                 0.1926505  -0.13856982 0.5816385 0.8784566
h5:economic_activity         0.2800150  -0.01536345 0.9479872 0.5265598

$diagnostic_list$`Shock: debt`[[6]]
                               R-sqrd. Adj. R-sqrd.    F-stat   p-value
h6:debt                      0.3966731   0.14264076 1.5615062 0.1286205
h6:inflation_expectations_1y 0.3950966   0.14040040 1.5512466 0.1320695
h6:inflation_expectations_3y 0.3789199   0.11741248 1.4489834 0.1713445
h6:inflation                 0.3197203   0.03328671 1.1162109 0.3753580
h6:economic_activity         0.2527802  -0.06183873 0.8034488 0.6731333

$diagnostic_list$`Shock: debt`[[7]]
                               R-sqrd. Adj. R-sqrd.    F-stat    p-value
h7:debt                      0.3954911   0.13408183 1.5129192 0.14715534
h7:inflation_expectations_1y 0.3595986   0.08266827 1.2985165 0.24913868
h7:inflation_expectations_3y 0.4499713   0.21212109 1.8918263 0.05471767
h7:inflation                 0.3245716   0.03249447 1.1112530 0.38031184
h7:economic_activity         0.2146601  -0.12494634 0.6320849 0.83695130

$diagnostic_list$`Shock: debt`[[8]]
                               R-sqrd. Adj. R-sqrd.    F-stat   p-value
h8:debt                      0.3145386  0.009889112 1.0324606 0.4485357
h8:inflation_expectations_1y 0.4861847  0.257822375 2.1290056 0.0298227
h8:inflation_expectations_3y 0.3219679  0.020620341 1.0684271 0.4169856
h8:inflation                 0.2557209 -0.075069803 0.7730595 0.7034632
h8:economic_activity         0.2909169 -0.024231094 0.9231120 0.5519441

$diagnostic_list$`Shock: debt`[[9]]
                               R-sqrd. Adj. R-sqrd.    F-stat    p-value
h9:debt                      0.2771379  -0.05331339 0.8386649 0.63684275
h9:inflation_expectations_1y 0.4919928   0.25976095 2.1185414 0.03154909
h9:inflation_expectations_3y 0.3810988   0.09817254 1.3469899 0.22488776
h9:inflation                 0.2802346  -0.04880096 0.8516849 0.62365507
h9:economic_activity         0.2743048  -0.05744155 0.8268510 0.64882111

$diagnostic_list$`Shock: debt`[[10]]
                                R-sqrd. Adj. R-sqrd.    F-stat    p-value
h10:debt                      0.2356035 -0.124112510 0.6549708 0.81537432
h10:inflation_expectations_1y 0.5051625  0.272297735 2.1693387 0.02850091
h10:inflation_expectations_3y 0.2800701 -0.058720395 0.8266764 0.64887099
h10:inflation                 0.1952042 -0.183523284 0.5154212 0.92063067
h10:economic_activity         0.3136644 -0.009317074 0.9711529 0.50624844

$diagnostic_list$`Shock: debt`[[11]]
                                R-sqrd. Adj. R-sqrd.    F-stat    p-value
h11:debt                      0.3607411   0.05079746 1.1638925 0.34400695
h11:inflation_expectations_1y 0.4680270   0.21010068 1.8145764 0.07254877
h11:inflation_expectations_3y 0.3626378   0.05361368 1.1734935 0.33697512
h11:inflation                 0.2000668  -0.18777963 0.5158402 0.91981995
h11:economic_activity         0.2732703  -0.07908348 0.7755566 0.70001570

$diagnostic_list$`Shock: debt`[[12]]
                                R-sqrd. Adj. R-sqrd.    F-stat     p-value
h12:debt                      0.4492566  0.173884829 1.6314549 0.116591824
h12:inflation_expectations_1y 0.5880528  0.382079259 2.8549916 0.005618126
h12:inflation_expectations_3y 0.3318311 -0.002253418 0.9932549 0.486851647
h12:inflation                 0.3361001  0.004150219 1.0125025 0.469384150
h12:economic_activity         0.4007799  0.101169850 1.3376718 0.234921180


$diagnostic_list$`Shock: inflation_expectations_1y`
$diagnostic_list$`Shock: inflation_expectations_1y`[[1]]
                               R-sqrd. Adj. R-sqrd.   F-stat      p-value
h1:debt                      0.5890679   0.43616288 3.852509 2.099756e-04
h1:inflation_expectations_1y 0.6177639   0.47553657 4.343496 6.008065e-05
h1:inflation_expectations_3y 0.4071575   0.18656496 1.845745 5.585635e-02
h1:inflation                 0.3792576   0.14828363 1.641993 9.839948e-02
h1:economic_activity         0.2942096   0.03158985 1.120287 3.678609e-01

$diagnostic_list$`Shock: inflation_expectations_1y`[[2]]
                               R-sqrd. Adj. R-sqrd.    F-stat   p-value
h2:debt                      0.3134679   0.05193188 1.1985649 0.3085765
h2:inflation_expectations_1y 0.3505488   0.10313883 1.4168742 0.1805070
h2:inflation_expectations_3y 0.1865792  -0.12329543 0.6021119 0.8640331
h2:inflation                 0.1516885  -0.17147782 0.4693821 0.9485795
h2:economic_activity         0.3217529   0.06337300 1.2452706 0.2763871

$diagnostic_list$`Shock: inflation_expectations_1y`[[3]]
                                R-sqrd. Adj. R-sqrd.    F-stat   p-value
h3:debt                      0.19379719  -0.12081854 0.6159806 0.8523898
h3:inflation_expectations_1y 0.29667074   0.02220079 1.0808860 0.4024096
h3:inflation_expectations_3y 0.09710062  -0.25525035 0.2755793 0.9963434
h3:inflation                 0.11460078  -0.23092087 0.3316747 0.9900497
h3:economic_activity         0.29031593   0.01336605 1.0482616 0.4310696

$diagnostic_list$`Shock: inflation_expectations_1y`[[4]]
                               R-sqrd. Adj. R-sqrd.    F-stat   p-value
h4:debt                      0.1780160 -0.150777631 0.5414216 0.9072309
h4:inflation_expectations_1y 0.2838418 -0.002621479 0.9908488 0.4847009
h4:inflation_expectations_3y 0.2306407 -0.077103065 0.7494569 0.7284042
h4:inflation                 0.2007766 -0.118912729 0.6280366 0.8418848
h4:economic_activity         0.2803097 -0.007566470 0.9737162 0.5011265

$diagnostic_list$`Shock: inflation_expectations_1y`[[5]]
                               R-sqrd. Adj. R-sqrd.    F-stat   p-value
h5:debt                      0.1562413  -0.18991613 0.4513591 0.9557188
h5:inflation_expectations_1y 0.3134758   0.03182479 1.1129937 0.3770781
h5:inflation_expectations_3y 0.2623281  -0.04030646 0.8668148 0.6082542
h5:inflation                 0.1926505  -0.13856982 0.5816385 0.8784566
h5:economic_activity         0.2800150  -0.01536345 0.9479872 0.5265598

$diagnostic_list$`Shock: inflation_expectations_1y`[[6]]
                               R-sqrd. Adj. R-sqrd.    F-stat   p-value
h6:debt                      0.3966731   0.14264076 1.5615062 0.1286205
h6:inflation_expectations_1y 0.3950966   0.14040040 1.5512466 0.1320695
h6:inflation_expectations_3y 0.3789199   0.11741248 1.4489834 0.1713445
h6:inflation                 0.3197203   0.03328671 1.1162109 0.3753580
h6:economic_activity         0.2527802  -0.06183873 0.8034488 0.6731333

$diagnostic_list$`Shock: inflation_expectations_1y`[[7]]
                               R-sqrd. Adj. R-sqrd.    F-stat    p-value
h7:debt                      0.3954911   0.13408183 1.5129192 0.14715534
h7:inflation_expectations_1y 0.3595986   0.08266827 1.2985165 0.24913868
h7:inflation_expectations_3y 0.4499713   0.21212109 1.8918263 0.05471767
h7:inflation                 0.3245716   0.03249447 1.1112530 0.38031184
h7:economic_activity         0.2146601  -0.12494634 0.6320849 0.83695130

$diagnostic_list$`Shock: inflation_expectations_1y`[[8]]
                               R-sqrd. Adj. R-sqrd.    F-stat   p-value
h8:debt                      0.3145386  0.009889112 1.0324606 0.4485357
h8:inflation_expectations_1y 0.4861847  0.257822375 2.1290056 0.0298227
h8:inflation_expectations_3y 0.3219679  0.020620341 1.0684271 0.4169856
h8:inflation                 0.2557209 -0.075069803 0.7730595 0.7034632
h8:economic_activity         0.2909169 -0.024231094 0.9231120 0.5519441

$diagnostic_list$`Shock: inflation_expectations_1y`[[9]]
                               R-sqrd. Adj. R-sqrd.    F-stat    p-value
h9:debt                      0.2771379  -0.05331339 0.8386649 0.63684275
h9:inflation_expectations_1y 0.4919928   0.25976095 2.1185414 0.03154909
h9:inflation_expectations_3y 0.3810988   0.09817254 1.3469899 0.22488776
h9:inflation                 0.2802346  -0.04880096 0.8516849 0.62365507
h9:economic_activity         0.2743048  -0.05744155 0.8268510 0.64882111

$diagnostic_list$`Shock: inflation_expectations_1y`[[10]]
                                R-sqrd. Adj. R-sqrd.    F-stat    p-value
h10:debt                      0.2356035 -0.124112510 0.6549708 0.81537432
h10:inflation_expectations_1y 0.5051625  0.272297735 2.1693387 0.02850091
h10:inflation_expectations_3y 0.2800701 -0.058720395 0.8266764 0.64887099
h10:inflation                 0.1952042 -0.183523284 0.5154212 0.92063067
h10:economic_activity         0.3136644 -0.009317074 0.9711529 0.50624844

$diagnostic_list$`Shock: inflation_expectations_1y`[[11]]
                                R-sqrd. Adj. R-sqrd.    F-stat    p-value
h11:debt                      0.3607411   0.05079746 1.1638925 0.34400695
h11:inflation_expectations_1y 0.4680270   0.21010068 1.8145764 0.07254877
h11:inflation_expectations_3y 0.3626378   0.05361368 1.1734935 0.33697512
h11:inflation                 0.2000668  -0.18777963 0.5158402 0.91981995
h11:economic_activity         0.2732703  -0.07908348 0.7755566 0.70001570

$diagnostic_list$`Shock: inflation_expectations_1y`[[12]]
                                R-sqrd. Adj. R-sqrd.    F-stat     p-value
h12:debt                      0.4492566  0.173884829 1.6314549 0.116591824
h12:inflation_expectations_1y 0.5880528  0.382079259 2.8549916 0.005618126
h12:inflation_expectations_3y 0.3318311 -0.002253418 0.9932549 0.486851647
h12:inflation                 0.3361001  0.004150219 1.0125025 0.469384150
h12:economic_activity         0.4007799  0.101169850 1.3376718 0.234921180


$diagnostic_list$`Shock: inflation_expectations_3y`
$diagnostic_list$`Shock: inflation_expectations_3y`[[1]]
                               R-sqrd. Adj. R-sqrd.   F-stat      p-value
h1:debt                      0.5890679   0.43616288 3.852509 2.099756e-04
h1:inflation_expectations_1y 0.6177639   0.47553657 4.343496 6.008065e-05
h1:inflation_expectations_3y 0.4071575   0.18656496 1.845745 5.585635e-02
h1:inflation                 0.3792576   0.14828363 1.641993 9.839948e-02
h1:economic_activity         0.2942096   0.03158985 1.120287 3.678609e-01

$diagnostic_list$`Shock: inflation_expectations_3y`[[2]]
                               R-sqrd. Adj. R-sqrd.    F-stat   p-value
h2:debt                      0.3134679   0.05193188 1.1985649 0.3085765
h2:inflation_expectations_1y 0.3505488   0.10313883 1.4168742 0.1805070
h2:inflation_expectations_3y 0.1865792  -0.12329543 0.6021119 0.8640331
h2:inflation                 0.1516885  -0.17147782 0.4693821 0.9485795
h2:economic_activity         0.3217529   0.06337300 1.2452706 0.2763871

$diagnostic_list$`Shock: inflation_expectations_3y`[[3]]
                                R-sqrd. Adj. R-sqrd.    F-stat   p-value
h3:debt                      0.19379719  -0.12081854 0.6159806 0.8523898
h3:inflation_expectations_1y 0.29667074   0.02220079 1.0808860 0.4024096
h3:inflation_expectations_3y 0.09710062  -0.25525035 0.2755793 0.9963434
h3:inflation                 0.11460078  -0.23092087 0.3316747 0.9900497
h3:economic_activity         0.29031593   0.01336605 1.0482616 0.4310696

$diagnostic_list$`Shock: inflation_expectations_3y`[[4]]
                               R-sqrd. Adj. R-sqrd.    F-stat   p-value
h4:debt                      0.1780160 -0.150777631 0.5414216 0.9072309
h4:inflation_expectations_1y 0.2838418 -0.002621479 0.9908488 0.4847009
h4:inflation_expectations_3y 0.2306407 -0.077103065 0.7494569 0.7284042
h4:inflation                 0.2007766 -0.118912729 0.6280366 0.8418848
h4:economic_activity         0.2803097 -0.007566470 0.9737162 0.5011265

$diagnostic_list$`Shock: inflation_expectations_3y`[[5]]
                               R-sqrd. Adj. R-sqrd.    F-stat   p-value
h5:debt                      0.1562413  -0.18991613 0.4513591 0.9557188
h5:inflation_expectations_1y 0.3134758   0.03182479 1.1129937 0.3770781
h5:inflation_expectations_3y 0.2623281  -0.04030646 0.8668148 0.6082542
h5:inflation                 0.1926505  -0.13856982 0.5816385 0.8784566
h5:economic_activity         0.2800150  -0.01536345 0.9479872 0.5265598

$diagnostic_list$`Shock: inflation_expectations_3y`[[6]]
                               R-sqrd. Adj. R-sqrd.    F-stat   p-value
h6:debt                      0.3966731   0.14264076 1.5615062 0.1286205
h6:inflation_expectations_1y 0.3950966   0.14040040 1.5512466 0.1320695
h6:inflation_expectations_3y 0.3789199   0.11741248 1.4489834 0.1713445
h6:inflation                 0.3197203   0.03328671 1.1162109 0.3753580
h6:economic_activity         0.2527802  -0.06183873 0.8034488 0.6731333

$diagnostic_list$`Shock: inflation_expectations_3y`[[7]]
                               R-sqrd. Adj. R-sqrd.    F-stat    p-value
h7:debt                      0.3954911   0.13408183 1.5129192 0.14715534
h7:inflation_expectations_1y 0.3595986   0.08266827 1.2985165 0.24913868
h7:inflation_expectations_3y 0.4499713   0.21212109 1.8918263 0.05471767
h7:inflation                 0.3245716   0.03249447 1.1112530 0.38031184
h7:economic_activity         0.2146601  -0.12494634 0.6320849 0.83695130

$diagnostic_list$`Shock: inflation_expectations_3y`[[8]]
                               R-sqrd. Adj. R-sqrd.    F-stat   p-value
h8:debt                      0.3145386  0.009889112 1.0324606 0.4485357
h8:inflation_expectations_1y 0.4861847  0.257822375 2.1290056 0.0298227
h8:inflation_expectations_3y 0.3219679  0.020620341 1.0684271 0.4169856
h8:inflation                 0.2557209 -0.075069803 0.7730595 0.7034632
h8:economic_activity         0.2909169 -0.024231094 0.9231120 0.5519441

$diagnostic_list$`Shock: inflation_expectations_3y`[[9]]
                               R-sqrd. Adj. R-sqrd.    F-stat    p-value
h9:debt                      0.2771379  -0.05331339 0.8386649 0.63684275
h9:inflation_expectations_1y 0.4919928   0.25976095 2.1185414 0.03154909
h9:inflation_expectations_3y 0.3810988   0.09817254 1.3469899 0.22488776
h9:inflation                 0.2802346  -0.04880096 0.8516849 0.62365507
h9:economic_activity         0.2743048  -0.05744155 0.8268510 0.64882111

$diagnostic_list$`Shock: inflation_expectations_3y`[[10]]
                                R-sqrd. Adj. R-sqrd.    F-stat    p-value
h10:debt                      0.2356035 -0.124112510 0.6549708 0.81537432
h10:inflation_expectations_1y 0.5051625  0.272297735 2.1693387 0.02850091
h10:inflation_expectations_3y 0.2800701 -0.058720395 0.8266764 0.64887099
h10:inflation                 0.1952042 -0.183523284 0.5154212 0.92063067
h10:economic_activity         0.3136644 -0.009317074 0.9711529 0.50624844

$diagnostic_list$`Shock: inflation_expectations_3y`[[11]]
                                R-sqrd. Adj. R-sqrd.    F-stat    p-value
h11:debt                      0.3607411   0.05079746 1.1638925 0.34400695
h11:inflation_expectations_1y 0.4680270   0.21010068 1.8145764 0.07254877
h11:inflation_expectations_3y 0.3626378   0.05361368 1.1734935 0.33697512
h11:inflation                 0.2000668  -0.18777963 0.5158402 0.91981995
h11:economic_activity         0.2732703  -0.07908348 0.7755566 0.70001570

$diagnostic_list$`Shock: inflation_expectations_3y`[[12]]
                                R-sqrd. Adj. R-sqrd.    F-stat     p-value
h12:debt                      0.4492566  0.173884829 1.6314549 0.116591824
h12:inflation_expectations_1y 0.5880528  0.382079259 2.8549916 0.005618126
h12:inflation_expectations_3y 0.3318311 -0.002253418 0.9932549 0.486851647
h12:inflation                 0.3361001  0.004150219 1.0125025 0.469384150
h12:economic_activity         0.4007799  0.101169850 1.3376718 0.234921180


$diagnostic_list$`Shock: inflation`
$diagnostic_list$`Shock: inflation`[[1]]
                               R-sqrd. Adj. R-sqrd.   F-stat      p-value
h1:debt                      0.5890679   0.43616288 3.852509 2.099756e-04
h1:inflation_expectations_1y 0.6177639   0.47553657 4.343496 6.008065e-05
h1:inflation_expectations_3y 0.4071575   0.18656496 1.845745 5.585635e-02
h1:inflation                 0.3792576   0.14828363 1.641993 9.839948e-02
h1:economic_activity         0.2942096   0.03158985 1.120287 3.678609e-01

$diagnostic_list$`Shock: inflation`[[2]]
                               R-sqrd. Adj. R-sqrd.    F-stat   p-value
h2:debt                      0.3134679   0.05193188 1.1985649 0.3085765
h2:inflation_expectations_1y 0.3505488   0.10313883 1.4168742 0.1805070
h2:inflation_expectations_3y 0.1865792  -0.12329543 0.6021119 0.8640331
h2:inflation                 0.1516885  -0.17147782 0.4693821 0.9485795
h2:economic_activity         0.3217529   0.06337300 1.2452706 0.2763871

$diagnostic_list$`Shock: inflation`[[3]]
                                R-sqrd. Adj. R-sqrd.    F-stat   p-value
h3:debt                      0.19379719  -0.12081854 0.6159806 0.8523898
h3:inflation_expectations_1y 0.29667074   0.02220079 1.0808860 0.4024096
h3:inflation_expectations_3y 0.09710062  -0.25525035 0.2755793 0.9963434
h3:inflation                 0.11460078  -0.23092087 0.3316747 0.9900497
h3:economic_activity         0.29031593   0.01336605 1.0482616 0.4310696

$diagnostic_list$`Shock: inflation`[[4]]
                               R-sqrd. Adj. R-sqrd.    F-stat   p-value
h4:debt                      0.1780160 -0.150777631 0.5414216 0.9072309
h4:inflation_expectations_1y 0.2838418 -0.002621479 0.9908488 0.4847009
h4:inflation_expectations_3y 0.2306407 -0.077103065 0.7494569 0.7284042
h4:inflation                 0.2007766 -0.118912729 0.6280366 0.8418848
h4:economic_activity         0.2803097 -0.007566470 0.9737162 0.5011265

$diagnostic_list$`Shock: inflation`[[5]]
                               R-sqrd. Adj. R-sqrd.    F-stat   p-value
h5:debt                      0.1562413  -0.18991613 0.4513591 0.9557188
h5:inflation_expectations_1y 0.3134758   0.03182479 1.1129937 0.3770781
h5:inflation_expectations_3y 0.2623281  -0.04030646 0.8668148 0.6082542
h5:inflation                 0.1926505  -0.13856982 0.5816385 0.8784566
h5:economic_activity         0.2800150  -0.01536345 0.9479872 0.5265598

$diagnostic_list$`Shock: inflation`[[6]]
                               R-sqrd. Adj. R-sqrd.    F-stat   p-value
h6:debt                      0.3966731   0.14264076 1.5615062 0.1286205
h6:inflation_expectations_1y 0.3950966   0.14040040 1.5512466 0.1320695
h6:inflation_expectations_3y 0.3789199   0.11741248 1.4489834 0.1713445
h6:inflation                 0.3197203   0.03328671 1.1162109 0.3753580
h6:economic_activity         0.2527802  -0.06183873 0.8034488 0.6731333

$diagnostic_list$`Shock: inflation`[[7]]
                               R-sqrd. Adj. R-sqrd.    F-stat    p-value
h7:debt                      0.3954911   0.13408183 1.5129192 0.14715534
h7:inflation_expectations_1y 0.3595986   0.08266827 1.2985165 0.24913868
h7:inflation_expectations_3y 0.4499713   0.21212109 1.8918263 0.05471767
h7:inflation                 0.3245716   0.03249447 1.1112530 0.38031184
h7:economic_activity         0.2146601  -0.12494634 0.6320849 0.83695130

$diagnostic_list$`Shock: inflation`[[8]]
                               R-sqrd. Adj. R-sqrd.    F-stat   p-value
h8:debt                      0.3145386  0.009889112 1.0324606 0.4485357
h8:inflation_expectations_1y 0.4861847  0.257822375 2.1290056 0.0298227
h8:inflation_expectations_3y 0.3219679  0.020620341 1.0684271 0.4169856
h8:inflation                 0.2557209 -0.075069803 0.7730595 0.7034632
h8:economic_activity         0.2909169 -0.024231094 0.9231120 0.5519441

$diagnostic_list$`Shock: inflation`[[9]]
                               R-sqrd. Adj. R-sqrd.    F-stat    p-value
h9:debt                      0.2771379  -0.05331339 0.8386649 0.63684275
h9:inflation_expectations_1y 0.4919928   0.25976095 2.1185414 0.03154909
h9:inflation_expectations_3y 0.3810988   0.09817254 1.3469899 0.22488776
h9:inflation                 0.2802346  -0.04880096 0.8516849 0.62365507
h9:economic_activity         0.2743048  -0.05744155 0.8268510 0.64882111

$diagnostic_list$`Shock: inflation`[[10]]
                                R-sqrd. Adj. R-sqrd.    F-stat    p-value
h10:debt                      0.2356035 -0.124112510 0.6549708 0.81537432
h10:inflation_expectations_1y 0.5051625  0.272297735 2.1693387 0.02850091
h10:inflation_expectations_3y 0.2800701 -0.058720395 0.8266764 0.64887099
h10:inflation                 0.1952042 -0.183523284 0.5154212 0.92063067
h10:economic_activity         0.3136644 -0.009317074 0.9711529 0.50624844

$diagnostic_list$`Shock: inflation`[[11]]
                                R-sqrd. Adj. R-sqrd.    F-stat    p-value
h11:debt                      0.3607411   0.05079746 1.1638925 0.34400695
h11:inflation_expectations_1y 0.4680270   0.21010068 1.8145764 0.07254877
h11:inflation_expectations_3y 0.3626378   0.05361368 1.1734935 0.33697512
h11:inflation                 0.2000668  -0.18777963 0.5158402 0.91981995
h11:economic_activity         0.2732703  -0.07908348 0.7755566 0.70001570

$diagnostic_list$`Shock: inflation`[[12]]
                                R-sqrd. Adj. R-sqrd.    F-stat     p-value
h12:debt                      0.4492566  0.173884829 1.6314549 0.116591824
h12:inflation_expectations_1y 0.5880528  0.382079259 2.8549916 0.005618126
h12:inflation_expectations_3y 0.3318311 -0.002253418 0.9932549 0.486851647
h12:inflation                 0.3361001  0.004150219 1.0125025 0.469384150
h12:economic_activity         0.4007799  0.101169850 1.3376718 0.234921180


$diagnostic_list$`Shock: economic_activity`
$diagnostic_list$`Shock: economic_activity`[[1]]
                               R-sqrd. Adj. R-sqrd.   F-stat      p-value
h1:debt                      0.5890679   0.43616288 3.852509 2.099756e-04
h1:inflation_expectations_1y 0.6177639   0.47553657 4.343496 6.008065e-05
h1:inflation_expectations_3y 0.4071575   0.18656496 1.845745 5.585635e-02
h1:inflation                 0.3792576   0.14828363 1.641993 9.839948e-02
h1:economic_activity         0.2942096   0.03158985 1.120287 3.678609e-01

$diagnostic_list$`Shock: economic_activity`[[2]]
                               R-sqrd. Adj. R-sqrd.    F-stat   p-value
h2:debt                      0.3134679   0.05193188 1.1985649 0.3085765
h2:inflation_expectations_1y 0.3505488   0.10313883 1.4168742 0.1805070
h2:inflation_expectations_3y 0.1865792  -0.12329543 0.6021119 0.8640331
h2:inflation                 0.1516885  -0.17147782 0.4693821 0.9485795
h2:economic_activity         0.3217529   0.06337300 1.2452706 0.2763871

$diagnostic_list$`Shock: economic_activity`[[3]]
                                R-sqrd. Adj. R-sqrd.    F-stat   p-value
h3:debt                      0.19379719  -0.12081854 0.6159806 0.8523898
h3:inflation_expectations_1y 0.29667074   0.02220079 1.0808860 0.4024096
h3:inflation_expectations_3y 0.09710062  -0.25525035 0.2755793 0.9963434
h3:inflation                 0.11460078  -0.23092087 0.3316747 0.9900497
h3:economic_activity         0.29031593   0.01336605 1.0482616 0.4310696

$diagnostic_list$`Shock: economic_activity`[[4]]
                               R-sqrd. Adj. R-sqrd.    F-stat   p-value
h4:debt                      0.1780160 -0.150777631 0.5414216 0.9072309
h4:inflation_expectations_1y 0.2838418 -0.002621479 0.9908488 0.4847009
h4:inflation_expectations_3y 0.2306407 -0.077103065 0.7494569 0.7284042
h4:inflation                 0.2007766 -0.118912729 0.6280366 0.8418848
h4:economic_activity         0.2803097 -0.007566470 0.9737162 0.5011265

$diagnostic_list$`Shock: economic_activity`[[5]]
                               R-sqrd. Adj. R-sqrd.    F-stat   p-value
h5:debt                      0.1562413  -0.18991613 0.4513591 0.9557188
h5:inflation_expectations_1y 0.3134758   0.03182479 1.1129937 0.3770781
h5:inflation_expectations_3y 0.2623281  -0.04030646 0.8668148 0.6082542
h5:inflation                 0.1926505  -0.13856982 0.5816385 0.8784566
h5:economic_activity         0.2800150  -0.01536345 0.9479872 0.5265598

$diagnostic_list$`Shock: economic_activity`[[6]]
                               R-sqrd. Adj. R-sqrd.    F-stat   p-value
h6:debt                      0.3966731   0.14264076 1.5615062 0.1286205
h6:inflation_expectations_1y 0.3950966   0.14040040 1.5512466 0.1320695
h6:inflation_expectations_3y 0.3789199   0.11741248 1.4489834 0.1713445
h6:inflation                 0.3197203   0.03328671 1.1162109 0.3753580
h6:economic_activity         0.2527802  -0.06183873 0.8034488 0.6731333

$diagnostic_list$`Shock: economic_activity`[[7]]
                               R-sqrd. Adj. R-sqrd.    F-stat    p-value
h7:debt                      0.3954911   0.13408183 1.5129192 0.14715534
h7:inflation_expectations_1y 0.3595986   0.08266827 1.2985165 0.24913868
h7:inflation_expectations_3y 0.4499713   0.21212109 1.8918263 0.05471767
h7:inflation                 0.3245716   0.03249447 1.1112530 0.38031184
h7:economic_activity         0.2146601  -0.12494634 0.6320849 0.83695130

$diagnostic_list$`Shock: economic_activity`[[8]]
                               R-sqrd. Adj. R-sqrd.    F-stat   p-value
h8:debt                      0.3145386  0.009889112 1.0324606 0.4485357
h8:inflation_expectations_1y 0.4861847  0.257822375 2.1290056 0.0298227
h8:inflation_expectations_3y 0.3219679  0.020620341 1.0684271 0.4169856
h8:inflation                 0.2557209 -0.075069803 0.7730595 0.7034632
h8:economic_activity         0.2909169 -0.024231094 0.9231120 0.5519441

$diagnostic_list$`Shock: economic_activity`[[9]]
                               R-sqrd. Adj. R-sqrd.    F-stat    p-value
h9:debt                      0.2771379  -0.05331339 0.8386649 0.63684275
h9:inflation_expectations_1y 0.4919928   0.25976095 2.1185414 0.03154909
h9:inflation_expectations_3y 0.3810988   0.09817254 1.3469899 0.22488776
h9:inflation                 0.2802346  -0.04880096 0.8516849 0.62365507
h9:economic_activity         0.2743048  -0.05744155 0.8268510 0.64882111

$diagnostic_list$`Shock: economic_activity`[[10]]
                                R-sqrd. Adj. R-sqrd.    F-stat    p-value
h10:debt                      0.2356035 -0.124112510 0.6549708 0.81537432
h10:inflation_expectations_1y 0.5051625  0.272297735 2.1693387 0.02850091
h10:inflation_expectations_3y 0.2800701 -0.058720395 0.8266764 0.64887099
h10:inflation                 0.1952042 -0.183523284 0.5154212 0.92063067
h10:economic_activity         0.3136644 -0.009317074 0.9711529 0.50624844

$diagnostic_list$`Shock: economic_activity`[[11]]
                                R-sqrd. Adj. R-sqrd.    F-stat    p-value
h11:debt                      0.3607411   0.05079746 1.1638925 0.34400695
h11:inflation_expectations_1y 0.4680270   0.21010068 1.8145764 0.07254877
h11:inflation_expectations_3y 0.3626378   0.05361368 1.1734935 0.33697512
h11:inflation                 0.2000668  -0.18777963 0.5158402 0.91981995
h11:economic_activity         0.2732703  -0.07908348 0.7755566 0.70001570

$diagnostic_list$`Shock: economic_activity`[[12]]
                                R-sqrd. Adj. R-sqrd.    F-stat     p-value
h12:debt                      0.4492566  0.173884829 1.6314549 0.116591824
h12:inflation_expectations_1y 0.5880528  0.382079259 2.8549916 0.005618126
h12:inflation_expectations_3y 0.3318311 -0.002253418 0.9932549 0.486851647
h12:inflation                 0.3361001  0.004150219 1.0125025 0.469384150
h12:economic_activity         0.4007799  0.101169850 1.3376718 0.234921180



$specs
$specs$lags_endog_lin
SC(n) 
    1 

$specs$lags_criterion
[1] NaN

$specs$max_lags
[1] NaN

$specs$trend
[1] 0

$specs$shock_type
[1] 0

$specs$confint
[1] 1.65

$specs$hor
[1] 12

$specs$use_nw
[1] TRUE

$specs$nw_prewhite
[1] FALSE

$specs$adjust_se
[1] FALSE

$specs$use_twosls
[1] FALSE

$specs$contemp_data
$specs$contemp_data$dummy
 [1] 0 0 0 0 0 0 0 0 0 0 0 0 0 0 0 0 0 0 0 0 0 0 0 0 0 0 1 1 1 1 0 1 0 1 0 0 0 0 0 0 0 0 0 0 0 0 0 0 0 0 0 0 0 0 0 0 0 0 0 0
[61] 0

$specs$contemp_data$Jan
 [1] 0 0 0 0 0 0 0 0 0 0 0 1 0 0 0 0 0 0 0 0 0 0 0 1 0 0 0 0 0 0 0 0 0 0 0 1 0 0 0 0 0 0 0 0 0 0 0 1 0 0 0 0 0 0 0 0 0 0 0 1
[61] 0

$specs$contemp_data$Feb
 [1] 1 0 0 0 0 0 0 0 0 0 0 0 1 0 0 0 0 0 0 0 0 0 0 0 1 0 0 0 0 0 0 0 0 0 0 0 1 0 0 0 0 0 0 0 0 0 0 0 1 0 0 0 0 0 0 0 0 0 0 0
[61] 1

$specs$contemp_data$Mar
 [1] 0 1 0 0 0 0 0 0 0 0 0 0 0 1 0 0 0 0 0 0 0 0 0 0 0 1 0 0 0 0 0 0 0 0 0 0 0 1 0 0 0 0 0 0 0 0 0 0 0 1 0 0 0 0 0 0 0 0 0 0
[61] 0

$specs$contemp_data$Apr
 [1] 0 0 1 0 0 0 0 0 0 0 0 0 0 0 1 0 0 0 0 0 0 0 0 0 0 0 1 0 0 0 0 0 0 0 0 0 0 0 1 0 0 0 0 0 0 0 0 0 0 0 1 0 0 0 0 0 0 0 0 0
[61] 0

$specs$contemp_data$May
 [1] 0 0 0 1 0 0 0 0 0 0 0 0 0 0 0 1 0 0 0 0 0 0 0 0 0 0 0 1 0 0 0 0 0 0 0 0 0 0 0 1 0 0 0 0 0 0 0 0 0 0 0 1 0 0 0 0 0 0 0 0
[61] 0

$specs$contemp_data$Jun
 [1] 0 0 0 0 1 0 0 0 0 0 0 0 0 0 0 0 1 0 0 0 0 0 0 0 0 0 0 0 1 0 0 0 0 0 0 0 0 0 0 0 1 0 0 0 0 0 0 0 0 0 0 0 1 0 0 0 0 0 0 0
[61] 0

$specs$contemp_data$Jul
 [1] 0 0 0 0 0 1 0 0 0 0 0 0 0 0 0 0 0 1 0 0 0 0 0 0 0 0 0 0 0 1 0 0 0 0 0 0 0 0 0 0 0 1 0 0 0 0 0 0 0 0 0 0 0 1 0 0 0 0 0 0
[61] 0

$specs$contemp_data$Aug
 [1] 0 0 0 0 0 0 1 0 0 0 0 0 0 0 0 0 0 0 1 0 0 0 0 0 0 0 0 0 0 0 1 0 0 0 0 0 0 0 0 0 0 0 1 0 0 0 0 0 0 0 0 0 0 0 1 0 0 0 0 0
[61] 0

$specs$contemp_data$Sep
 [1] 0 0 0 0 0 0 0 1 0 0 0 0 0 0 0 0 0 0 0 1 0 0 0 0 0 0 0 0 0 0 0 1 0 0 0 0 0 0 0 0 0 0 0 1 0 0 0 0 0 0 0 0 0 0 0 1 0 0 0 0
[61] 0

$specs$contemp_data$Oct
 [1] 0 0 0 0 0 0 0 0 1 0 0 0 0 0 0 0 0 0 0 0 1 0 0 0 0 0 0 0 0 0 0 0 1 0 0 0 0 0 0 0 0 0 0 0 1 0 0 0 0 0 0 0 0 0 0 0 1 0 0 0
[61] 0


$specs$model_type
[1] 0

$specs$starts
[1] 1

$specs$ends
[1] 61

$specs$column_names
[1] "debt"                      "inflation_expectations_1y" "inflation_expectations_3y" "inflation"                
[5] "economic_activity"        

$specs$endog
[1] 5

$specs$y_lin
            debt inflation_expectations_1y inflation_expectations_3y     inflation economic_activity
2   0.0101847224              -0.093069017              -0.116992518  0.0118791283      0.0132147973
3   0.0018341704              -0.179841030              -0.082446768 -0.0180540196      0.0197042191
4   0.0124719325               0.042644040              -0.009027443  0.0117895324      0.0091204916
5   0.0233797438               0.038628823              -0.004366708  0.0080067127      0.0256060314
6  -0.0100591648               0.037587716               0.047957221 -0.0080781182     -0.0008554676
7   0.0149151965               0.042232388              -0.051764649 -0.0091070197      0.0134624669
8  -0.0198017338               0.066831950               0.083116914  0.0035186802      0.0099315901
9   0.0109696053               0.074361879               0.104697282  0.0072325549      0.0093828680
10  0.0260199668               0.097256869               0.129269948  0.0109363479      0.0019638250
11  0.0072440787               0.090859949               0.040770491 -0.0256428615      0.0024138617
12  0.0039250978               0.150130443               0.168118070 -0.0087928721     -0.0039597521
13  0.0067421140               0.154457901               0.190173118 -0.0192514804      0.0121072497
14 -0.0048192650               0.016860856               0.023610225  0.0121350319      0.0036954885
15 -0.0161572857               0.081748607               0.155708559  0.0254869151      0.0040989018
16  0.0287947515              -0.092583911               0.021248402  0.0315361282      0.0142325513
17  0.0084763394              -0.193230976              -0.043276262 -0.0135380408     -0.0038460784
18 -0.0266437227               0.067156473               0.059606826 -0.0237050248      0.0003874938
19 -0.0082595876               0.028570973               0.007379959  0.0070212946     -0.0030995371
20 -0.0308530825              -0.110390831              -0.043736816 -0.0008099038     -0.0027487440
21 -0.0334372880              -0.009296058              -0.148649219  0.0022449886      0.0100916736
22 -0.0008128852              -0.137446744              -0.128886832  0.0149056931     -0.0068965871
23  0.0107785292              -0.102682542               0.022526063  0.0056048268     -0.0018302030
24  0.0167285629               0.085885577               0.040433270  0.0166801358     -0.0053688531
25  0.0232912905               0.052676001               0.034575991 -0.0032142186      0.0092054021
26  0.0034806370               0.082834189               0.071948279 -0.0143825022      0.0065049140
27 -0.0751119118               0.059890764              -0.139321440 -0.0765488966     -0.1095376270
28 -0.0820879046               0.110803355               0.054336359 -0.1180561839     -0.8013817712
29 -0.0507688388               0.440086455               0.002754213 -0.0394295123      0.1819834628
30 -0.0354682339               0.060988570              -0.180594733  0.0227326525      0.1811371292
31 -0.0033159620               0.192429026               0.022748256  0.0290171471     -0.0032090982
32  0.0156529146               0.215418333               0.210000612  0.0188797606      0.1242242661
33 -0.0094316171               0.090842219              -0.097192097 -0.0081495346      0.0427062365
34 -0.0125847433              -0.176135374              -0.211683475 -0.0273674729      0.0659089440
35  0.0213728541              -0.189613815              -0.173824252 -0.0169879726      0.0090416110
36 -0.0114787632              -0.309955966              -0.096708136  0.0137622962     -0.0200398947
37  0.0233058627              -0.438829199              -0.136241740 -0.0175590348      0.0297735978
38  0.0391509282              -0.586924618              -0.252722198 -0.0022948550      0.0122939477
39  0.0450852861              -0.640823289              -0.247849266  0.0090208096      0.0224621217
40  0.0311918460              -0.744269330              -0.328708352  0.0296218439     -0.0027052872
41  0.0321059682              -0.331977245               0.061289940  0.0278964532      0.0234591779
42  0.0208511645               0.239203704              -0.036411180  0.0417894154      0.0133334691
43  0.0077737765               0.051907720               0.062479848 -0.0037102132      0.0466232530
44  0.0060153886               0.168972059               0.295863311 -0.0101886004      0.0231090359
45  0.0189014236               0.091561951               0.448800361 -0.0095415708      0.0349689544
46  0.0205289470               0.244040498               0.439272896  0.0513660931      0.0238252787
47  0.0228214682               0.420618875               0.227962584  0.0346746044      0.0237066681
48  0.0022203194               0.265010741               0.220814479  0.0322088457      0.0235842891
49  0.0110978737              -0.056457642              -0.282966474  0.0093029159     -0.0110638564
50  0.0129222526               0.063072574               0.047559850  0.0216592661      0.0313075917
51  0.0090404841               0.583575145              -0.006092132  0.0594986810      0.0032570089
52  0.0075548839               0.310877420               0.279880828 -0.0193295446     -0.0042385199
53 -0.0040540046               0.535617968               0.326312135  0.0475641271     -0.0153374760
54 -0.0044559799               0.756444779               0.145136221  0.0829906319     -0.0114672989
55 -0.0066030348               0.249347053              -0.203776953 -0.0724345513     -0.0001570211
56 -0.0087344499              -0.163336671              -0.538329081 -0.0398569237     -0.0222817013
57 -0.0198909365              -0.387472074              -0.287419250 -0.0177631399     -0.0027547779
58 -0.0169426627               0.208077418               0.011815895 -0.0082045127     -0.0219807589
59 -0.0184955413              -0.407923836              -0.001392901 -0.0432906191     -0.0099343622
60 -0.0160839938              -0.539237661               0.094962482 -0.0521834854     -0.0180533987
61 -0.0180022391              -0.472610574              -0.084508752 -0.0042564185     -0.0088103979

$specs$x_lin
      debt_lag_1 inflation_expectations_1y_lag_1 inflation_expectations_3y_lag_1 inflation_lag_1 economic_activity_lag_1
2  -0.0124755479                    -0.205402860                    -0.218241259    0.0307655897            0.0097286005
3   0.0101847224                    -0.093069017                    -0.116992518    0.0118791283            0.0132147973
4   0.0018341704                    -0.179841030                    -0.082446768   -0.0180540196            0.0197042191
5   0.0124719325                     0.042644040                    -0.009027443    0.0117895324            0.0091204916
6   0.0233797438                     0.038628823                    -0.004366708    0.0080067127            0.0256060314
7  -0.0100591648                     0.037587716                     0.047957221   -0.0080781182           -0.0008554676
8   0.0149151965                     0.042232388                    -0.051764649   -0.0091070197            0.0134624669
9  -0.0198017338                     0.066831950                     0.083116914    0.0035186802            0.0099315901
10  0.0109696053                     0.074361879                     0.104697282    0.0072325549            0.0093828680
11  0.0260199668                     0.097256869                     0.129269948    0.0109363479            0.0019638250
12  0.0072440787                     0.090859949                     0.040770491   -0.0256428615            0.0024138617
13  0.0039250978                     0.150130443                     0.168118070   -0.0087928721           -0.0039597521
14  0.0067421140                     0.154457901                     0.190173118   -0.0192514804            0.0121072497
15 -0.0048192650                     0.016860856                     0.023610225    0.0121350319            0.0036954885
16 -0.0161572857                     0.081748607                     0.155708559    0.0254869151            0.0040989018
17  0.0287947515                    -0.092583911                     0.021248402    0.0315361282            0.0142325513
18  0.0084763394                    -0.193230976                    -0.043276262   -0.0135380408           -0.0038460784
19 -0.0266437227                     0.067156473                     0.059606826   -0.0237050248            0.0003874938
20 -0.0082595876                     0.028570973                     0.007379959    0.0070212946           -0.0030995371
21 -0.0308530825                    -0.110390831                    -0.043736816   -0.0008099038           -0.0027487440
22 -0.0334372880                    -0.009296058                    -0.148649219    0.0022449886            0.0100916736
23 -0.0008128852                    -0.137446744                    -0.128886832    0.0149056931           -0.0068965871
24  0.0107785292                    -0.102682542                     0.022526063    0.0056048268           -0.0018302030
25  0.0167285629                     0.085885577                     0.040433270    0.0166801358           -0.0053688531
26  0.0232912905                     0.052676001                     0.034575991   -0.0032142186            0.0092054021
27  0.0034806370                     0.082834189                     0.071948279   -0.0143825022            0.0065049140
28 -0.0751119118                     0.059890764                    -0.139321440   -0.0765488966           -0.1095376270
29 -0.0820879046                     0.110803355                     0.054336359   -0.1180561839           -0.8013817712
30 -0.0507688388                     0.440086455                     0.002754213   -0.0394295123            0.1819834628
31 -0.0354682339                     0.060988570                    -0.180594733    0.0227326525            0.1811371292
32 -0.0033159620                     0.192429026                     0.022748256    0.0290171471           -0.0032090982
33  0.0156529146                     0.215418333                     0.210000612    0.0188797606            0.1242242661
34 -0.0094316171                     0.090842219                    -0.097192097   -0.0081495346            0.0427062365
35 -0.0125847433                    -0.176135374                    -0.211683475   -0.0273674729            0.0659089440
36  0.0213728541                    -0.189613815                    -0.173824252   -0.0169879726            0.0090416110
37 -0.0114787632                    -0.309955966                    -0.096708136    0.0137622962           -0.0200398947
38  0.0233058627                    -0.438829199                    -0.136241740   -0.0175590348            0.0297735978
39  0.0391509282                    -0.586924618                    -0.252722198   -0.0022948550            0.0122939477
40  0.0450852861                    -0.640823289                    -0.247849266    0.0090208096            0.0224621217
41  0.0311918460                    -0.744269330                    -0.328708352    0.0296218439           -0.0027052872
42  0.0321059682                    -0.331977245                     0.061289940    0.0278964532            0.0234591779
43  0.0208511645                     0.239203704                    -0.036411180    0.0417894154            0.0133334691
44  0.0077737765                     0.051907720                     0.062479848   -0.0037102132            0.0466232530
45  0.0060153886                     0.168972059                     0.295863311   -0.0101886004            0.0231090359
46  0.0189014236                     0.091561951                     0.448800361   -0.0095415708            0.0349689544
47  0.0205289470                     0.244040498                     0.439272896    0.0513660931            0.0238252787
48  0.0228214682                     0.420618875                     0.227962584    0.0346746044            0.0237066681
49  0.0022203194                     0.265010741                     0.220814479    0.0322088457            0.0235842891
50  0.0110978737                    -0.056457642                    -0.282966474    0.0093029159           -0.0110638564
51  0.0129222526                     0.063072574                     0.047559850    0.0216592661            0.0313075917
52  0.0090404841                     0.583575145                    -0.006092132    0.0594986810            0.0032570089
53  0.0075548839                     0.310877420                     0.279880828   -0.0193295446           -0.0042385199
54 -0.0040540046                     0.535617968                     0.326312135    0.0475641271           -0.0153374760
55 -0.0044559799                     0.756444779                     0.145136221    0.0829906319           -0.0114672989
56 -0.0066030348                     0.249347053                    -0.203776953   -0.0724345513           -0.0001570211
57 -0.0087344499                    -0.163336671                    -0.538329081   -0.0398569237           -0.0222817013
58 -0.0198909365                    -0.387472074                    -0.287419250   -0.0177631399           -0.0027547779
59 -0.0169426627                     0.208077418                     0.011815895   -0.0082045127           -0.0219807589
60 -0.0184955413                    -0.407923836                    -0.001392901   -0.0432906191           -0.0099343622
61 -0.0160839938                    -0.539237661                     0.094962482   -0.0521834854           -0.0180533987
   dummy Jan Feb Mar Apr May Jun Jul Aug Sep Oct
2      0   0   0   1   0   0   0   0   0   0   0
3      0   0   0   0   1   0   0   0   0   0   0
4      0   0   0   0   0   1   0   0   0   0   0
5      0   0   0   0   0   0   1   0   0   0   0
6      0   0   0   0   0   0   0   1   0   0   0
7      0   0   0   0   0   0   0   0   1   0   0
8      0   0   0   0   0   0   0   0   0   1   0
9      0   0   0   0   0   0   0   0   0   0   1
10     0   0   0   0   0   0   0   0   0   0   0
11     0   0   0   0   0   0   0   0   0   0   0
12     0   1   0   0   0   0   0   0   0   0   0
13     0   0   1   0   0   0   0   0   0   0   0
14     0   0   0   1   0   0   0   0   0   0   0
15     0   0   0   0   1   0   0   0   0   0   0
16     0   0   0   0   0   1   0   0   0   0   0
17     0   0   0   0   0   0   1   0   0   0   0
18     0   0   0   0   0   0   0   1   0   0   0
19     0   0   0   0   0   0   0   0   1   0   0
20     0   0   0   0   0   0   0   0   0   1   0
21     0   0   0   0   0   0   0   0   0   0   1
22     0   0   0   0   0   0   0   0   0   0   0
23     0   0   0   0   0   0   0   0   0   0   0
24     0   1   0   0   0   0   0   0   0   0   0
25     0   0   1   0   0   0   0   0   0   0   0
26     0   0   0   1   0   0   0   0   0   0   0
27     1   0   0   0   1   0   0   0   0   0   0
28     1   0   0   0   0   1   0   0   0   0   0
29     1   0   0   0   0   0   1   0   0   0   0
30     1   0   0   0   0   0   0   1   0   0   0
31     0   0   0   0   0   0   0   0   1   0   0
32     1   0   0   0   0   0   0   0   0   1   0
33     0   0   0   0   0   0   0   0   0   0   1
34     1   0   0   0   0   0   0   0   0   0   0
35     0   0   0   0   0   0   0   0   0   0   0
36     0   1   0   0   0   0   0   0   0   0   0
37     0   0   1   0   0   0   0   0   0   0   0
38     0   0   0   1   0   0   0   0   0   0   0
39     0   0   0   0   1   0   0   0   0   0   0
40     0   0   0   0   0   1   0   0   0   0   0
41     0   0   0   0   0   0   1   0   0   0   0
42     0   0   0   0   0   0   0   1   0   0   0
43     0   0   0   0   0   0   0   0   1   0   0
44     0   0   0   0   0   0   0   0   0   1   0
45     0   0   0   0   0   0   0   0   0   0   1
46     0   0   0   0   0   0   0   0   0   0   0
47     0   0   0   0   0   0   0   0   0   0   0
48     0   1   0   0   0   0   0   0   0   0   0
49     0   0   1   0   0   0   0   0   0   0   0
50     0   0   0   1   0   0   0   0   0   0   0
51     0   0   0   0   1   0   0   0   0   0   0
52     0   0   0   0   0   1   0   0   0   0   0
53     0   0   0   0   0   0   1   0   0   0   0
54     0   0   0   0   0   0   0   1   0   0   0
55     0   0   0   0   0   0   0   0   1   0   0
56     0   0   0   0   0   0   0   0   0   1   0
57     0   0   0   0   0   0   0   0   0   0   1
58     0   0   0   0   0   0   0   0   0   0   0
59     0   0   0   0   0   0   0   0   0   0   0
60     0   1   0   0   0   0   0   0   0   0   0
61     0   0   1   0   0   0   0   0   0   0   0


attr(,"class")
[1] "lpirfs_lin_obj"
