[1] "monetary_policy"      "djn level estimation"
                   1             2             3             4             5             6
AIC(n) -2.447143e+01 -2.458448e+01 -2.463522e+01 -2.495713e+01 -2.624594e+01 -2.862400e+01
HQ(n)  -2.327177e+01 -2.303198e+01 -2.272987e+01 -2.269894e+01 -2.363491e+01 -2.566013e+01
SC(n)  -2.136919e+01 -2.056981e+01 -1.970813e+01 -1.911762e+01 -1.949400e+01 -2.095964e+01
FPE(n)  2.615604e-11  2.665641e-11  3.179426e-11  3.337406e-11  1.669144e-11  4.134890e-12
                   1             2             3             4             5             6
AIC(n) -2.447143e+01 -2.458448e+01 -2.463522e+01 -2.495713e+01 -2.624594e+01 -2.862400e+01
HQ(n)  -2.327177e+01 -2.303198e+01 -2.272987e+01 -2.269894e+01 -2.363491e+01 -2.566013e+01
SC(n)  -2.136919e+01 -2.056981e+01 -1.970813e+01 -1.911762e+01 -1.949400e+01 -2.095964e+01
FPE(n)  2.615604e-11  2.665641e-11  3.179426e-11  3.337406e-11  1.669144e-11  4.134890e-12
$irf_lin_mean
, , 1

             [,1]          [,2]         [,3]         [,4]         [,5]         [,6]         [,7]         [,8]         [,9]
[1,]  0.029559951  0.0152937608  0.004345869  0.005308915  0.002326140 -0.006959719 -0.005097674 -0.006128274 -0.006378635
[2,]  0.037658761  0.0493034297  0.033222428  0.044508259  0.065740154  0.056097838 -0.003097521  0.008296626 -0.034912358
[3,]  0.020662141  0.0244730185  0.017277258  0.032469623  0.046928451  0.021075041  0.019534004 -0.004194566 -0.025236049
[4,]  0.005126696 -0.0004004351 -0.001838965 -0.004642549 -0.002194121  0.002468208  0.001081873  0.006280103  0.005757776
[5,] -0.022587466  0.0178628632 -0.005145155 -0.014870850 -0.003422041  0.013264426  0.007429918  0.010237884  0.011297385
            [,10]        [,11]        [,12]         [,13]
[1,] -0.009647464 -0.006966315 -0.006106808 -0.0103996798
[2,] -0.061208555 -0.083048196 -0.042955611 -0.0123004998
[3,] -0.038550820 -0.037009198 -0.006503096 -0.0082580770
[4,]  0.003120202  0.002993989  0.000182245  0.0004360368
[5,]  0.026015570  0.012935904 -0.014408256 -0.0141715083

, , 2

             [,1]          [,2]          [,3]          [,4]          [,5]         [,6]         [,7]         [,8]
[1,]  0.000000000 -0.0006140087 -0.0035534122 -0.0002873364 -4.222799e-05 -0.003807447 -0.003888182 -0.003937108
[2,]  0.182142354  0.1327528931  0.0810619908  0.0595156004  5.909227e-02  0.010798745 -0.045182975 -0.047517009
[3,]  0.067209394  0.0357370927 -0.0055224201 -0.0204256346 -1.466304e-02 -0.048713210 -0.050883398 -0.051919621
[4,]  0.008718817  0.0008926418 -0.0020577727  0.0014498199 -2.995650e-03 -0.005469400 -0.007825742 -0.006437535
[5,] -0.014675633  0.0054585944  0.0005292177 -0.0088268468 -4.805958e-03 -0.004027978 -0.007459482 -0.014177764
             [,9]        [,10]        [,11]         [,12]         [,13]
[1,] -0.004250558  0.001359611  0.001056538  0.0006498476 -0.0003263852
[2,] -0.079739334 -0.076873177 -0.067451731 -0.0791483758 -0.0907767460
[3,] -0.058672040 -0.057329390 -0.037257806 -0.0056873266 -0.0208913987
[4,] -0.009450811 -0.013555571 -0.007413984 -0.0059605641 -0.0106482878
[5,] -0.004248478 -0.020034652 -0.002946132  0.0070063289 -0.0175788108

, , 3

             [,1]         [,2]         [,3]         [,4]          [,5]         [,6]         [,7]         [,8]         [,9]
[1,]  0.000000000  0.002184010  0.002858313  0.003308538 -0.0002470765  0.001505137 -0.004325108 -0.007021401 -0.005200774
[2,]  0.000000000  0.056234896  0.016912695  0.043824026  0.0331036970  0.074496036  0.156786252  0.081497679  0.101925009
[3,]  0.140306396  0.080984486  0.040126872 -0.001562347 -0.0149563386  0.027371055  0.055917987  0.075381326  0.037065177
[4,] -0.002712017  0.006641232  0.003096550  0.005182128  0.0103203408  0.006711589  0.013260585  0.008558784  0.008284314
[5,] -0.004232327 -0.001093175 -0.002664708  0.001460574  0.0130946160 -0.004381413  0.027703282  0.034430302 -0.005067268
             [,10]        [,11]        [,12]        [,13]
[1,] -0.0001040218  0.002879367  0.002993507  0.001095965
[2,]  0.0961162803  0.110901228  0.021608832 -0.021396987
[3,]  0.0160410250 -0.053959133 -0.111753033 -0.074186984
[4,]  0.0038401242 -0.004433086 -0.008845182 -0.009759242
[5,] -0.0210974434 -0.033160263 -0.001687277 -0.006591329

, , 4

           [,1]         [,2]         [,3]         [,4]         [,5]         [,6]         [,7]          [,8]         [,9]
[1,] 0.00000000  0.003002767 -0.003640274 -0.009509011 -0.006979877  0.004559188  0.006394075 -0.0003057511  0.007058668
[2,] 0.00000000 -0.010353880  0.023315400 -0.002528845  0.021957489  0.021579341  0.005236840 -0.0055563093 -0.028147103
[3,] 0.00000000  0.009646651 -0.002563181 -0.018441036 -0.004618573  0.010170088  0.029503140 -0.0007111541 -0.018658474
[4,] 0.02610075  0.008926673 -0.001779829 -0.001223804 -0.001836270  0.001038340  0.002168002  0.0066096905  0.001766189
[5,] 0.06220578  0.013429668 -0.018252135  0.008590393 -0.004584119 -0.009937947 -0.001133827  0.0085665658  0.001727401
             [,10]        [,11]       [,12]         [,13]
[1,]  0.0150766665  0.008587250 0.002354720  0.0004772617
[2,] -0.0080558585  0.014916749 0.072868649  0.0915527220
[3,] -0.0389175041 -0.010011859 0.031378484  0.0727041280
[4,]  0.0006572033  0.004671037 0.001441563 -0.0085842249
[5,] -0.0011320050  0.018206345 0.007200438 -0.0311525704

, , 5

           [,1]         [,2]         [,3]         [,4]         [,5]         [,6]          [,7]         [,8]          [,9]
[1,] 0.00000000 -0.001522804  0.007582464 -0.003715786 -0.008364542  0.004110302 -0.0018562816 -0.001163965 -0.0038780187
[2,] 0.00000000 -0.048397759  0.032712224  0.019300800 -0.053361364 -0.071959383 -0.0045507612 -0.039087107 -0.0189569653
[3,] 0.00000000 -0.005386498  0.045271404  0.008667711 -0.059972312 -0.021858973  0.0006891495  0.004023345  0.0100263090
[4,] 0.00000000  0.002744783  0.001730070 -0.004299050 -0.003142734  0.000159763  0.0105302748  0.003536815  0.0004138316
[5,] 0.09558462 -0.016504844 -0.025993773  0.010172836 -0.002879116  0.012085525  0.0090374274  0.006473591  0.0138004627
            [,10]        [,11]         [,12]        [,13]
[1,] -0.004721788  0.001544394 -0.0049851164  0.005620845
[2,] -0.033801425 -0.011211250  0.0001560858  0.009812240
[3,] -0.002952866  0.005115056 -0.0159346533  0.024257654
[4,]  0.008096735  0.003057927  0.0026894351 -0.002867168
[5,]  0.011084032 -0.005484062  0.0016502465 -0.025450927


$irf_lin_low
, , 1

             [,1]          [,2]         [,3]         [,4]         [,5]          [,6]         [,7]         [,8]         [,9]
[1,]  0.029559951  0.0086381124 -0.004046339 -0.002686287 -0.005175322 -0.0134884980 -0.014479363 -0.014042123 -0.014694110
[2,]  0.037658761  0.0179106175 -0.014398711 -0.022067734  0.011380868  0.0009297677 -0.057602819 -0.056218755 -0.089580700
[3,]  0.020662141 -0.0107230964 -0.018586231 -0.012423811  0.009077885 -0.0182817669 -0.012632223 -0.039848369 -0.065135250
[4,]  0.005126696 -0.0050298938 -0.008600368 -0.012977349 -0.007378290 -0.0034192776 -0.006223465 -0.002584497 -0.003765773
[5,] -0.022587466  0.0001111434 -0.025702120 -0.040600372 -0.017317145 -0.0125847833 -0.008963899 -0.016723950 -0.005151471
            [,10]        [,11]       [,12]       [,13]
[1,] -0.017094669 -0.014425222 -0.01447062 -0.01964840
[2,] -0.111803589 -0.117188740 -0.10151308 -0.05933874
[3,] -0.085111633 -0.076691277 -0.04381913 -0.04086271
[4,] -0.006991528 -0.004956866 -0.00764638 -0.00873196
[5,] -0.007915349 -0.011775390 -0.03984571 -0.02933592

, , 2

             [,1]         [,2]        [,3]        [,4]        [,5]        [,6]        [,7]        [,8]        [,9]
[1,]  0.000000000 -0.008641814 -0.01357570 -0.01051130 -0.01000887 -0.01105507 -0.01377502 -0.01248310 -0.01272081
[2,]  0.182142354  0.072324242 -0.02300426 -0.05709414 -0.04691910 -0.08188969 -0.11906702 -0.14485588 -0.17686915
[3,]  0.067209394 -0.031893221 -0.08437623 -0.10027952 -0.08014233 -0.10717422 -0.10273713 -0.11926364 -0.12082442
[4,]  0.008718817 -0.007087352 -0.01418280 -0.01151004 -0.01151217 -0.01371404 -0.01741082 -0.01847810 -0.01979481
[5,] -0.014675633 -0.020292125 -0.02417352 -0.02806087 -0.02250430 -0.03409640 -0.03382563 -0.06936027 -0.02390587
            [,10]       [,11]        [,12]       [,13]
[1,] -0.008590902 -0.01056978 -0.009036475 -0.01173567
[2,] -0.137312194 -0.11816959 -0.176942736 -0.17374312
[3,] -0.121773846 -0.10546097 -0.068776953 -0.08338910
[4,] -0.023726780 -0.01833476 -0.020778690 -0.02569295
[5,] -0.048195412 -0.04556881 -0.042152826 -0.04686287

, , 3

             [,1]         [,2]         [,3]         [,4]         [,5]         [,6]         [,7]          [,8]          [,9]
[1,]  0.000000000 -0.003015847 -0.001786450 -0.001519322 -0.007328535 -0.003298120 -0.013214295 -0.0119762570 -0.0079286553
[2,]  0.000000000  0.033848506 -0.041997961 -0.012468366 -0.017860863  0.036583849  0.108536842  0.0040119109  0.0432243353
[3,]  0.140306396  0.047088683  0.002097435 -0.038615897 -0.030625994  0.007498960  0.025872125  0.0343911088  0.0005838246
[4,] -0.002712017  0.002667127 -0.004397353 -0.002411385  0.006690526  0.001798417  0.004915237 -0.0006947524  0.0015527015
[5,] -0.004232327 -0.007409933 -0.018154553 -0.009895656  0.001311603 -0.018570513  0.001520877 -0.0030338381 -0.0149220812
            [,10]        [,11]        [,12]        [,13]
[1,] -0.005857085 -0.004998276 -0.005031875 -0.007395789
[2,]  0.060670219  0.075944521 -0.026339423 -0.076954841
[3,] -0.015486063 -0.094898685 -0.145687330 -0.121695307
[4,] -0.002593751 -0.012574636 -0.015783014 -0.013763105
[5,] -0.041874644 -0.061571606 -0.016118356 -0.009580752

, , 4

           [,1]         [,2]        [,3]        [,4]         [,5]         [,6]         [,7]         [,8]         [,9]
[1,] 0.00000000 -0.005404530 -0.01440887 -0.01942703 -0.015537363 -0.004011617 -0.001502260 -0.010145604 -0.003331411
[2,] 0.00000000 -0.056460763 -0.04993749 -0.09671905 -0.055665781 -0.069496242 -0.093652219 -0.097251803 -0.123689188
[3,] 0.00000000 -0.041814566 -0.05397118 -0.07599177 -0.055822627 -0.038231661 -0.014651052 -0.044541558 -0.056490578
[4,] 0.02610075 -0.001269364 -0.01431876 -0.01280956 -0.008205183 -0.007293464 -0.006717138 -0.002321482 -0.008017827
[5,] 0.06220578 -0.034592646 -0.04846251 -0.01330723 -0.019308391 -0.032483732 -0.026249631 -0.016231272 -0.020096326
            [,10]        [,11]        [,12]        [,13]
[1,]  0.007745118  0.002389824 -0.006262789 -0.011018496
[2,] -0.059877493 -0.039821412 -0.007327676 -0.004970176
[3,] -0.094208547 -0.066728478 -0.017728280 -0.003931438
[4,] -0.014193603 -0.002093050 -0.006843184 -0.025665683
[5,] -0.032719369 -0.021512663 -0.024596566 -0.074020594

, , 5

           [,1]         [,2]         [,3]         [,4]         [,5]         [,6]         [,7]          [,8]         [,9]
[1,] 0.00000000 -0.006058020  0.002404224 -0.009125925 -0.012755931 -0.001237505 -0.006692108 -0.0054507270 -0.008671748
[2,] 0.00000000 -0.073085792 -0.007452334 -0.023441519 -0.090732060 -0.114677772 -0.063153341 -0.0810226314 -0.055765070
[3,] 0.00000000 -0.026875339  0.018304328 -0.018791927 -0.081529647 -0.044341210 -0.026365074 -0.0138811867 -0.007288844
[4,] 0.00000000 -0.003930554 -0.007033000 -0.010406442 -0.005650577 -0.004427986  0.005901456 -0.0006416663 -0.005602887
[5,] 0.09558462 -0.046728077 -0.048143433  0.001222083 -0.008865361  0.002924353 -0.007728695 -0.0027823189  0.002344919
            [,10]         [,11]        [,12]        [,13]
[1,] -0.007788771 -0.0013023741 -0.009497918  0.001415704
[2,] -0.065972710 -0.0462686317 -0.032032681 -0.038214750
[3,] -0.021038599 -0.0256855532 -0.045393486 -0.007572966
[4,]  0.001909163 -0.0005205408 -0.001620513 -0.011612798
[5,] -0.003535838 -0.0199141444 -0.012347885 -0.057999742


$irf_lin_up
, , 1

             [,1]        [,2]        [,3]       [,4]        [,5]          [,6]        [,7]        [,8]       [,9]
[1,]  0.029559951 0.021949409 0.012738076 0.01330412 0.009827603 -0.0004309396 0.004284015 0.001785575 0.00193684
[2,]  0.037658761 0.080696242 0.080843567 0.11108425 0.120099440  0.1112659074 0.051407777 0.072812007 0.01975598
[3,]  0.020662141 0.059669133 0.053140747 0.07736306 0.084779018  0.0604318482 0.051700231 0.031459236 0.01466315
[4,]  0.005126696 0.004229024 0.004922437 0.00369225 0.002990049  0.0083556928 0.008387211 0.015144702 0.01528132
[5,] -0.022587466 0.035614583 0.015411810 0.01085867 0.010473062  0.0391136343 0.023823734 0.037199717 0.02774624
            [,10]         [,11]       [,12]         [,13]
[1,] -0.002200260  0.0004925916 0.002257008 -0.0011509615
[2,] -0.010613521 -0.0489076518 0.015601858  0.0347377403
[3,]  0.008009993  0.0026728817 0.030812943  0.0243465564
[4,]  0.013231931  0.0109448446 0.008010870  0.0096040332
[5,]  0.059946489  0.0376471975 0.011029200  0.0009928998

, , 2

             [,1]        [,2]        [,3]        [,4]        [,5]        [,6]         [,7]        [,8]         [,9]
[1,]  0.000000000 0.007413797 0.006468878 0.009936627 0.009924412 0.003440171 0.0059986548 0.004608887 0.0042196979
[2,]  0.182142354 0.193181545 0.185128243 0.176125344 0.165103635 0.103487182 0.0287010753 0.049821864 0.0173904845
[3,]  0.067209394 0.103367406 0.073331389 0.059428255 0.050816244 0.009747796 0.0009703363 0.015424399 0.0034803410
[4,]  0.008718817 0.008872636 0.010067253 0.014409681 0.005520868 0.002775237 0.0017593329 0.005603031 0.0008931892
[5,] -0.014675633 0.031209313 0.025231954 0.010407180 0.012892384 0.026040446 0.0189066701 0.041004740 0.0154089114
            [,10]        [,11]       [,12]        [,13]
[1,]  0.011310124  0.012682856 0.010336170  0.011082901
[2,] -0.016434160 -0.016733868 0.018645985 -0.007810375
[3,]  0.007115065  0.030945355 0.057402299  0.041606305
[4,] -0.003384362  0.003506787 0.008857562  0.004396372
[5,]  0.008126108  0.039676544 0.056165484  0.011705250

, , 3

             [,1]        [,2]        [,3]        [,4]         [,5]        [,6]        [,7]         [,8]         [,9]
[1,]  0.000000000 0.007383867 0.007503077 0.008136399 0.0068343816 0.006308394 0.004564078 -0.002066545 -0.002472893
[2,]  0.000000000 0.078621286 0.075823351 0.100116419 0.0840682571 0.112408224 0.205035661  0.158983448  0.160625682
[3,]  0.140306396 0.114880289 0.078156308 0.035491202 0.0007133168 0.047243150 0.085963848  0.116371543  0.073546528
[4,] -0.002712017 0.010615338 0.010590453 0.012775641 0.0139501554 0.011624761 0.021605933  0.017812321  0.015015926
[5,] -0.004232327 0.005223583 0.012825138 0.012816803 0.0248776294 0.009807687 0.053885687  0.071894442  0.004787545
             [,10]        [,11]        [,12]        [,13]
[1,]  0.0056490411  0.010757010  0.011018890  0.009587718
[2,]  0.1315623419  0.145857936  0.069557088  0.034160866
[3,]  0.0475681131 -0.013019581 -0.077818737 -0.026678662
[4,]  0.0102739996  0.003708465 -0.001907351 -0.005755379
[5,] -0.0003202427 -0.004748920  0.012743802 -0.003601907

, , 4

           [,1]       [,2]        [,3]         [,4]        [,5]        [,6]       [,7]        [,8]       [,9]      [,10]
[1,] 0.00000000 0.01141007 0.007128324 0.0004090106 0.001577610 0.013129994 0.01429041 0.009534102 0.01744875 0.02240821
[2,] 0.00000000 0.03575300 0.096568294 0.0916613582 0.099580760 0.112654924 0.10412590 0.086139185 0.06739498 0.04376578
[3,] 0.00000000 0.06110787 0.048844819 0.0391096992 0.046585482 0.058571837 0.07365733 0.043119250 0.01917363 0.01637354
[4,] 0.02610075 0.01912271 0.010759103 0.0103619524 0.004532643 0.009370143 0.01105314 0.015540863 0.01155020 0.01550801
[5,] 0.06220578 0.06145198 0.011958236 0.0304880177 0.010140152 0.012607839 0.02398198 0.033364404 0.02355113 0.03045536
          [,11]      [,12]       [,13]
[1,] 0.01478468 0.01097223 0.011973019
[2,] 0.06965491 0.15306497 0.188075620
[3,] 0.04670476 0.08048525 0.149339694
[4,] 0.01143512 0.00972631 0.008497234
[5,] 0.05792535 0.03899744 0.011715453

, , 5

           [,1]         [,2]         [,3]        [,4]         [,5]          [,6]        [,7]        [,8]         [,9]
[1,] 0.00000000  0.003012411  0.012760703 0.001694353 -0.003973152  0.0094581096 0.002979544 0.003122796 0.0009157109
[2,] 0.00000000 -0.023709726  0.072876782 0.062043118 -0.015990668 -0.0292409942 0.054051819 0.002848417 0.0178511394
[3,] 0.00000000  0.016102344  0.072238480 0.036127348 -0.038414977  0.0006232645 0.027743373 0.021927876 0.0273414622
[4,] 0.00000000  0.009420119  0.010493141 0.001808342 -0.000634891  0.0047475115 0.015159093 0.007715296 0.0064305499
[5,] 0.09558462  0.013718388 -0.003844113 0.019123589  0.003107128  0.0212466965 0.025803550 0.015729502 0.0252560060
            [,10]       [,11]         [,12]       [,13]
[1,] -0.001654805 0.004391161 -0.0004723152 0.009825985
[2,] -0.001630140 0.023846131  0.0323448521 0.057839230
[3,]  0.015132866 0.035915666  0.0135241793 0.056088274
[4,]  0.014284308 0.006636395  0.0069993833 0.005878461
[5,]  0.025703903 0.008946020  0.0156483776 0.007097887


$diagnostic_list
$diagnostic_list$`Shock: monetary_policy`
$diagnostic_list$`Shock: monetary_policy`[[1]]
                               R-sqrd. Adj. R-sqrd.   F-stat      p-value
h1:monetary_policy           0.4181641   0.20166706 1.931500 4.383638e-02
h1:inflation_expectations_1y 0.6075464   0.46151720 4.160444 9.517228e-05
h1:inflation_expectations_3y 0.4076439   0.18723237 1.849467 5.527403e-02
h1:inflation                 0.3732439   0.14003231 1.600452 1.101930e-01
h1:economic_activity         0.2865280   0.02104998 1.079291 4.024192e-01

$diagnostic_list$`Shock: monetary_policy`[[2]]
                               R-sqrd. Adj. R-sqrd.    F-stat   p-value
h2:monetary_policy           0.2750187 -0.001164648 0.9957831 0.4791200
h2:inflation_expectations_1y 0.3548662  0.109100979 1.4439235 0.1683527
h2:inflation_expectations_3y 0.2217121 -0.074778485 0.7477880 0.7306863
h2:inflation                 0.1515777 -0.171630768 0.4689782 0.9487688
h2:economic_activity         0.2967413  0.028833282 1.1076238 0.3790628

$diagnostic_list$`Shock: monetary_policy`[[3]]
                               R-sqrd. Adj. R-sqrd.    F-stat   p-value
h3:monetary_policy           0.2682180 -0.017355532 0.9392257 0.5346551
h3:inflation_expectations_1y 0.3051880  0.034041802 1.1255478 0.3651806
h3:inflation_expectations_3y 0.1324630 -0.206088076 0.3912644 0.9773131
h3:inflation                 0.1615129 -0.165701644 0.4935993 0.9361038
h3:economic_activity         0.2786763 -0.002815834 0.9899968 0.4850723

$diagnostic_list$`Shock: monetary_policy`[[4]]
                               R-sqrd. Adj. R-sqrd.    F-stat   p-value
h4:monetary_policy           0.2673858  -0.02565992 0.9124371 0.5617375
h4:inflation_expectations_1y 0.3010575   0.02148051 1.0768322 0.4066221
h4:inflation_expectations_3y 0.2549898  -0.04301429 0.8556587 0.6197040
h4:inflation                 0.2065532  -0.11082550 0.6508099 0.8221918
h4:economic_activity         0.2773589  -0.01169755 0.9595319 0.5149133

$diagnostic_list$`Shock: monetary_policy`[[5]]
                               R-sqrd. Adj. R-sqrd.    F-stat   p-value
h5:monetary_policy           0.2737321  -0.02422400 0.9186994 0.5556338
h5:inflation_expectations_1y 0.3249908   0.04806390 1.1735617 0.3298398
h5:inflation_expectations_3y 0.2835461  -0.01038367 0.9646729 0.5102662
h5:inflation                 0.1890172  -0.14369363 0.5681126 0.8884008
h5:economic_activity         0.3044679   0.01912139 1.0670111 0.4158561

$diagnostic_list$`Shock: monetary_policy`[[6]]
                               R-sqrd. Adj. R-sqrd.    F-stat   p-value
h6:monetary_policy           0.3541544   0.08221937 1.3023494 0.2455416
h6:inflation_expectations_1y 0.3918715   0.13581746 1.5304249 0.1393313
h6:inflation_expectations_3y 0.3482417   0.07381714 1.2689888 0.2657481
h6:inflation                 0.3262773   0.04260463 1.1501894 0.3485349
h6:economic_activity         0.2479402  -0.06871657 0.7829935 0.6939753

$diagnostic_list$`Shock: monetary_policy`[[7]]
                               R-sqrd. Adj. R-sqrd.    F-stat    p-value
h7:monetary_policy           0.4083125   0.15244762 1.5958130 0.11907767
h7:inflation_expectations_1y 0.3570597   0.07903151 1.2842572 0.25765988
h7:inflation_expectations_3y 0.4452107   0.20530177 1.8557489 0.06023072
h7:inflation                 0.2884078  -0.01930781 0.9372544 0.53772826
h7:economic_activity         0.1838797  -0.16903715 0.5210284 0.91876557

$diagnostic_list$`Shock: monetary_policy`[[8]]
                               R-sqrd. Adj. R-sqrd.    F-stat    p-value
h8:monetary_policy           0.4577303   0.21672161 1.8992272 0.05477049
h8:inflation_expectations_1y 0.4963618   0.27252261 2.2174928 0.02358850
h8:inflation_expectations_3y 0.2947184  -0.01874004 0.9402152 0.53514495
h8:inflation                 0.2970505  -0.01537155 0.9507988 0.52484888
h8:economic_activity         0.2817652  -0.03745030 0.8826802 0.59230852

$diagnostic_list$`Shock: monetary_policy`[[9]]
                               R-sqrd. Adj. R-sqrd.    F-stat      p-value
h9:monetary_policy           0.6289007   0.45925530 3.7071487 0.0005908206
h9:inflation_expectations_1y 0.5092481   0.28490432 2.2699455 0.0212343456
h9:inflation_expectations_3y 0.3803119   0.09702594 1.3425017 0.2272908080
h9:inflation                 0.2851473  -0.04164256 0.8725708 0.6025676466
h9:economic_activity         0.3864684   0.10599676 1.3779233 0.2089085496

$diagnostic_list$`Shock: monetary_policy`[[10]]
                                R-sqrd. Adj. R-sqrd.    F-stat     p-value
h10:monetary_policy           0.4525902  0.194985589 1.7569181 0.082370080
h10:inflation_expectations_1y 0.5980158  0.408846708 3.1612769 0.002348521
h10:inflation_expectations_3y 0.2888083 -0.045870175 0.8629426 0.612295504
h10:inflation                 0.2223913 -0.143542269 0.6077368 0.855381397
h10:economic_activity         0.3258852  0.008654681 1.0272820 0.454626197

$diagnostic_list$`Shock: monetary_policy`[[11]]
                                R-sqrd. Adj. R-sqrd.    F-stat    p-value
h11:monetary_policy           0.4308834   0.15494802 1.5615374 0.13644958
h11:inflation_expectations_1y 0.4878559   0.23954368 1.9646873 0.04957163
h11:inflation_expectations_3y 0.3605532   0.05051837 1.1629442 0.34470738
h11:inflation                 0.2064286  -0.17833331 0.5365100 0.90684712
h11:economic_activity         0.2892389  -0.05537259 0.8393188 0.63602426

$diagnostic_list$`Shock: monetary_policy`[[12]]
                                R-sqrd. Adj. R-sqrd.    F-stat     p-value
h12:monetary_policy           0.4328036  0.149205457 1.5261157 0.150639534
h12:inflation_expectations_1y 0.5876374  0.381456047 2.8501000 0.005684631
h12:inflation_expectations_3y 0.3321664 -0.001750395 0.9947580 0.485475468
h12:inflation                 0.3176571 -0.023514413 0.9310774 0.545399650
h12:economic_activity         0.4137929  0.120689424 1.4117638 0.197779817


$diagnostic_list$`Shock: inflation_expectations_1y`
$diagnostic_list$`Shock: inflation_expectations_1y`[[1]]
                               R-sqrd. Adj. R-sqrd.   F-stat      p-value
h1:monetary_policy           0.4181641   0.20166706 1.931500 4.383638e-02
h1:inflation_expectations_1y 0.6075464   0.46151720 4.160444 9.517228e-05
h1:inflation_expectations_3y 0.4076439   0.18723237 1.849467 5.527403e-02
h1:inflation                 0.3732439   0.14003231 1.600452 1.101930e-01
h1:economic_activity         0.2865280   0.02104998 1.079291 4.024192e-01

$diagnostic_list$`Shock: inflation_expectations_1y`[[2]]
                               R-sqrd. Adj. R-sqrd.    F-stat   p-value
h2:monetary_policy           0.2750187 -0.001164648 0.9957831 0.4791200
h2:inflation_expectations_1y 0.3548662  0.109100979 1.4439235 0.1683527
h2:inflation_expectations_3y 0.2217121 -0.074778485 0.7477880 0.7306863
h2:inflation                 0.1515777 -0.171630768 0.4689782 0.9487688
h2:economic_activity         0.2967413  0.028833282 1.1076238 0.3790628

$diagnostic_list$`Shock: inflation_expectations_1y`[[3]]
                               R-sqrd. Adj. R-sqrd.    F-stat   p-value
h3:monetary_policy           0.2682180 -0.017355532 0.9392257 0.5346551
h3:inflation_expectations_1y 0.3051880  0.034041802 1.1255478 0.3651806
h3:inflation_expectations_3y 0.1324630 -0.206088076 0.3912644 0.9773131
h3:inflation                 0.1615129 -0.165701644 0.4935993 0.9361038
h3:economic_activity         0.2786763 -0.002815834 0.9899968 0.4850723

$diagnostic_list$`Shock: inflation_expectations_1y`[[4]]
                               R-sqrd. Adj. R-sqrd.    F-stat   p-value
h4:monetary_policy           0.2673858  -0.02565992 0.9124371 0.5617375
h4:inflation_expectations_1y 0.3010575   0.02148051 1.0768322 0.4066221
h4:inflation_expectations_3y 0.2549898  -0.04301429 0.8556587 0.6197040
h4:inflation                 0.2065532  -0.11082550 0.6508099 0.8221918
h4:economic_activity         0.2773589  -0.01169755 0.9595319 0.5149133

$diagnostic_list$`Shock: inflation_expectations_1y`[[5]]
                               R-sqrd. Adj. R-sqrd.    F-stat   p-value
h5:monetary_policy           0.2737321  -0.02422400 0.9186994 0.5556338
h5:inflation_expectations_1y 0.3249908   0.04806390 1.1735617 0.3298398
h5:inflation_expectations_3y 0.2835461  -0.01038367 0.9646729 0.5102662
h5:inflation                 0.1890172  -0.14369363 0.5681126 0.8884008
h5:economic_activity         0.3044679   0.01912139 1.0670111 0.4158561

$diagnostic_list$`Shock: inflation_expectations_1y`[[6]]
                               R-sqrd. Adj. R-sqrd.    F-stat   p-value
h6:monetary_policy           0.3541544   0.08221937 1.3023494 0.2455416
h6:inflation_expectations_1y 0.3918715   0.13581746 1.5304249 0.1393313
h6:inflation_expectations_3y 0.3482417   0.07381714 1.2689888 0.2657481
h6:inflation                 0.3262773   0.04260463 1.1501894 0.3485349
h6:economic_activity         0.2479402  -0.06871657 0.7829935 0.6939753

$diagnostic_list$`Shock: inflation_expectations_1y`[[7]]
                               R-sqrd. Adj. R-sqrd.    F-stat    p-value
h7:monetary_policy           0.4083125   0.15244762 1.5958130 0.11907767
h7:inflation_expectations_1y 0.3570597   0.07903151 1.2842572 0.25765988
h7:inflation_expectations_3y 0.4452107   0.20530177 1.8557489 0.06023072
h7:inflation                 0.2884078  -0.01930781 0.9372544 0.53772826
h7:economic_activity         0.1838797  -0.16903715 0.5210284 0.91876557

$diagnostic_list$`Shock: inflation_expectations_1y`[[8]]
                               R-sqrd. Adj. R-sqrd.    F-stat    p-value
h8:monetary_policy           0.4577303   0.21672161 1.8992272 0.05477049
h8:inflation_expectations_1y 0.4963618   0.27252261 2.2174928 0.02358850
h8:inflation_expectations_3y 0.2947184  -0.01874004 0.9402152 0.53514495
h8:inflation                 0.2970505  -0.01537155 0.9507988 0.52484888
h8:economic_activity         0.2817652  -0.03745030 0.8826802 0.59230852

$diagnostic_list$`Shock: inflation_expectations_1y`[[9]]
                               R-sqrd. Adj. R-sqrd.    F-stat      p-value
h9:monetary_policy           0.6289007   0.45925530 3.7071487 0.0005908206
h9:inflation_expectations_1y 0.5092481   0.28490432 2.2699455 0.0212343456
h9:inflation_expectations_3y 0.3803119   0.09702594 1.3425017 0.2272908080
h9:inflation                 0.2851473  -0.04164256 0.8725708 0.6025676466
h9:economic_activity         0.3864684   0.10599676 1.3779233 0.2089085496

$diagnostic_list$`Shock: inflation_expectations_1y`[[10]]
                                R-sqrd. Adj. R-sqrd.    F-stat     p-value
h10:monetary_policy           0.4525902  0.194985589 1.7569181 0.082370080
h10:inflation_expectations_1y 0.5980158  0.408846708 3.1612769 0.002348521
h10:inflation_expectations_3y 0.2888083 -0.045870175 0.8629426 0.612295504
h10:inflation                 0.2223913 -0.143542269 0.6077368 0.855381397
h10:economic_activity         0.3258852  0.008654681 1.0272820 0.454626197

$diagnostic_list$`Shock: inflation_expectations_1y`[[11]]
                                R-sqrd. Adj. R-sqrd.    F-stat    p-value
h11:monetary_policy           0.4308834   0.15494802 1.5615374 0.13644958
h11:inflation_expectations_1y 0.4878559   0.23954368 1.9646873 0.04957163
h11:inflation_expectations_3y 0.3605532   0.05051837 1.1629442 0.34470738
h11:inflation                 0.2064286  -0.17833331 0.5365100 0.90684712
h11:economic_activity         0.2892389  -0.05537259 0.8393188 0.63602426

$diagnostic_list$`Shock: inflation_expectations_1y`[[12]]
                                R-sqrd. Adj. R-sqrd.    F-stat     p-value
h12:monetary_policy           0.4328036  0.149205457 1.5261157 0.150639534
h12:inflation_expectations_1y 0.5876374  0.381456047 2.8501000 0.005684631
h12:inflation_expectations_3y 0.3321664 -0.001750395 0.9947580 0.485475468
h12:inflation                 0.3176571 -0.023514413 0.9310774 0.545399650
h12:economic_activity         0.4137929  0.120689424 1.4117638 0.197779817


$diagnostic_list$`Shock: inflation_expectations_3y`
$diagnostic_list$`Shock: inflation_expectations_3y`[[1]]
                               R-sqrd. Adj. R-sqrd.   F-stat      p-value
h1:monetary_policy           0.4181641   0.20166706 1.931500 4.383638e-02
h1:inflation_expectations_1y 0.6075464   0.46151720 4.160444 9.517228e-05
h1:inflation_expectations_3y 0.4076439   0.18723237 1.849467 5.527403e-02
h1:inflation                 0.3732439   0.14003231 1.600452 1.101930e-01
h1:economic_activity         0.2865280   0.02104998 1.079291 4.024192e-01

$diagnostic_list$`Shock: inflation_expectations_3y`[[2]]
                               R-sqrd. Adj. R-sqrd.    F-stat   p-value
h2:monetary_policy           0.2750187 -0.001164648 0.9957831 0.4791200
h2:inflation_expectations_1y 0.3548662  0.109100979 1.4439235 0.1683527
h2:inflation_expectations_3y 0.2217121 -0.074778485 0.7477880 0.7306863
h2:inflation                 0.1515777 -0.171630768 0.4689782 0.9487688
h2:economic_activity         0.2967413  0.028833282 1.1076238 0.3790628

$diagnostic_list$`Shock: inflation_expectations_3y`[[3]]
                               R-sqrd. Adj. R-sqrd.    F-stat   p-value
h3:monetary_policy           0.2682180 -0.017355532 0.9392257 0.5346551
h3:inflation_expectations_1y 0.3051880  0.034041802 1.1255478 0.3651806
h3:inflation_expectations_3y 0.1324630 -0.206088076 0.3912644 0.9773131
h3:inflation                 0.1615129 -0.165701644 0.4935993 0.9361038
h3:economic_activity         0.2786763 -0.002815834 0.9899968 0.4850723

$diagnostic_list$`Shock: inflation_expectations_3y`[[4]]
                               R-sqrd. Adj. R-sqrd.    F-stat   p-value
h4:monetary_policy           0.2673858  -0.02565992 0.9124371 0.5617375
h4:inflation_expectations_1y 0.3010575   0.02148051 1.0768322 0.4066221
h4:inflation_expectations_3y 0.2549898  -0.04301429 0.8556587 0.6197040
h4:inflation                 0.2065532  -0.11082550 0.6508099 0.8221918
h4:economic_activity         0.2773589  -0.01169755 0.9595319 0.5149133

$diagnostic_list$`Shock: inflation_expectations_3y`[[5]]
                               R-sqrd. Adj. R-sqrd.    F-stat   p-value
h5:monetary_policy           0.2737321  -0.02422400 0.9186994 0.5556338
h5:inflation_expectations_1y 0.3249908   0.04806390 1.1735617 0.3298398
h5:inflation_expectations_3y 0.2835461  -0.01038367 0.9646729 0.5102662
h5:inflation                 0.1890172  -0.14369363 0.5681126 0.8884008
h5:economic_activity         0.3044679   0.01912139 1.0670111 0.4158561

$diagnostic_list$`Shock: inflation_expectations_3y`[[6]]
                               R-sqrd. Adj. R-sqrd.    F-stat   p-value
h6:monetary_policy           0.3541544   0.08221937 1.3023494 0.2455416
h6:inflation_expectations_1y 0.3918715   0.13581746 1.5304249 0.1393313
h6:inflation_expectations_3y 0.3482417   0.07381714 1.2689888 0.2657481
h6:inflation                 0.3262773   0.04260463 1.1501894 0.3485349
h6:economic_activity         0.2479402  -0.06871657 0.7829935 0.6939753

$diagnostic_list$`Shock: inflation_expectations_3y`[[7]]
                               R-sqrd. Adj. R-sqrd.    F-stat    p-value
h7:monetary_policy           0.4083125   0.15244762 1.5958130 0.11907767
h7:inflation_expectations_1y 0.3570597   0.07903151 1.2842572 0.25765988
h7:inflation_expectations_3y 0.4452107   0.20530177 1.8557489 0.06023072
h7:inflation                 0.2884078  -0.01930781 0.9372544 0.53772826
h7:economic_activity         0.1838797  -0.16903715 0.5210284 0.91876557

$diagnostic_list$`Shock: inflation_expectations_3y`[[8]]
                               R-sqrd. Adj. R-sqrd.    F-stat    p-value
h8:monetary_policy           0.4577303   0.21672161 1.8992272 0.05477049
h8:inflation_expectations_1y 0.4963618   0.27252261 2.2174928 0.02358850
h8:inflation_expectations_3y 0.2947184  -0.01874004 0.9402152 0.53514495
h8:inflation                 0.2970505  -0.01537155 0.9507988 0.52484888
h8:economic_activity         0.2817652  -0.03745030 0.8826802 0.59230852

$diagnostic_list$`Shock: inflation_expectations_3y`[[9]]
                               R-sqrd. Adj. R-sqrd.    F-stat      p-value
h9:monetary_policy           0.6289007   0.45925530 3.7071487 0.0005908206
h9:inflation_expectations_1y 0.5092481   0.28490432 2.2699455 0.0212343456
h9:inflation_expectations_3y 0.3803119   0.09702594 1.3425017 0.2272908080
h9:inflation                 0.2851473  -0.04164256 0.8725708 0.6025676466
h9:economic_activity         0.3864684   0.10599676 1.3779233 0.2089085496

$diagnostic_list$`Shock: inflation_expectations_3y`[[10]]
                                R-sqrd. Adj. R-sqrd.    F-stat     p-value
h10:monetary_policy           0.4525902  0.194985589 1.7569181 0.082370080
h10:inflation_expectations_1y 0.5980158  0.408846708 3.1612769 0.002348521
h10:inflation_expectations_3y 0.2888083 -0.045870175 0.8629426 0.612295504
h10:inflation                 0.2223913 -0.143542269 0.6077368 0.855381397
h10:economic_activity         0.3258852  0.008654681 1.0272820 0.454626197

$diagnostic_list$`Shock: inflation_expectations_3y`[[11]]
                                R-sqrd. Adj. R-sqrd.    F-stat    p-value
h11:monetary_policy           0.4308834   0.15494802 1.5615374 0.13644958
h11:inflation_expectations_1y 0.4878559   0.23954368 1.9646873 0.04957163
h11:inflation_expectations_3y 0.3605532   0.05051837 1.1629442 0.34470738
h11:inflation                 0.2064286  -0.17833331 0.5365100 0.90684712
h11:economic_activity         0.2892389  -0.05537259 0.8393188 0.63602426

$diagnostic_list$`Shock: inflation_expectations_3y`[[12]]
                                R-sqrd. Adj. R-sqrd.    F-stat     p-value
h12:monetary_policy           0.4328036  0.149205457 1.5261157 0.150639534
h12:inflation_expectations_1y 0.5876374  0.381456047 2.8501000 0.005684631
h12:inflation_expectations_3y 0.3321664 -0.001750395 0.9947580 0.485475468
h12:inflation                 0.3176571 -0.023514413 0.9310774 0.545399650
h12:economic_activity         0.4137929  0.120689424 1.4117638 0.197779817


$diagnostic_list$`Shock: inflation`
$diagnostic_list$`Shock: inflation`[[1]]
                               R-sqrd. Adj. R-sqrd.   F-stat      p-value
h1:monetary_policy           0.4181641   0.20166706 1.931500 4.383638e-02
h1:inflation_expectations_1y 0.6075464   0.46151720 4.160444 9.517228e-05
h1:inflation_expectations_3y 0.4076439   0.18723237 1.849467 5.527403e-02
h1:inflation                 0.3732439   0.14003231 1.600452 1.101930e-01
h1:economic_activity         0.2865280   0.02104998 1.079291 4.024192e-01

$diagnostic_list$`Shock: inflation`[[2]]
                               R-sqrd. Adj. R-sqrd.    F-stat   p-value
h2:monetary_policy           0.2750187 -0.001164648 0.9957831 0.4791200
h2:inflation_expectations_1y 0.3548662  0.109100979 1.4439235 0.1683527
h2:inflation_expectations_3y 0.2217121 -0.074778485 0.7477880 0.7306863
h2:inflation                 0.1515777 -0.171630768 0.4689782 0.9487688
h2:economic_activity         0.2967413  0.028833282 1.1076238 0.3790628

$diagnostic_list$`Shock: inflation`[[3]]
                               R-sqrd. Adj. R-sqrd.    F-stat   p-value
h3:monetary_policy           0.2682180 -0.017355532 0.9392257 0.5346551
h3:inflation_expectations_1y 0.3051880  0.034041802 1.1255478 0.3651806
h3:inflation_expectations_3y 0.1324630 -0.206088076 0.3912644 0.9773131
h3:inflation                 0.1615129 -0.165701644 0.4935993 0.9361038
h3:economic_activity         0.2786763 -0.002815834 0.9899968 0.4850723

$diagnostic_list$`Shock: inflation`[[4]]
                               R-sqrd. Adj. R-sqrd.    F-stat   p-value
h4:monetary_policy           0.2673858  -0.02565992 0.9124371 0.5617375
h4:inflation_expectations_1y 0.3010575   0.02148051 1.0768322 0.4066221
h4:inflation_expectations_3y 0.2549898  -0.04301429 0.8556587 0.6197040
h4:inflation                 0.2065532  -0.11082550 0.6508099 0.8221918
h4:economic_activity         0.2773589  -0.01169755 0.9595319 0.5149133

$diagnostic_list$`Shock: inflation`[[5]]
                               R-sqrd. Adj. R-sqrd.    F-stat   p-value
h5:monetary_policy           0.2737321  -0.02422400 0.9186994 0.5556338
h5:inflation_expectations_1y 0.3249908   0.04806390 1.1735617 0.3298398
h5:inflation_expectations_3y 0.2835461  -0.01038367 0.9646729 0.5102662
h5:inflation                 0.1890172  -0.14369363 0.5681126 0.8884008
h5:economic_activity         0.3044679   0.01912139 1.0670111 0.4158561

$diagnostic_list$`Shock: inflation`[[6]]
                               R-sqrd. Adj. R-sqrd.    F-stat   p-value
h6:monetary_policy           0.3541544   0.08221937 1.3023494 0.2455416
h6:inflation_expectations_1y 0.3918715   0.13581746 1.5304249 0.1393313
h6:inflation_expectations_3y 0.3482417   0.07381714 1.2689888 0.2657481
h6:inflation                 0.3262773   0.04260463 1.1501894 0.3485349
h6:economic_activity         0.2479402  -0.06871657 0.7829935 0.6939753

$diagnostic_list$`Shock: inflation`[[7]]
                               R-sqrd. Adj. R-sqrd.    F-stat    p-value
h7:monetary_policy           0.4083125   0.15244762 1.5958130 0.11907767
h7:inflation_expectations_1y 0.3570597   0.07903151 1.2842572 0.25765988
h7:inflation_expectations_3y 0.4452107   0.20530177 1.8557489 0.06023072
h7:inflation                 0.2884078  -0.01930781 0.9372544 0.53772826
h7:economic_activity         0.1838797  -0.16903715 0.5210284 0.91876557

$diagnostic_list$`Shock: inflation`[[8]]
                               R-sqrd. Adj. R-sqrd.    F-stat    p-value
h8:monetary_policy           0.4577303   0.21672161 1.8992272 0.05477049
h8:inflation_expectations_1y 0.4963618   0.27252261 2.2174928 0.02358850
h8:inflation_expectations_3y 0.2947184  -0.01874004 0.9402152 0.53514495
h8:inflation                 0.2970505  -0.01537155 0.9507988 0.52484888
h8:economic_activity         0.2817652  -0.03745030 0.8826802 0.59230852

$diagnostic_list$`Shock: inflation`[[9]]
                               R-sqrd. Adj. R-sqrd.    F-stat      p-value
h9:monetary_policy           0.6289007   0.45925530 3.7071487 0.0005908206
h9:inflation_expectations_1y 0.5092481   0.28490432 2.2699455 0.0212343456
h9:inflation_expectations_3y 0.3803119   0.09702594 1.3425017 0.2272908080
h9:inflation                 0.2851473  -0.04164256 0.8725708 0.6025676466
h9:economic_activity         0.3864684   0.10599676 1.3779233 0.2089085496

$diagnostic_list$`Shock: inflation`[[10]]
                                R-sqrd. Adj. R-sqrd.    F-stat     p-value
h10:monetary_policy           0.4525902  0.194985589 1.7569181 0.082370080
h10:inflation_expectations_1y 0.5980158  0.408846708 3.1612769 0.002348521
h10:inflation_expectations_3y 0.2888083 -0.045870175 0.8629426 0.612295504
h10:inflation                 0.2223913 -0.143542269 0.6077368 0.855381397
h10:economic_activity         0.3258852  0.008654681 1.0272820 0.454626197

$diagnostic_list$`Shock: inflation`[[11]]
                                R-sqrd. Adj. R-sqrd.    F-stat    p-value
h11:monetary_policy           0.4308834   0.15494802 1.5615374 0.13644958
h11:inflation_expectations_1y 0.4878559   0.23954368 1.9646873 0.04957163
h11:inflation_expectations_3y 0.3605532   0.05051837 1.1629442 0.34470738
h11:inflation                 0.2064286  -0.17833331 0.5365100 0.90684712
h11:economic_activity         0.2892389  -0.05537259 0.8393188 0.63602426

$diagnostic_list$`Shock: inflation`[[12]]
                                R-sqrd. Adj. R-sqrd.    F-stat     p-value
h12:monetary_policy           0.4328036  0.149205457 1.5261157 0.150639534
h12:inflation_expectations_1y 0.5876374  0.381456047 2.8501000 0.005684631
h12:inflation_expectations_3y 0.3321664 -0.001750395 0.9947580 0.485475468
h12:inflation                 0.3176571 -0.023514413 0.9310774 0.545399650
h12:economic_activity         0.4137929  0.120689424 1.4117638 0.197779817


$diagnostic_list$`Shock: economic_activity`
$diagnostic_list$`Shock: economic_activity`[[1]]
                               R-sqrd. Adj. R-sqrd.   F-stat      p-value
h1:monetary_policy           0.4181641   0.20166706 1.931500 4.383638e-02
h1:inflation_expectations_1y 0.6075464   0.46151720 4.160444 9.517228e-05
h1:inflation_expectations_3y 0.4076439   0.18723237 1.849467 5.527403e-02
h1:inflation                 0.3732439   0.14003231 1.600452 1.101930e-01
h1:economic_activity         0.2865280   0.02104998 1.079291 4.024192e-01

$diagnostic_list$`Shock: economic_activity`[[2]]
                               R-sqrd. Adj. R-sqrd.    F-stat   p-value
h2:monetary_policy           0.2750187 -0.001164648 0.9957831 0.4791200
h2:inflation_expectations_1y 0.3548662  0.109100979 1.4439235 0.1683527
h2:inflation_expectations_3y 0.2217121 -0.074778485 0.7477880 0.7306863
h2:inflation                 0.1515777 -0.171630768 0.4689782 0.9487688
h2:economic_activity         0.2967413  0.028833282 1.1076238 0.3790628

$diagnostic_list$`Shock: economic_activity`[[3]]
                               R-sqrd. Adj. R-sqrd.    F-stat   p-value
h3:monetary_policy           0.2682180 -0.017355532 0.9392257 0.5346551
h3:inflation_expectations_1y 0.3051880  0.034041802 1.1255478 0.3651806
h3:inflation_expectations_3y 0.1324630 -0.206088076 0.3912644 0.9773131
h3:inflation                 0.1615129 -0.165701644 0.4935993 0.9361038
h3:economic_activity         0.2786763 -0.002815834 0.9899968 0.4850723

$diagnostic_list$`Shock: economic_activity`[[4]]
                               R-sqrd. Adj. R-sqrd.    F-stat   p-value
h4:monetary_policy           0.2673858  -0.02565992 0.9124371 0.5617375
h4:inflation_expectations_1y 0.3010575   0.02148051 1.0768322 0.4066221
h4:inflation_expectations_3y 0.2549898  -0.04301429 0.8556587 0.6197040
h4:inflation                 0.2065532  -0.11082550 0.6508099 0.8221918
h4:economic_activity         0.2773589  -0.01169755 0.9595319 0.5149133

$diagnostic_list$`Shock: economic_activity`[[5]]
                               R-sqrd. Adj. R-sqrd.    F-stat   p-value
h5:monetary_policy           0.2737321  -0.02422400 0.9186994 0.5556338
h5:inflation_expectations_1y 0.3249908   0.04806390 1.1735617 0.3298398
h5:inflation_expectations_3y 0.2835461  -0.01038367 0.9646729 0.5102662
h5:inflation                 0.1890172  -0.14369363 0.5681126 0.8884008
h5:economic_activity         0.3044679   0.01912139 1.0670111 0.4158561

$diagnostic_list$`Shock: economic_activity`[[6]]
                               R-sqrd. Adj. R-sqrd.    F-stat   p-value
h6:monetary_policy           0.3541544   0.08221937 1.3023494 0.2455416
h6:inflation_expectations_1y 0.3918715   0.13581746 1.5304249 0.1393313
h6:inflation_expectations_3y 0.3482417   0.07381714 1.2689888 0.2657481
h6:inflation                 0.3262773   0.04260463 1.1501894 0.3485349
h6:economic_activity         0.2479402  -0.06871657 0.7829935 0.6939753

$diagnostic_list$`Shock: economic_activity`[[7]]
                               R-sqrd. Adj. R-sqrd.    F-stat    p-value
h7:monetary_policy           0.4083125   0.15244762 1.5958130 0.11907767
h7:inflation_expectations_1y 0.3570597   0.07903151 1.2842572 0.25765988
h7:inflation_expectations_3y 0.4452107   0.20530177 1.8557489 0.06023072
h7:inflation                 0.2884078  -0.01930781 0.9372544 0.53772826
h7:economic_activity         0.1838797  -0.16903715 0.5210284 0.91876557

$diagnostic_list$`Shock: economic_activity`[[8]]
                               R-sqrd. Adj. R-sqrd.    F-stat    p-value
h8:monetary_policy           0.4577303   0.21672161 1.8992272 0.05477049
h8:inflation_expectations_1y 0.4963618   0.27252261 2.2174928 0.02358850
h8:inflation_expectations_3y 0.2947184  -0.01874004 0.9402152 0.53514495
h8:inflation                 0.2970505  -0.01537155 0.9507988 0.52484888
h8:economic_activity         0.2817652  -0.03745030 0.8826802 0.59230852

$diagnostic_list$`Shock: economic_activity`[[9]]
                               R-sqrd. Adj. R-sqrd.    F-stat      p-value
h9:monetary_policy           0.6289007   0.45925530 3.7071487 0.0005908206
h9:inflation_expectations_1y 0.5092481   0.28490432 2.2699455 0.0212343456
h9:inflation_expectations_3y 0.3803119   0.09702594 1.3425017 0.2272908080
h9:inflation                 0.2851473  -0.04164256 0.8725708 0.6025676466
h9:economic_activity         0.3864684   0.10599676 1.3779233 0.2089085496

$diagnostic_list$`Shock: economic_activity`[[10]]
                                R-sqrd. Adj. R-sqrd.    F-stat     p-value
h10:monetary_policy           0.4525902  0.194985589 1.7569181 0.082370080
h10:inflation_expectations_1y 0.5980158  0.408846708 3.1612769 0.002348521
h10:inflation_expectations_3y 0.2888083 -0.045870175 0.8629426 0.612295504
h10:inflation                 0.2223913 -0.143542269 0.6077368 0.855381397
h10:economic_activity         0.3258852  0.008654681 1.0272820 0.454626197

$diagnostic_list$`Shock: economic_activity`[[11]]
                                R-sqrd. Adj. R-sqrd.    F-stat    p-value
h11:monetary_policy           0.4308834   0.15494802 1.5615374 0.13644958
h11:inflation_expectations_1y 0.4878559   0.23954368 1.9646873 0.04957163
h11:inflation_expectations_3y 0.3605532   0.05051837 1.1629442 0.34470738
h11:inflation                 0.2064286  -0.17833331 0.5365100 0.90684712
h11:economic_activity         0.2892389  -0.05537259 0.8393188 0.63602426

$diagnostic_list$`Shock: economic_activity`[[12]]
                                R-sqrd. Adj. R-sqrd.    F-stat     p-value
h12:monetary_policy           0.4328036  0.149205457 1.5261157 0.150639534
h12:inflation_expectations_1y 0.5876374  0.381456047 2.8501000 0.005684631
h12:inflation_expectations_3y 0.3321664 -0.001750395 0.9947580 0.485475468
h12:inflation                 0.3176571 -0.023514413 0.9310774 0.545399650
h12:economic_activity         0.4137929  0.120689424 1.4117638 0.197779817



$specs
$specs$lags_endog_lin
SC(n) 
    1 

$specs$lags_criterion
[1] NaN

$specs$max_lags
[1] NaN

$specs$trend
[1] 0

$specs$shock_type
[1] 0

$specs$confint
[1] 1.65

$specs$hor
[1] 12

$specs$use_nw
[1] TRUE

$specs$nw_prewhite
[1] FALSE

$specs$adjust_se
[1] FALSE

$specs$use_twosls
[1] FALSE

$specs$contemp_data
$specs$contemp_data$dummy
 [1] 0 0 0 0 0 0 0 0 0 0 0 0 0 0 0 0 0 0 0 0 0 0 0 0 0 0 1 1 1 1 0 1 0 1 0 0 0 0 0 0 0 0 0 0 0 0 0 0 0 0 0 0 0 0 0 0 0 0 0 0
[61] 0

$specs$contemp_data$Jan
 [1] 0 0 0 0 0 0 0 0 0 0 0 1 0 0 0 0 0 0 0 0 0 0 0 1 0 0 0 0 0 0 0 0 0 0 0 1 0 0 0 0 0 0 0 0 0 0 0 1 0 0 0 0 0 0 0 0 0 0 0 1
[61] 0

$specs$contemp_data$Feb
 [1] 1 0 0 0 0 0 0 0 0 0 0 0 1 0 0 0 0 0 0 0 0 0 0 0 1 0 0 0 0 0 0 0 0 0 0 0 1 0 0 0 0 0 0 0 0 0 0 0 1 0 0 0 0 0 0 0 0 0 0 0
[61] 1

$specs$contemp_data$Mar
 [1] 0 1 0 0 0 0 0 0 0 0 0 0 0 1 0 0 0 0 0 0 0 0 0 0 0 1 0 0 0 0 0 0 0 0 0 0 0 1 0 0 0 0 0 0 0 0 0 0 0 1 0 0 0 0 0 0 0 0 0 0
[61] 0

$specs$contemp_data$Apr
 [1] 0 0 1 0 0 0 0 0 0 0 0 0 0 0 1 0 0 0 0 0 0 0 0 0 0 0 1 0 0 0 0 0 0 0 0 0 0 0 1 0 0 0 0 0 0 0 0 0 0 0 1 0 0 0 0 0 0 0 0 0
[61] 0

$specs$contemp_data$May
 [1] 0 0 0 1 0 0 0 0 0 0 0 0 0 0 0 1 0 0 0 0 0 0 0 0 0 0 0 1 0 0 0 0 0 0 0 0 0 0 0 1 0 0 0 0 0 0 0 0 0 0 0 1 0 0 0 0 0 0 0 0
[61] 0

$specs$contemp_data$Jun
 [1] 0 0 0 0 1 0 0 0 0 0 0 0 0 0 0 0 1 0 0 0 0 0 0 0 0 0 0 0 1 0 0 0 0 0 0 0 0 0 0 0 1 0 0 0 0 0 0 0 0 0 0 0 1 0 0 0 0 0 0 0
[61] 0

$specs$contemp_data$Jul
 [1] 0 0 0 0 0 1 0 0 0 0 0 0 0 0 0 0 0 1 0 0 0 0 0 0 0 0 0 0 0 1 0 0 0 0 0 0 0 0 0 0 0 1 0 0 0 0 0 0 0 0 0 0 0 1 0 0 0 0 0 0
[61] 0

$specs$contemp_data$Aug
 [1] 0 0 0 0 0 0 1 0 0 0 0 0 0 0 0 0 0 0 1 0 0 0 0 0 0 0 0 0 0 0 1 0 0 0 0 0 0 0 0 0 0 0 1 0 0 0 0 0 0 0 0 0 0 0 1 0 0 0 0 0
[61] 0

$specs$contemp_data$Sep
 [1] 0 0 0 0 0 0 0 1 0 0 0 0 0 0 0 0 0 0 0 1 0 0 0 0 0 0 0 0 0 0 0 1 0 0 0 0 0 0 0 0 0 0 0 1 0 0 0 0 0 0 0 0 0 0 0 1 0 0 0 0
[61] 0

$specs$contemp_data$Oct
 [1] 0 0 0 0 0 0 0 0 1 0 0 0 0 0 0 0 0 0 0 0 1 0 0 0 0 0 0 0 0 0 0 0 1 0 0 0 0 0 0 0 0 0 0 0 1 0 0 0 0 0 0 0 0 0 0 0 1 0 0 0
[61] 0


$specs$model_type
[1] 0

$specs$starts
[1] 1

$specs$ends
[1] 61

$specs$column_names
[1] "monetary_policy"           "inflation_expectations_1y" "inflation_expectations_3y" "inflation"                
[5] "economic_activity"        

$specs$endog
[1] 5

$specs$y_lin
   monetary_policy inflation_expectations_1y inflation_expectations_3y     inflation economic_activity
2    -0.0111917096              -0.093069017              -0.116992518  0.0118791283      0.0132147973
3    -0.0413549361              -0.179841030              -0.082446768 -0.0180540196      0.0197042191
4    -0.0350251880               0.042644040              -0.009027443  0.0117895324      0.0091204916
5    -0.0071230184               0.038628823              -0.004366708  0.0080067127      0.0256060314
6     0.0065492553               0.037587716               0.047957221 -0.0080781182     -0.0008554676
7     0.0389200520               0.042232388              -0.051764649 -0.0091070197      0.0134624669
8     0.0308289164               0.066831950               0.083116914  0.0035186802      0.0099315901
9     0.0523593533               0.074361879               0.104697282  0.0072325549      0.0093828680
10    0.0886261696               0.097256869               0.129269948  0.0109363479      0.0019638250
11    0.0529467990               0.090859949               0.040770491 -0.0256428615      0.0024138617
12    0.0001738821               0.150130443               0.168118070 -0.0087928721     -0.0039597521
13    0.0316779570               0.154457901               0.190173118 -0.0192514804      0.0121072497
14    0.0553880493               0.016860856               0.023610225  0.0121350319      0.0036954885
15    0.0091041441               0.081748607               0.155708559  0.0254869151      0.0040989018
16    0.0349790928              -0.092583911               0.021248402  0.0315361282      0.0142325513
17   -0.0051318081              -0.193230976              -0.043276262 -0.0135380408     -0.0038460784
18   -0.0843453268               0.067156473               0.059606826 -0.0237050248      0.0003874938
19   -0.1283953854               0.028570973               0.007379959  0.0070212946     -0.0030995371
20   -0.0565131323              -0.110390831              -0.043736816 -0.0008099038     -0.0027487440
21   -0.0550436962              -0.009296058              -0.148649219  0.0022449886      0.0100916736
22   -0.0278097066              -0.137446744              -0.128886832  0.0149056931     -0.0068965871
23   -0.0212031285              -0.102682542               0.022526063  0.0056048268     -0.0018302030
24    0.0375751812               0.085885577               0.040433270  0.0166801358     -0.0053688531
25    0.0554921794               0.052676001               0.034575991 -0.0032142186      0.0092054021
26    0.0521998007               0.082834189               0.071948279 -0.0143825022      0.0065049140
27   -0.0390732112               0.059890764              -0.139321440 -0.0765488966     -0.1095376270
28    0.0380369678               0.110803355               0.054336359 -0.1180561839     -0.8013817712
29    0.0034908949               0.440086455               0.002754213 -0.0394295123      0.1819834628
30   -0.0215275823               0.060988570              -0.180594733  0.0227326525      0.1811371292
31    0.0250372055               0.192429026               0.022748256  0.0290171471     -0.0032090982
32    0.0136612638               0.215418333               0.210000612  0.0188797606      0.1242242661
33   -0.0779902271               0.090842219              -0.097192097 -0.0081495346      0.0427062365
34   -0.0166607789              -0.176135374              -0.211683475 -0.0273674729      0.0659089440
35   -0.0102395287              -0.189613815              -0.173824252 -0.0169879726      0.0090416110
36   -0.0184030670              -0.309955966              -0.096708136  0.0137622962     -0.0200398947
37   -0.0072431493              -0.438829199              -0.136241740 -0.0175590348      0.0297735978
38    0.0047185211              -0.586924618              -0.252722198 -0.0022948550      0.0122939477
39    0.0267092888              -0.640823289              -0.247849266  0.0090208096      0.0224621217
40    0.0124783797              -0.744269330              -0.328708352  0.0296218439     -0.0027052872
41    0.0217458993              -0.331977245               0.061289940  0.0278964532      0.0234591779
42    0.0367189018               0.239203704              -0.036411180  0.0417894154      0.0133334691
43   -0.0442814443               0.051907720               0.062479848 -0.0037102132      0.0466232530
44   -0.0329321607               0.168972059               0.295863311 -0.0101886004      0.0231090359
45   -0.0039113497               0.091561951               0.448800361 -0.0095415708      0.0349689544
46    0.0440110650               0.244040498               0.439272896  0.0513660931      0.0238252787
47    0.0487212504               0.420618875               0.227962584  0.0346746044      0.0237066681
48   -0.0049926607               0.265010741               0.220814479  0.0322088457      0.0235842891
49    0.0231662842              -0.056457642              -0.282966474  0.0093029159     -0.0110638564
50    0.0172578443               0.063072574               0.047559850  0.0216592661      0.0313075917
51    0.0345773340               0.583575145              -0.006092132  0.0594986810      0.0032570089
52    0.0042056036               0.310877420               0.279880828 -0.0193295446     -0.0042385199
53   -0.0232192660               0.535617968               0.326312135  0.0475641271     -0.0153374760
54   -0.0092647550               0.756444779               0.145136221  0.0829906319     -0.0114672989
55   -0.0034404738               0.249347053              -0.203776953 -0.0724345513     -0.0001570211
56   -0.0404738188              -0.163336671              -0.538329081 -0.0398569237     -0.0222817013
57   -0.0018259474              -0.387472074              -0.287419250 -0.0177631399     -0.0027547779
58    0.0045661819               0.208077418               0.011815895 -0.0082045127     -0.0219807589
59   -0.0019349646              -0.407923836              -0.001392901 -0.0432906191     -0.0099343622
60   -0.0197236991              -0.539237661               0.094962482 -0.0521834854     -0.0180533987
61    0.0028729599              -0.472610574              -0.084508752 -0.0042564185     -0.0088103979

$specs$x_lin
   monetary_policy_lag_1 inflation_expectations_1y_lag_1 inflation_expectations_3y_lag_1 inflation_lag_1
2          -0.0585215577                    -0.205402860                    -0.218241259    0.0307655897
3          -0.0111917096                    -0.093069017                    -0.116992518    0.0118791283
4          -0.0413549361                    -0.179841030                    -0.082446768   -0.0180540196
5          -0.0350251880                     0.042644040                    -0.009027443    0.0117895324
6          -0.0071230184                     0.038628823                    -0.004366708    0.0080067127
7           0.0065492553                     0.037587716                     0.047957221   -0.0080781182
8           0.0389200520                     0.042232388                    -0.051764649   -0.0091070197
9           0.0308289164                     0.066831950                     0.083116914    0.0035186802
10          0.0523593533                     0.074361879                     0.104697282    0.0072325549
11          0.0886261696                     0.097256869                     0.129269948    0.0109363479
12          0.0529467990                     0.090859949                     0.040770491   -0.0256428615
13          0.0001738821                     0.150130443                     0.168118070   -0.0087928721
14          0.0316779570                     0.154457901                     0.190173118   -0.0192514804
15          0.0553880493                     0.016860856                     0.023610225    0.0121350319
16          0.0091041441                     0.081748607                     0.155708559    0.0254869151
17          0.0349790928                    -0.092583911                     0.021248402    0.0315361282
18         -0.0051318081                    -0.193230976                    -0.043276262   -0.0135380408
19         -0.0843453268                     0.067156473                     0.059606826   -0.0237050248
20         -0.1283953854                     0.028570973                     0.007379959    0.0070212946
21         -0.0565131323                    -0.110390831                    -0.043736816   -0.0008099038
22         -0.0550436962                    -0.009296058                    -0.148649219    0.0022449886
23         -0.0278097066                    -0.137446744                    -0.128886832    0.0149056931
24         -0.0212031285                    -0.102682542                     0.022526063    0.0056048268
25          0.0375751812                     0.085885577                     0.040433270    0.0166801358
26          0.0554921794                     0.052676001                     0.034575991   -0.0032142186
27          0.0521998007                     0.082834189                     0.071948279   -0.0143825022
28         -0.0390732112                     0.059890764                    -0.139321440   -0.0765488966
29          0.0380369678                     0.110803355                     0.054336359   -0.1180561839
30          0.0034908949                     0.440086455                     0.002754213   -0.0394295123
31         -0.0215275823                     0.060988570                    -0.180594733    0.0227326525
32          0.0250372055                     0.192429026                     0.022748256    0.0290171471
33          0.0136612638                     0.215418333                     0.210000612    0.0188797606
34         -0.0779902271                     0.090842219                    -0.097192097   -0.0081495346
35         -0.0166607789                    -0.176135374                    -0.211683475   -0.0273674729
36         -0.0102395287                    -0.189613815                    -0.173824252   -0.0169879726
37         -0.0184030670                    -0.309955966                    -0.096708136    0.0137622962
38         -0.0072431493                    -0.438829199                    -0.136241740   -0.0175590348
39          0.0047185211                    -0.586924618                    -0.252722198   -0.0022948550
40          0.0267092888                    -0.640823289                    -0.247849266    0.0090208096
41          0.0124783797                    -0.744269330                    -0.328708352    0.0296218439
42          0.0217458993                    -0.331977245                     0.061289940    0.0278964532
43          0.0367189018                     0.239203704                    -0.036411180    0.0417894154
44         -0.0442814443                     0.051907720                     0.062479848   -0.0037102132
45         -0.0329321607                     0.168972059                     0.295863311   -0.0101886004
46         -0.0039113497                     0.091561951                     0.448800361   -0.0095415708
47          0.0440110650                     0.244040498                     0.439272896    0.0513660931
48          0.0487212504                     0.420618875                     0.227962584    0.0346746044
49         -0.0049926607                     0.265010741                     0.220814479    0.0322088457
50          0.0231662842                    -0.056457642                    -0.282966474    0.0093029159
51          0.0172578443                     0.063072574                     0.047559850    0.0216592661
52          0.0345773340                     0.583575145                    -0.006092132    0.0594986810
53          0.0042056036                     0.310877420                     0.279880828   -0.0193295446
54         -0.0232192660                     0.535617968                     0.326312135    0.0475641271
55         -0.0092647550                     0.756444779                     0.145136221    0.0829906319
56         -0.0034404738                     0.249347053                    -0.203776953   -0.0724345513
57         -0.0404738188                    -0.163336671                    -0.538329081   -0.0398569237
58         -0.0018259474                    -0.387472074                    -0.287419250   -0.0177631399
59          0.0045661819                     0.208077418                     0.011815895   -0.0082045127
60         -0.0019349646                    -0.407923836                    -0.001392901   -0.0432906191
61         -0.0197236991                    -0.539237661                     0.094962482   -0.0521834854
   economic_activity_lag_1 dummy Jan Feb Mar Apr May Jun Jul Aug Sep Oct
2             0.0097286005     0   0   0   1   0   0   0   0   0   0   0
3             0.0132147973     0   0   0   0   1   0   0   0   0   0   0
4             0.0197042191     0   0   0   0   0   1   0   0   0   0   0
5             0.0091204916     0   0   0   0   0   0   1   0   0   0   0
6             0.0256060314     0   0   0   0   0   0   0   1   0   0   0
7            -0.0008554676     0   0   0   0   0   0   0   0   1   0   0
8             0.0134624669     0   0   0   0   0   0   0   0   0   1   0
9             0.0099315901     0   0   0   0   0   0   0   0   0   0   1
10            0.0093828680     0   0   0   0   0   0   0   0   0   0   0
11            0.0019638250     0   0   0   0   0   0   0   0   0   0   0
12            0.0024138617     0   1   0   0   0   0   0   0   0   0   0
13           -0.0039597521     0   0   1   0   0   0   0   0   0   0   0
14            0.0121072497     0   0   0   1   0   0   0   0   0   0   0
15            0.0036954885     0   0   0   0   1   0   0   0   0   0   0
16            0.0040989018     0   0   0   0   0   1   0   0   0   0   0
17            0.0142325513     0   0   0   0   0   0   1   0   0   0   0
18           -0.0038460784     0   0   0   0   0   0   0   1   0   0   0
19            0.0003874938     0   0   0   0   0   0   0   0   1   0   0
20           -0.0030995371     0   0   0   0   0   0   0   0   0   1   0
21           -0.0027487440     0   0   0   0   0   0   0   0   0   0   1
22            0.0100916736     0   0   0   0   0   0   0   0   0   0   0
23           -0.0068965871     0   0   0   0   0   0   0   0   0   0   0
24           -0.0018302030     0   1   0   0   0   0   0   0   0   0   0
25           -0.0053688531     0   0   1   0   0   0   0   0   0   0   0
26            0.0092054021     0   0   0   1   0   0   0   0   0   0   0
27            0.0065049140     1   0   0   0   1   0   0   0   0   0   0
28           -0.1095376270     1   0   0   0   0   1   0   0   0   0   0
29           -0.8013817712     1   0   0   0   0   0   1   0   0   0   0
30            0.1819834628     1   0   0   0   0   0   0   1   0   0   0
31            0.1811371292     0   0   0   0   0   0   0   0   1   0   0
32           -0.0032090982     1   0   0   0   0   0   0   0   0   1   0
33            0.1242242661     0   0   0   0   0   0   0   0   0   0   1
34            0.0427062365     1   0   0   0   0   0   0   0   0   0   0
35            0.0659089440     0   0   0   0   0   0   0   0   0   0   0
36            0.0090416110     0   1   0   0   0   0   0   0   0   0   0
37           -0.0200398947     0   0   1   0   0   0   0   0   0   0   0
38            0.0297735978     0   0   0   1   0   0   0   0   0   0   0
39            0.0122939477     0   0   0   0   1   0   0   0   0   0   0
40            0.0224621217     0   0   0   0   0   1   0   0   0   0   0
41           -0.0027052872     0   0   0   0   0   0   1   0   0   0   0
42            0.0234591779     0   0   0   0   0   0   0   1   0   0   0
43            0.0133334691     0   0   0   0   0   0   0   0   1   0   0
44            0.0466232530     0   0   0   0   0   0   0   0   0   1   0
45            0.0231090359     0   0   0   0   0   0   0   0   0   0   1
46            0.0349689544     0   0   0   0   0   0   0   0   0   0   0
47            0.0238252787     0   0   0   0   0   0   0   0   0   0   0
48            0.0237066681     0   1   0   0   0   0   0   0   0   0   0
49            0.0235842891     0   0   1   0   0   0   0   0   0   0   0
50           -0.0110638564     0   0   0   1   0   0   0   0   0   0   0
51            0.0313075917     0   0   0   0   1   0   0   0   0   0   0
52            0.0032570089     0   0   0   0   0   1   0   0   0   0   0
53           -0.0042385199     0   0   0   0   0   0   1   0   0   0   0
54           -0.0153374760     0   0   0   0   0   0   0   1   0   0   0
55           -0.0114672989     0   0   0   0   0   0   0   0   1   0   0
56           -0.0001570211     0   0   0   0   0   0   0   0   0   1   0
57           -0.0222817013     0   0   0   0   0   0   0   0   0   0   1
58           -0.0027547779     0   0   0   0   0   0   0   0   0   0   0
59           -0.0219807589     0   0   0   0   0   0   0   0   0   0   0
60           -0.0099343622     0   1   0   0   0   0   0   0   0   0   0
61           -0.0180533987     0   0   1   0   0   0   0   0   0   0   0


attr(,"class")
[1] "lpirfs_lin_obj"
