[1] "government_spending"  "djn level estimation"
                   1             2             3             4             5             6
AIC(n) -2.732742e+01 -2.728014e+01 -2.725633e+01 -2.767587e+01 -2.854631e+01 -3.075459e+01
HQ(n)  -2.611999e+01 -2.571758e+01 -2.533865e+01 -2.540306e+01 -2.591837e+01 -2.777153e+01
SC(n)  -2.419662e+01 -2.322850e+01 -2.228387e+01 -2.178258e+01 -2.173220e+01 -2.301965e+01
FPE(n)  1.513247e-12  1.825399e-12  2.381555e-12  2.329725e-12  1.860960e-12  6.040270e-13
                   1             2             3             4             5             6
AIC(n) -2.732742e+01 -2.728014e+01 -2.725633e+01 -2.767587e+01 -2.854631e+01 -3.075459e+01
HQ(n)  -2.611999e+01 -2.571758e+01 -2.533865e+01 -2.540306e+01 -2.591837e+01 -2.777153e+01
SC(n)  -2.419662e+01 -2.322850e+01 -2.228387e+01 -2.178258e+01 -2.173220e+01 -2.301965e+01
FPE(n)  1.513247e-12  1.825399e-12  2.381555e-12  2.329725e-12  1.860960e-12  6.040270e-13
$irf_lin_mean
, , 1

             [,1]          [,2]         [,3]          [,4]         [,5]          [,6]          [,7]          [,8]
[1,]  0.004889653 -0.0006551123 -0.001232573  0.0004718045 -0.001170564  0.0004214552  0.0009656595  0.0001687460
[2,]  0.005890998  0.0831104307 -0.027270919 -0.0032776169  0.022967897  0.0612237037  0.0767233954 -0.0003424241
[3,]  0.077418562  0.0181176871 -0.001923872 -0.0229964446 -0.002742604  0.0156456884  0.0728283912  0.0129095554
[4,]  0.004477846  0.0065285689  0.002940269 -0.0011741569  0.004971771  0.0048432872 -0.0012466980  0.0043390515
[5,] -0.007626476  0.0236447881 -0.001978403 -0.0069484806  0.030017578 -0.0126781200 -0.0257543846  0.0365518587
             [,9]         [,10]        [,11]         [,12]         [,13]
[1,]  0.001396389 -0.0003651478 -0.001388890 -0.0003182325 -0.0007440094
[2,]  0.033228507  0.0401078301  0.016493946 -0.0168819505  0.0669449165
[3,]  0.021066062  0.0132591268 -0.055009083 -0.0345679755  0.0003402884
[4,]  0.011891538  0.0112010341  0.008917059  0.0055282686  0.0083649312
[5,] -0.002105354  0.0121305061  0.012277537 -0.0052499237  0.0112357479

, , 2

             [,1]          [,2]          [,3]          [,4]          [,5]          [,6]         [,7]          [,8]
[1,]  0.000000000 -0.0002438519 -0.0001381336 -0.0003332764  0.0006050957 -0.0008971508 -0.001037895  0.0010668923
[2,]  0.211930436  0.0398190136 -0.0044511726  0.0800389404  0.0783910442  0.0235382350  0.008766343  0.0531681937
[3,]  0.091535031  0.0061541193  0.0002738211  0.0128961917  0.0235698299 -0.0373269383  0.001148767 -0.0009253553
[4,]  0.009589009  0.0070143675  0.0024128030  0.0125228248  0.0101718116  0.0071039213  0.010915454  0.0188908766
[5,] -0.020040683  0.0194432500  0.0094909554 -0.0029041004 -0.0050137232  0.0103074893  0.026600439 -0.0037734754
              [,9]        [,10]         [,11]         [,12]         [,13]
[1,] -0.0008530824 -0.001238702  0.0008517418  3.829069e-05 -0.0009361834
[2,] -0.0116528882 -0.031022080 -0.0013566066 -2.236940e-02 -0.0768545708
[3,] -0.0067371500 -0.042301174 -0.0231193441 -2.558377e-02 -0.0586940488
[4,]  0.0127352322  0.008824598  0.0084573050  1.456902e-02  0.0194115717
[5,]  0.0263115272  0.007230407 -0.0153671545  3.510153e-02  0.0209497968

, , 3

             [,1]          [,2]          [,3]         [,4]          [,5]          [,6]         [,7]         [,8]
[1,]  0.000000000  0.0003196355  0.0008506667 -0.001714650  0.0002615001  0.0027980376 -0.001841072  0.002823508
[2,]  0.000000000  0.0979187432 -0.0426057160  0.056451504 -0.0348882587 -0.0000486718  0.120928669 -0.018995219
[3,]  0.170730249 -0.0071391619  0.0178223347 -0.016966710 -0.0323716382  0.0539086168 -0.010976871  0.089566130
[4,] -0.011141969  0.0023849742 -0.0066238367 -0.007427507 -0.0026313188 -0.0099076699  0.007656916  0.005703551
[5,]  0.008713222 -0.0036843942  0.0014150597 -0.005239960 -0.0054401692 -0.0196249157  0.011894443  0.022223420
             [,9]         [,10]         [,11]         [,12]        [,13]
[1,] -0.001699731 -0.0001088942  0.0001064937 -0.0009922425  0.000127468
[2,]  0.082428730 -0.0206026385  0.1623795370  0.0182643318 -0.017146790
[3,] -0.030397288  0.0542652955  0.0222230141 -0.0342802146 -0.012764346
[4,]  0.007343610  0.0082257695  0.0081789743  0.0061538499 -0.004277289
[5,]  0.031877515  0.0145869704 -0.0248401414  0.0302727199  0.002570911

, , 4

           [,1]          [,2]         [,3]          [,4]          [,5]         [,6]         [,7]          [,8]         [,9]
[1,] 0.00000000 -0.0008329282 -0.001159645  1.999747e-05  0.0002697971  0.001415748  0.001416532  3.695943e-05 -0.001006550
[2,] 0.00000000  0.0148205525  0.025416136 -2.429309e-02 -0.0061676439 -0.008235306 -0.012021187 -3.836645e-02 -0.015770951
[3,] 0.00000000 -0.0124362063 -0.021083735 -3.042430e-02 -0.0106296397  0.020086594 -0.010202131 -2.368581e-02 -0.033839349
[4,] 0.02893192  0.0176979937  0.010207914  6.988045e-03  0.0087409251  0.010257710  0.011627472  1.186203e-02  0.012509782
[5,] 0.05372176  0.0105241425 -0.010580074  1.155358e-02  0.0071476790 -0.003835754 -0.001091377  1.899553e-02  0.008687546
             [,10]         [,11]         [,12]         [,13]
[1,]  0.0001242348 -0.0004798177 -0.0005189999  3.565884e-05
[2,] -0.0032015334  0.0355455188  0.0311110706  5.940700e-03
[3,]  0.0010414798  0.0200137123  0.0106737058  1.229663e-02
[4,]  0.0130377415  0.0164316900  0.0098990431 -2.416899e-03
[5,]  0.0130588293  0.0251224041  0.0002443877 -2.611353e-02

, , 5

           [,1]          [,2]          [,3]         [,4]          [,5]          [,6]         [,7]         [,8]          [,9]
[1,] 0.00000000  0.0004807974  0.0006190745 -0.001257929  0.0001472002  0.0007505741  0.001230897 0.0009337396 -0.0010629019
[2,] 0.00000000 -0.0287506349  0.0998812869  0.008070782 -0.0226639694  0.0245573080  0.095857439 0.0195164122  0.0515193468
[3,] 0.00000000  0.0231218068  0.0699387260 -0.023371261 -0.0396445677  0.0444876772  0.057194875 0.0135957314  0.0277118981
[4,] 0.00000000  0.0001695235 -0.0020195023 -0.005860599 -0.0049874451 -0.0016978321  0.006105376 0.0036946295 -0.0006821715
[5,] 0.09399659 -0.0112308097 -0.0271613017  0.010260611 -0.0012336446  0.0066096243 -0.001618919 0.0073214349  0.0115032781
             [,10]         [,11]        [,12]         [,13]
[1,] -0.0009745734  0.0005279176 -0.001064252  0.0008965785
[2,]  0.0275472235  0.0417251633  0.045101187  0.0514467626
[3,] -0.0169047589  0.0135276509 -0.008030714  0.0467192325
[4,]  0.0041457983  0.0018033908  0.003795406  0.0007257475
[5,]  0.0018335711 -0.0048503277  0.012114936 -0.0172454992


$irf_lin_low
, , 1

             [,1]         [,2]         [,3]         [,4]         [,5]         [,6]          [,7]         [,8]          [,9]
[1,]  0.004889653 -0.002596775 -0.002922334 -0.001867276 -0.003925497 -0.001302838 -0.0006681528 -0.001842720  0.0001072877
[2,]  0.005890998  0.008286566 -0.104529789 -0.094890295 -0.078666812 -0.042846323 -0.0098224479 -0.100949015 -0.0734574160
[3,]  0.077418562 -0.049574505 -0.063323103 -0.109442104 -0.066173201 -0.056981715  0.0257960443 -0.051930144 -0.0462914204
[4,]  0.004477846 -0.003387067 -0.007437867 -0.015291315 -0.011383841 -0.007516394 -0.0107490723 -0.005222502 -0.0035994108
[5,] -0.007626476 -0.007941615 -0.026029256 -0.032540693 -0.011098356 -0.045846952 -0.0814533056 -0.001799410 -0.0379295526
            [,10]        [,11]        [,12]        [,13]
[1,] -0.002214721 -0.003650315 -0.002873271 -0.003051245
[2,] -0.046362656 -0.050525263 -0.117671221 -0.064950607
[3,] -0.055198608 -0.117953988 -0.118473336 -0.065153729
[4,] -0.000528299 -0.004147806 -0.007484773 -0.002298254
[5,] -0.029754825 -0.020818628 -0.032880911 -0.023871212

, , 2

             [,1]         [,2]         [,3]         [,4]         [,5]         [,6]         [,7]        [,8]         [,9]
[1,]  0.000000000 -0.002086838 -0.001917461 -0.002651651 -0.002395893 -0.003106062 -0.004448930 -0.00100422 -0.002170785
[2,]  0.211930436 -0.058554797 -0.099392191 -0.021912872 -0.014004711 -0.089195490 -0.062244837 -0.13348557 -0.103698816
[3,]  0.091535031 -0.074194547 -0.073846903 -0.070881624 -0.046497607 -0.101523151 -0.067191552 -0.10503460 -0.076304212
[4,]  0.009589009 -0.004562599 -0.011468357 -0.003374636 -0.008096220 -0.009936660 -0.002846609  0.00643147  0.001921774
[5,] -0.020040683 -0.012117345 -0.017747226 -0.023815304 -0.030832795 -0.041402061 -0.006803907 -0.03515307 -0.008849454
            [,10]         [,11]        [,12]        [,13]
[1,] -0.003253104 -0.0007134387 -0.002363977 -0.002754079
[2,] -0.158278820 -0.1057581450 -0.157443500 -0.187932318
[3,] -0.128413515 -0.1011139335 -0.191351072 -0.128088427
[4,] -0.009653032 -0.0061108308 -0.003085084 -0.003613579
[5,] -0.041031768 -0.0762385531 -0.017965237 -0.041751299

, , 3

             [,1]          [,2]          [,3]         [,4]         [,5]         [,6]         [,7]          [,8]
[1,]  0.000000000 -0.0009391686 -0.0001560248 -0.002878667 -0.001459705  0.001606895 -0.003012154  0.0016454479
[2,]  0.000000000  0.0566518944 -0.0822116417  0.023213356 -0.074552605 -0.032431032  0.094258108 -0.0959531112
[3,]  0.170730249 -0.0439553030 -0.0099548051 -0.045883731 -0.064959470  0.028821653 -0.041331703  0.0596617954
[4,] -0.011141969 -0.0033245040 -0.0129132222 -0.014211684 -0.009885126 -0.017320403  0.004557888  0.0004373929
[5,]  0.008713222 -0.0171120659 -0.0148755414 -0.018277749 -0.013996157 -0.053703298 -0.008787096  0.0003786605
              [,9]         [,10]        [,11]         [,12]        [,13]
[1,] -2.553047e-03 -0.0015881895 -0.001249607 -0.0025798986 -0.000656509
[2,]  4.204938e-02 -0.0680576578  0.111042023 -0.0156394237 -0.085100245
[3,] -6.113958e-02 -0.0001170701 -0.019594341 -0.0908008549 -0.037152753
[4,] -9.461179e-04  0.0029699048  0.002734977 -0.0004636822 -0.014670986
[5,]  1.134237e-05 -0.0086891357 -0.040323984  0.0141120936 -0.006332931

, , 4

           [,1]         [,2]         [,3]         [,4]         [,5]          [,6]          [,7]         [,8]         [,9]
[1,] 0.00000000 -0.002043488 -0.002276024 -0.001501143 -0.001357136 -0.0001553117 -5.215027e-05 -0.001395837 -0.002045103
[2,] 0.00000000 -0.060975292 -0.061465847 -0.115576112 -0.068145670 -0.0909527019 -7.232156e-02 -0.126665482 -0.087038894
[3,] 0.00000000 -0.072621139 -0.085349925 -0.085515311 -0.061558377 -0.0223600244 -4.873253e-02 -0.074387151 -0.082745574
[4,] 0.02893192  0.005713357 -0.005981861 -0.006223527 -0.002871808 -0.0015283320 -2.715286e-04  0.002131929  0.003825861
[5,] 0.05372176 -0.027245843 -0.039649732 -0.005885916 -0.015109867 -0.0211919870 -1.383471e-02  0.003076087 -0.006803854
             [,10]        [,11]        [,12]        [,13]
[1,] -0.0008517884 -0.001604679 -0.002037815 -0.001536261
[2,] -0.0867862399 -0.034807926 -0.071880616 -0.044816609
[3,] -0.0543836608 -0.023436642 -0.079316883 -0.039455457
[4,]  0.0007853229  0.005881321 -0.003075841 -0.011301132
[5,] -0.0167304718 -0.014390038 -0.031910691 -0.075043159

, , 5

           [,1]          [,2]          [,3]         [,4]          [,5]          [,6]          [,7]          [,8]
[1,] 0.00000000 -0.0002390548  2.286784e-05 -0.002162119 -0.0008244942 -3.777805e-05  5.917343e-04  1.567726e-05
[2,] 0.00000000 -0.0685622739  5.165526e-02 -0.032298607 -0.0481249476 -1.274208e-02  6.278660e-02 -2.167799e-02
[3,] 0.00000000 -0.0086701476  4.129410e-02 -0.047125433 -0.0670612327  2.465875e-02  4.008218e-02 -1.418061e-02
[4,] 0.00000000 -0.0071671706 -1.296163e-02 -0.011979832 -0.0096417040 -7.900687e-03  7.416968e-05 -2.233240e-03
[5,] 0.09399659 -0.0376269335 -4.971486e-02  0.001889770 -0.0097813900 -3.393147e-03 -9.941113e-03 -2.086103e-03
             [,9]        [,10]        [,11]        [,12]         [,13]
[1,] -0.001712871 -0.001322424 -0.000136554 -0.001904422 -7.653756e-06
[2,]  0.011547264 -0.002543035  0.006501929  0.003746178  2.249882e-02
[3,]  0.007435488 -0.055386870 -0.008622610 -0.051208110  2.250230e-02
[4,] -0.006235841 -0.001607683 -0.002913660 -0.003951404 -5.389575e-03
[5,]  0.002382258 -0.008350515 -0.018185935 -0.006082160 -5.155759e-02


$irf_lin_up
, , 1

             [,1]       [,2]         [,3]        [,4]       [,5]        [,6]        [,7]        [,8]       [,9]       [,10]
[1,]  0.004889653 0.00128655 0.0004571883 0.002810885 0.00158437 0.002145748 0.002599472 0.002180212 0.00268549 0.001484426
[2,]  0.005890998 0.15793430 0.0499879502 0.088335061 0.12460261 0.165293730 0.163269239 0.100264167 0.13991443 0.126578316
[3,]  0.077418562 0.08580988 0.0594753591 0.063449214 0.06068799 0.088273092 0.119860738 0.077749255 0.08842354 0.081716862
[4,]  0.004477846 0.01644420 0.0133184048 0.012943002 0.02132738 0.017202969 0.008255676 0.013900605 0.02738249 0.022930367
[5,] -0.007626476 0.05523119 0.0220724502 0.018643732 0.07113351 0.020490712 0.029944536 0.074903127 0.03371885 0.054015837
            [,11]       [,12]       [,13]
[1,] 0.0008725354 0.002236806 0.001563226
[2,] 0.0835131553 0.083907320 0.198840440
[3,] 0.0079358215 0.049337385 0.065834306
[4,] 0.0219819247 0.018541310 0.019028116
[5,] 0.0453737019 0.022381063 0.046342708

, , 2

             [,1]        [,2]        [,3]        [,4]        [,5]        [,6]       [,7]        [,8]         [,9]
[1,]  0.000000000 0.001599134 0.001641193 0.001985098 0.003606085 0.001311761 0.00237314 0.003138004 0.0004646197
[2,]  0.211930436 0.138192824 0.090489845 0.181990752 0.170786799 0.136271960 0.07977752 0.239821957 0.0803930400
[3,]  0.091535031 0.086502785 0.074394545 0.096674008 0.093637267 0.026869274 0.06948909 0.103183888 0.0628299120
[4,]  0.009589009 0.018591334 0.016293963 0.028420286 0.028439843 0.024144503 0.02467752 0.031350283 0.0235486904
[5,] -0.020040683 0.051003845 0.036729137 0.018007103 0.020805348 0.062017040 0.06000479 0.027606117 0.0614725086
           [,10]       [,11]       [,12]        [,13]
[1,] 0.000775701 0.002416922 0.002440558 0.0008817119
[2,] 0.096234660 0.103044932 0.112704701 0.0342231763
[3,] 0.043811167 0.054875245 0.140183526 0.0107003294
[4,] 0.027302227 0.023025441 0.032223123 0.0424367224
[5,] 0.055492583 0.045504244 0.088168303 0.0836508920

, , 3

             [,1]        [,2]          [,3]          [,4]         [,5]         [,6]          [,7]        [,8]          [,9]
[1,]  0.000000000 0.001578440  0.0018573582 -0.0005506334 0.0019827058  0.003989181 -0.0006699904 0.004001567 -0.0008464145
[2,]  0.000000000 0.139185592 -0.0029997902  0.0896896512 0.0047760878  0.032333689  0.1475992295 0.057962674  0.1228080823
[3,]  0.170730249 0.029676979  0.0455994745  0.0119503106 0.0002161935  0.078995581  0.0193779598 0.119470465  0.0003450029
[4,] -0.011141969 0.008094452 -0.0003344512 -0.0006433291 0.0046224884 -0.002494937  0.0107559443 0.010969709  0.0156333371
[5,]  0.008713222 0.009743278  0.0177056609  0.0077978288 0.0031158187  0.014453467  0.0325759822 0.044068180  0.0637436866
           [,10]        [,11]        [,12]       [,13]
[1,] 0.001370401  0.001462594 0.0005954135 0.000911445
[2,] 0.026852381  0.213717051 0.0521680873 0.050806665
[3,] 0.108647661  0.064040370 0.0222404256 0.011624062
[4,] 0.013481634  0.013622971 0.0127713819 0.006116408
[5,] 0.037863077 -0.009356299 0.0464333462 0.011474753

, , 4

           [,1]         [,2]          [,3]        [,4]       [,5]        [,6]        [,7]        [,8]         [,9]
[1,] 0.00000000 0.0003776312 -4.326549e-05 0.001541138 0.00189673 0.002986808 0.002885214 0.001469755 3.200189e-05
[2,] 0.00000000 0.0906163967  1.122981e-01 0.066989939 0.05581038 0.074482091 0.048279185 0.049932573 5.549699e-02
[3,] 0.00000000 0.0477487267  4.318246e-02 0.024666709 0.04029910 0.062533212 0.028328266 0.027015538 1.506688e-02
[4,] 0.02893192 0.0296826305  2.639769e-02 0.020199617 0.02035366 0.022043753 0.023526473 0.021592137 2.119370e-02
[5,] 0.05372176 0.0482941278  1.848958e-02 0.028993066 0.02940522 0.013520479 0.011651951 0.034914972 2.417895e-02
           [,10]        [,11]        [,12]       [,13]
[1,] 0.001100258 0.0006450434 0.0009998149 0.001607579
[2,] 0.080383173 0.1058989631 0.1341027576 0.056698009
[3,] 0.056466620 0.0634640662 0.1006642950 0.064048725
[4,] 0.025290160 0.0269820594 0.0228739269 0.006467334
[5,] 0.042848130 0.0646348462 0.0323994661 0.022816105

, , 5

           [,1]        [,2]         [,3]          [,4]          [,5]        [,6]        [,7]        [,8]          [,9]
[1,] 0.00000000 0.001200650  0.001215281 -0.0003537380  0.0011188947 0.001538926 0.001870060 0.001851802 -0.0004129329
[2,] 0.00000000 0.011061004  0.148107313  0.0484401706  0.0027970088 0.061856699 0.128928283 0.060710815  0.0914914295
[3,] 0.00000000 0.054913761  0.098583351  0.0003829112 -0.0122279027 0.064316606 0.074307565 0.041372073  0.0479883084
[4,] 0.00000000 0.007506218  0.008922624  0.0002586340 -0.0003331862 0.004505023 0.012136583 0.009622499  0.0048714980
[5,] 0.09399659 0.015165314 -0.004607740  0.0186314529  0.0073141008 0.016612396 0.006703275 0.016728973  0.0206242986
             [,10]       [,11]         [,12]       [,13]
[1,] -0.0006267228 0.001192389 -0.0002240825 0.001800811
[2,]  0.0576374820 0.076948397  0.0864561953 0.080394704
[3,]  0.0215773521 0.035677912  0.0351466833 0.070936168
[4,]  0.0098992799 0.006520441  0.0115422167 0.006841070
[5,]  0.0120176570 0.008485279  0.0303120307 0.017066595


$diagnostic_list
$diagnostic_list$`Shock: government_spending`
$diagnostic_list$`Shock: government_spending`[[1]]
                               R-sqrd. Adj. R-sqrd.    F-stat     p-value
h1:government_spending       0.3009085   0.03458794 1.1298733 0.360872286
h1:inflation_expectations_1y 0.3595476   0.11556579 1.4736655 0.155825950
h1:inflation_expectations_3y 0.1447055  -0.18112103 0.4441182 0.959607038
h1:inflation                 0.5111493   0.32492040 2.7447372 0.004481154
h1:economic_activity         0.3304498   0.07538309 1.2955426 0.244745764

$diagnostic_list$`Shock: government_spending`[[2]]
                               R-sqrd. Adj. R-sqrd.    F-stat   p-value
h2:government_spending       0.2752415 -0.007591139 0.9731603 0.5012817
h2:inflation_expectations_1y 0.3128168  0.044647687 1.1664908 0.3331776
h2:inflation_expectations_3y 0.2254096 -0.076869566 0.7457001 0.7324784
h2:inflation                 0.2221438 -0.081409819 0.7318108 0.7463047
h2:economic_activity         0.2831269  0.003371597 1.0120519 0.4642310

$diagnostic_list$`Shock: government_spending`[[3]]
                               R-sqrd. Adj. R-sqrd.    F-stat   p-value
h3:government_spending       0.3481854   0.08745957 1.3354465 0.2241680
h3:inflation_expectations_1y 0.2780367  -0.01074861 0.9627799 0.5117420
h3:inflation_expectations_3y 0.1464849  -0.19492116 0.4290635 0.9648945
h3:inflation                 0.2615405  -0.03384327 0.8854261 0.5891670
h3:economic_activity         0.3019805   0.02277267 1.0815617 0.4025597

$diagnostic_list$`Shock: government_spending`[[4]]
                               R-sqrd. Adj. R-sqrd.    F-stat   p-value
h4:government_spending       0.3050059   0.01988013 1.0697241 0.4135009
h4:inflation_expectations_1y 0.2731730  -0.02501238 0.9161180 0.5582220
h4:inflation_expectations_3y 0.2107107  -0.11310029 0.6507213 0.8218016
h4:inflation                 0.2294223  -0.08671213 0.7257112 0.7515980
h4:economic_activity         0.3401442   0.06943419 1.2564891 0.2724341

$diagnostic_list$`Shock: government_spending`[[5]]
                               R-sqrd. Adj. R-sqrd.    F-stat    p-value
h5:government_spending       0.4294912   0.18927691 1.7879504 0.07088503
h5:inflation_expectations_1y 0.2276810  -0.09750594 0.7001542 0.77588274
h5:inflation_expectations_3y 0.2445826  -0.07348787 0.7689573 0.70818540
h5:inflation                 0.2627238  -0.04770825 0.8463166 0.62923384
h5:economic_activity         0.2021260  -0.13382095 0.6016605 0.86250076

$diagnostic_list$`Shock: government_spending`[[6]]
                               R-sqrd. Adj. R-sqrd.    F-stat    p-value
h6:government_spending       0.4435895   0.20297954 1.8436041 0.06220551
h6:inflation_expectations_1y 0.4086967   0.15299793 1.5983523 0.11830145
h6:inflation_expectations_3y 0.3898595   0.12601490 1.4776104 0.16085396
h6:inflation                 0.2768161  -0.03591213 0.8851650 0.58970479
h6:economic_activity         0.1995092  -0.14664898 0.5763527 0.88137823

$diagnostic_list$`Shock: government_spending`[[7]]
                               R-sqrd. Adj. R-sqrd.    F-stat   p-value
h7:government_spending       0.3984864   0.13114701 1.4905637 0.1572136
h7:inflation_expectations_1y 0.2411054  -0.09618108 0.7148386 0.7609269
h7:inflation_expectations_3y 0.2564713  -0.07398589 0.7761105 0.7003939
h7:inflation                 0.3775441   0.10089709 1.3647141 0.2140628
h7:economic_activity         0.3767441   0.09974142 1.3600739 0.2164639

$diagnostic_list$`Shock: government_spending`[[8]]
                               R-sqrd. Adj. R-sqrd.    F-stat    p-value
h8:government_spending       0.4815460   0.24453839 2.0317746 0.03958934
h8:inflation_expectations_1y 0.2267150  -0.12678673 0.6413405 0.82789711
h8:inflation_expectations_3y 0.2931854  -0.02992979 0.9073712 0.56776189
h8:inflation                 0.2916231  -0.03220635 0.9005453 0.57454670
h8:economic_activity         0.3270073   0.01935345 1.0629066 0.42257719

$diagnostic_list$`Shock: government_spending`[[9]]
                               R-sqrd. Adj. R-sqrd.    F-stat   p-value
h9:government_spending       0.3681917   0.07087012 1.2383619 0.2907870
h9:inflation_expectations_1y 0.2948705  -0.03695512 0.8886309 0.5865720
h9:inflation_expectations_3y 0.2569637  -0.09270051 0.7348870 0.7405783
h9:inflation                 0.3044893  -0.02280981 0.9303090 0.5454627
h9:economic_activity         0.2813382  -0.05685552 0.8318848 0.6436099

$diagnostic_list$`Shock: government_spending`[[10]]
                                R-sqrd. Adj. R-sqrd.    F-stat   p-value
h10:government_spending       0.3962153  0.103471160 1.3534526 0.2247651
h10:inflation_expectations_1y 0.3811800  0.081146087 1.2704564 0.2719676
h10:inflation_expectations_3y 0.3411472  0.021703404 1.0679412 0.4201022
h10:inflation                 0.3294500  0.004334809 1.0133331 0.4678916
h10:economic_activity         0.3200801 -0.009578073 0.9709454 0.5069627

$diagnostic_list$`Shock: government_spending`[[11]]
                                R-sqrd. Adj. R-sqrd.    F-stat   p-value
h11:government_spending       0.2540263  -0.11896048 0.6810598 0.7906101
h11:inflation_expectations_1y 0.2931512  -0.06027322 0.8294594 0.6458169
h11:inflation_expectations_3y 0.1960322  -0.20595176 0.4876617 0.9352788
h11:inflation                 0.2933304  -0.06000443 0.8301768 0.6450982
h11:economic_activity         0.3623769   0.04356541 1.1366494 0.3658049

$diagnostic_list$`Shock: government_spending`[[12]]
                                R-sqrd. Adj. R-sqrd.    F-stat   p-value
h12:government_spending       0.2271481 -0.171743166 0.5694487 0.8827585
h12:inflation_expectations_1y 0.3434078  0.004521464 1.0133421 0.4694159
h12:inflation_expectations_3y 0.2973196 -0.065354095 0.8197992 0.6553240
h12:inflation                 0.3420689  0.002491531 1.0073372 0.4747947
h12:economic_activity         0.3508476  0.015801272 1.0471614 0.4397733


$diagnostic_list$`Shock: inflation_expectations_1y`
$diagnostic_list$`Shock: inflation_expectations_1y`[[1]]
                               R-sqrd. Adj. R-sqrd.    F-stat     p-value
h1:government_spending       0.3009085   0.03458794 1.1298733 0.360872286
h1:inflation_expectations_1y 0.3595476   0.11556579 1.4736655 0.155825950
h1:inflation_expectations_3y 0.1447055  -0.18112103 0.4441182 0.959607038
h1:inflation                 0.5111493   0.32492040 2.7447372 0.004481154
h1:economic_activity         0.3304498   0.07538309 1.2955426 0.244745764

$diagnostic_list$`Shock: inflation_expectations_1y`[[2]]
                               R-sqrd. Adj. R-sqrd.    F-stat   p-value
h2:government_spending       0.2752415 -0.007591139 0.9731603 0.5012817
h2:inflation_expectations_1y 0.3128168  0.044647687 1.1664908 0.3331776
h2:inflation_expectations_3y 0.2254096 -0.076869566 0.7457001 0.7324784
h2:inflation                 0.2221438 -0.081409819 0.7318108 0.7463047
h2:economic_activity         0.2831269  0.003371597 1.0120519 0.4642310

$diagnostic_list$`Shock: inflation_expectations_1y`[[3]]
                               R-sqrd. Adj. R-sqrd.    F-stat   p-value
h3:government_spending       0.3481854   0.08745957 1.3354465 0.2241680
h3:inflation_expectations_1y 0.2780367  -0.01074861 0.9627799 0.5117420
h3:inflation_expectations_3y 0.1464849  -0.19492116 0.4290635 0.9648945
h3:inflation                 0.2615405  -0.03384327 0.8854261 0.5891670
h3:economic_activity         0.3019805   0.02277267 1.0815617 0.4025597

$diagnostic_list$`Shock: inflation_expectations_1y`[[4]]
                               R-sqrd. Adj. R-sqrd.    F-stat   p-value
h4:government_spending       0.3050059   0.01988013 1.0697241 0.4135009
h4:inflation_expectations_1y 0.2731730  -0.02501238 0.9161180 0.5582220
h4:inflation_expectations_3y 0.2107107  -0.11310029 0.6507213 0.8218016
h4:inflation                 0.2294223  -0.08671213 0.7257112 0.7515980
h4:economic_activity         0.3401442   0.06943419 1.2564891 0.2724341

$diagnostic_list$`Shock: inflation_expectations_1y`[[5]]
                               R-sqrd. Adj. R-sqrd.    F-stat    p-value
h5:government_spending       0.4294912   0.18927691 1.7879504 0.07088503
h5:inflation_expectations_1y 0.2276810  -0.09750594 0.7001542 0.77588274
h5:inflation_expectations_3y 0.2445826  -0.07348787 0.7689573 0.70818540
h5:inflation                 0.2627238  -0.04770825 0.8463166 0.62923384
h5:economic_activity         0.2021260  -0.13382095 0.6016605 0.86250076

$diagnostic_list$`Shock: inflation_expectations_1y`[[6]]
                               R-sqrd. Adj. R-sqrd.    F-stat    p-value
h6:government_spending       0.4435895   0.20297954 1.8436041 0.06220551
h6:inflation_expectations_1y 0.4086967   0.15299793 1.5983523 0.11830145
h6:inflation_expectations_3y 0.3898595   0.12601490 1.4776104 0.16085396
h6:inflation                 0.2768161  -0.03591213 0.8851650 0.58970479
h6:economic_activity         0.1995092  -0.14664898 0.5763527 0.88137823

$diagnostic_list$`Shock: inflation_expectations_1y`[[7]]
                               R-sqrd. Adj. R-sqrd.    F-stat   p-value
h7:government_spending       0.3984864   0.13114701 1.4905637 0.1572136
h7:inflation_expectations_1y 0.2411054  -0.09618108 0.7148386 0.7609269
h7:inflation_expectations_3y 0.2564713  -0.07398589 0.7761105 0.7003939
h7:inflation                 0.3775441   0.10089709 1.3647141 0.2140628
h7:economic_activity         0.3767441   0.09974142 1.3600739 0.2164639

$diagnostic_list$`Shock: inflation_expectations_1y`[[8]]
                               R-sqrd. Adj. R-sqrd.    F-stat    p-value
h8:government_spending       0.4815460   0.24453839 2.0317746 0.03958934
h8:inflation_expectations_1y 0.2267150  -0.12678673 0.6413405 0.82789711
h8:inflation_expectations_3y 0.2931854  -0.02992979 0.9073712 0.56776189
h8:inflation                 0.2916231  -0.03220635 0.9005453 0.57454670
h8:economic_activity         0.3270073   0.01935345 1.0629066 0.42257719

$diagnostic_list$`Shock: inflation_expectations_1y`[[9]]
                               R-sqrd. Adj. R-sqrd.    F-stat   p-value
h9:government_spending       0.3681917   0.07087012 1.2383619 0.2907870
h9:inflation_expectations_1y 0.2948705  -0.03695512 0.8886309 0.5865720
h9:inflation_expectations_3y 0.2569637  -0.09270051 0.7348870 0.7405783
h9:inflation                 0.3044893  -0.02280981 0.9303090 0.5454627
h9:economic_activity         0.2813382  -0.05685552 0.8318848 0.6436099

$diagnostic_list$`Shock: inflation_expectations_1y`[[10]]
                                R-sqrd. Adj. R-sqrd.    F-stat   p-value
h10:government_spending       0.3962153  0.103471160 1.3534526 0.2247651
h10:inflation_expectations_1y 0.3811800  0.081146087 1.2704564 0.2719676
h10:inflation_expectations_3y 0.3411472  0.021703404 1.0679412 0.4201022
h10:inflation                 0.3294500  0.004334809 1.0133331 0.4678916
h10:economic_activity         0.3200801 -0.009578073 0.9709454 0.5069627

$diagnostic_list$`Shock: inflation_expectations_1y`[[11]]
                                R-sqrd. Adj. R-sqrd.    F-stat   p-value
h11:government_spending       0.2540263  -0.11896048 0.6810598 0.7906101
h11:inflation_expectations_1y 0.2931512  -0.06027322 0.8294594 0.6458169
h11:inflation_expectations_3y 0.1960322  -0.20595176 0.4876617 0.9352788
h11:inflation                 0.2933304  -0.06000443 0.8301768 0.6450982
h11:economic_activity         0.3623769   0.04356541 1.1366494 0.3658049

$diagnostic_list$`Shock: inflation_expectations_1y`[[12]]
                                R-sqrd. Adj. R-sqrd.    F-stat   p-value
h12:government_spending       0.2271481 -0.171743166 0.5694487 0.8827585
h12:inflation_expectations_1y 0.3434078  0.004521464 1.0133421 0.4694159
h12:inflation_expectations_3y 0.2973196 -0.065354095 0.8197992 0.6553240
h12:inflation                 0.3420689  0.002491531 1.0073372 0.4747947
h12:economic_activity         0.3508476  0.015801272 1.0471614 0.4397733


$diagnostic_list$`Shock: inflation_expectations_3y`
$diagnostic_list$`Shock: inflation_expectations_3y`[[1]]
                               R-sqrd. Adj. R-sqrd.    F-stat     p-value
h1:government_spending       0.3009085   0.03458794 1.1298733 0.360872286
h1:inflation_expectations_1y 0.3595476   0.11556579 1.4736655 0.155825950
h1:inflation_expectations_3y 0.1447055  -0.18112103 0.4441182 0.959607038
h1:inflation                 0.5111493   0.32492040 2.7447372 0.004481154
h1:economic_activity         0.3304498   0.07538309 1.2955426 0.244745764

$diagnostic_list$`Shock: inflation_expectations_3y`[[2]]
                               R-sqrd. Adj. R-sqrd.    F-stat   p-value
h2:government_spending       0.2752415 -0.007591139 0.9731603 0.5012817
h2:inflation_expectations_1y 0.3128168  0.044647687 1.1664908 0.3331776
h2:inflation_expectations_3y 0.2254096 -0.076869566 0.7457001 0.7324784
h2:inflation                 0.2221438 -0.081409819 0.7318108 0.7463047
h2:economic_activity         0.2831269  0.003371597 1.0120519 0.4642310

$diagnostic_list$`Shock: inflation_expectations_3y`[[3]]
                               R-sqrd. Adj. R-sqrd.    F-stat   p-value
h3:government_spending       0.3481854   0.08745957 1.3354465 0.2241680
h3:inflation_expectations_1y 0.2780367  -0.01074861 0.9627799 0.5117420
h3:inflation_expectations_3y 0.1464849  -0.19492116 0.4290635 0.9648945
h3:inflation                 0.2615405  -0.03384327 0.8854261 0.5891670
h3:economic_activity         0.3019805   0.02277267 1.0815617 0.4025597

$diagnostic_list$`Shock: inflation_expectations_3y`[[4]]
                               R-sqrd. Adj. R-sqrd.    F-stat   p-value
h4:government_spending       0.3050059   0.01988013 1.0697241 0.4135009
h4:inflation_expectations_1y 0.2731730  -0.02501238 0.9161180 0.5582220
h4:inflation_expectations_3y 0.2107107  -0.11310029 0.6507213 0.8218016
h4:inflation                 0.2294223  -0.08671213 0.7257112 0.7515980
h4:economic_activity         0.3401442   0.06943419 1.2564891 0.2724341

$diagnostic_list$`Shock: inflation_expectations_3y`[[5]]
                               R-sqrd. Adj. R-sqrd.    F-stat    p-value
h5:government_spending       0.4294912   0.18927691 1.7879504 0.07088503
h5:inflation_expectations_1y 0.2276810  -0.09750594 0.7001542 0.77588274
h5:inflation_expectations_3y 0.2445826  -0.07348787 0.7689573 0.70818540
h5:inflation                 0.2627238  -0.04770825 0.8463166 0.62923384
h5:economic_activity         0.2021260  -0.13382095 0.6016605 0.86250076

$diagnostic_list$`Shock: inflation_expectations_3y`[[6]]
                               R-sqrd. Adj. R-sqrd.    F-stat    p-value
h6:government_spending       0.4435895   0.20297954 1.8436041 0.06220551
h6:inflation_expectations_1y 0.4086967   0.15299793 1.5983523 0.11830145
h6:inflation_expectations_3y 0.3898595   0.12601490 1.4776104 0.16085396
h6:inflation                 0.2768161  -0.03591213 0.8851650 0.58970479
h6:economic_activity         0.1995092  -0.14664898 0.5763527 0.88137823

$diagnostic_list$`Shock: inflation_expectations_3y`[[7]]
                               R-sqrd. Adj. R-sqrd.    F-stat   p-value
h7:government_spending       0.3984864   0.13114701 1.4905637 0.1572136
h7:inflation_expectations_1y 0.2411054  -0.09618108 0.7148386 0.7609269
h7:inflation_expectations_3y 0.2564713  -0.07398589 0.7761105 0.7003939
h7:inflation                 0.3775441   0.10089709 1.3647141 0.2140628
h7:economic_activity         0.3767441   0.09974142 1.3600739 0.2164639

$diagnostic_list$`Shock: inflation_expectations_3y`[[8]]
                               R-sqrd. Adj. R-sqrd.    F-stat    p-value
h8:government_spending       0.4815460   0.24453839 2.0317746 0.03958934
h8:inflation_expectations_1y 0.2267150  -0.12678673 0.6413405 0.82789711
h8:inflation_expectations_3y 0.2931854  -0.02992979 0.9073712 0.56776189
h8:inflation                 0.2916231  -0.03220635 0.9005453 0.57454670
h8:economic_activity         0.3270073   0.01935345 1.0629066 0.42257719

$diagnostic_list$`Shock: inflation_expectations_3y`[[9]]
                               R-sqrd. Adj. R-sqrd.    F-stat   p-value
h9:government_spending       0.3681917   0.07087012 1.2383619 0.2907870
h9:inflation_expectations_1y 0.2948705  -0.03695512 0.8886309 0.5865720
h9:inflation_expectations_3y 0.2569637  -0.09270051 0.7348870 0.7405783
h9:inflation                 0.3044893  -0.02280981 0.9303090 0.5454627
h9:economic_activity         0.2813382  -0.05685552 0.8318848 0.6436099

$diagnostic_list$`Shock: inflation_expectations_3y`[[10]]
                                R-sqrd. Adj. R-sqrd.    F-stat   p-value
h10:government_spending       0.3962153  0.103471160 1.3534526 0.2247651
h10:inflation_expectations_1y 0.3811800  0.081146087 1.2704564 0.2719676
h10:inflation_expectations_3y 0.3411472  0.021703404 1.0679412 0.4201022
h10:inflation                 0.3294500  0.004334809 1.0133331 0.4678916
h10:economic_activity         0.3200801 -0.009578073 0.9709454 0.5069627

$diagnostic_list$`Shock: inflation_expectations_3y`[[11]]
                                R-sqrd. Adj. R-sqrd.    F-stat   p-value
h11:government_spending       0.2540263  -0.11896048 0.6810598 0.7906101
h11:inflation_expectations_1y 0.2931512  -0.06027322 0.8294594 0.6458169
h11:inflation_expectations_3y 0.1960322  -0.20595176 0.4876617 0.9352788
h11:inflation                 0.2933304  -0.06000443 0.8301768 0.6450982
h11:economic_activity         0.3623769   0.04356541 1.1366494 0.3658049

$diagnostic_list$`Shock: inflation_expectations_3y`[[12]]
                                R-sqrd. Adj. R-sqrd.    F-stat   p-value
h12:government_spending       0.2271481 -0.171743166 0.5694487 0.8827585
h12:inflation_expectations_1y 0.3434078  0.004521464 1.0133421 0.4694159
h12:inflation_expectations_3y 0.2973196 -0.065354095 0.8197992 0.6553240
h12:inflation                 0.3420689  0.002491531 1.0073372 0.4747947
h12:economic_activity         0.3508476  0.015801272 1.0471614 0.4397733


$diagnostic_list$`Shock: inflation`
$diagnostic_list$`Shock: inflation`[[1]]
                               R-sqrd. Adj. R-sqrd.    F-stat     p-value
h1:government_spending       0.3009085   0.03458794 1.1298733 0.360872286
h1:inflation_expectations_1y 0.3595476   0.11556579 1.4736655 0.155825950
h1:inflation_expectations_3y 0.1447055  -0.18112103 0.4441182 0.959607038
h1:inflation                 0.5111493   0.32492040 2.7447372 0.004481154
h1:economic_activity         0.3304498   0.07538309 1.2955426 0.244745764

$diagnostic_list$`Shock: inflation`[[2]]
                               R-sqrd. Adj. R-sqrd.    F-stat   p-value
h2:government_spending       0.2752415 -0.007591139 0.9731603 0.5012817
h2:inflation_expectations_1y 0.3128168  0.044647687 1.1664908 0.3331776
h2:inflation_expectations_3y 0.2254096 -0.076869566 0.7457001 0.7324784
h2:inflation                 0.2221438 -0.081409819 0.7318108 0.7463047
h2:economic_activity         0.2831269  0.003371597 1.0120519 0.4642310

$diagnostic_list$`Shock: inflation`[[3]]
                               R-sqrd. Adj. R-sqrd.    F-stat   p-value
h3:government_spending       0.3481854   0.08745957 1.3354465 0.2241680
h3:inflation_expectations_1y 0.2780367  -0.01074861 0.9627799 0.5117420
h3:inflation_expectations_3y 0.1464849  -0.19492116 0.4290635 0.9648945
h3:inflation                 0.2615405  -0.03384327 0.8854261 0.5891670
h3:economic_activity         0.3019805   0.02277267 1.0815617 0.4025597

$diagnostic_list$`Shock: inflation`[[4]]
                               R-sqrd. Adj. R-sqrd.    F-stat   p-value
h4:government_spending       0.3050059   0.01988013 1.0697241 0.4135009
h4:inflation_expectations_1y 0.2731730  -0.02501238 0.9161180 0.5582220
h4:inflation_expectations_3y 0.2107107  -0.11310029 0.6507213 0.8218016
h4:inflation                 0.2294223  -0.08671213 0.7257112 0.7515980
h4:economic_activity         0.3401442   0.06943419 1.2564891 0.2724341

$diagnostic_list$`Shock: inflation`[[5]]
                               R-sqrd. Adj. R-sqrd.    F-stat    p-value
h5:government_spending       0.4294912   0.18927691 1.7879504 0.07088503
h5:inflation_expectations_1y 0.2276810  -0.09750594 0.7001542 0.77588274
h5:inflation_expectations_3y 0.2445826  -0.07348787 0.7689573 0.70818540
h5:inflation                 0.2627238  -0.04770825 0.8463166 0.62923384
h5:economic_activity         0.2021260  -0.13382095 0.6016605 0.86250076

$diagnostic_list$`Shock: inflation`[[6]]
                               R-sqrd. Adj. R-sqrd.    F-stat    p-value
h6:government_spending       0.4435895   0.20297954 1.8436041 0.06220551
h6:inflation_expectations_1y 0.4086967   0.15299793 1.5983523 0.11830145
h6:inflation_expectations_3y 0.3898595   0.12601490 1.4776104 0.16085396
h6:inflation                 0.2768161  -0.03591213 0.8851650 0.58970479
h6:economic_activity         0.1995092  -0.14664898 0.5763527 0.88137823

$diagnostic_list$`Shock: inflation`[[7]]
                               R-sqrd. Adj. R-sqrd.    F-stat   p-value
h7:government_spending       0.3984864   0.13114701 1.4905637 0.1572136
h7:inflation_expectations_1y 0.2411054  -0.09618108 0.7148386 0.7609269
h7:inflation_expectations_3y 0.2564713  -0.07398589 0.7761105 0.7003939
h7:inflation                 0.3775441   0.10089709 1.3647141 0.2140628
h7:economic_activity         0.3767441   0.09974142 1.3600739 0.2164639

$diagnostic_list$`Shock: inflation`[[8]]
                               R-sqrd. Adj. R-sqrd.    F-stat    p-value
h8:government_spending       0.4815460   0.24453839 2.0317746 0.03958934
h8:inflation_expectations_1y 0.2267150  -0.12678673 0.6413405 0.82789711
h8:inflation_expectations_3y 0.2931854  -0.02992979 0.9073712 0.56776189
h8:inflation                 0.2916231  -0.03220635 0.9005453 0.57454670
h8:economic_activity         0.3270073   0.01935345 1.0629066 0.42257719

$diagnostic_list$`Shock: inflation`[[9]]
                               R-sqrd. Adj. R-sqrd.    F-stat   p-value
h9:government_spending       0.3681917   0.07087012 1.2383619 0.2907870
h9:inflation_expectations_1y 0.2948705  -0.03695512 0.8886309 0.5865720
h9:inflation_expectations_3y 0.2569637  -0.09270051 0.7348870 0.7405783
h9:inflation                 0.3044893  -0.02280981 0.9303090 0.5454627
h9:economic_activity         0.2813382  -0.05685552 0.8318848 0.6436099

$diagnostic_list$`Shock: inflation`[[10]]
                                R-sqrd. Adj. R-sqrd.    F-stat   p-value
h10:government_spending       0.3962153  0.103471160 1.3534526 0.2247651
h10:inflation_expectations_1y 0.3811800  0.081146087 1.2704564 0.2719676
h10:inflation_expectations_3y 0.3411472  0.021703404 1.0679412 0.4201022
h10:inflation                 0.3294500  0.004334809 1.0133331 0.4678916
h10:economic_activity         0.3200801 -0.009578073 0.9709454 0.5069627

$diagnostic_list$`Shock: inflation`[[11]]
                                R-sqrd. Adj. R-sqrd.    F-stat   p-value
h11:government_spending       0.2540263  -0.11896048 0.6810598 0.7906101
h11:inflation_expectations_1y 0.2931512  -0.06027322 0.8294594 0.6458169
h11:inflation_expectations_3y 0.1960322  -0.20595176 0.4876617 0.9352788
h11:inflation                 0.2933304  -0.06000443 0.8301768 0.6450982
h11:economic_activity         0.3623769   0.04356541 1.1366494 0.3658049

$diagnostic_list$`Shock: inflation`[[12]]
                                R-sqrd. Adj. R-sqrd.    F-stat   p-value
h12:government_spending       0.2271481 -0.171743166 0.5694487 0.8827585
h12:inflation_expectations_1y 0.3434078  0.004521464 1.0133421 0.4694159
h12:inflation_expectations_3y 0.2973196 -0.065354095 0.8197992 0.6553240
h12:inflation                 0.3420689  0.002491531 1.0073372 0.4747947
h12:economic_activity         0.3508476  0.015801272 1.0471614 0.4397733


$diagnostic_list$`Shock: economic_activity`
$diagnostic_list$`Shock: economic_activity`[[1]]
                               R-sqrd. Adj. R-sqrd.    F-stat     p-value
h1:government_spending       0.3009085   0.03458794 1.1298733 0.360872286
h1:inflation_expectations_1y 0.3595476   0.11556579 1.4736655 0.155825950
h1:inflation_expectations_3y 0.1447055  -0.18112103 0.4441182 0.959607038
h1:inflation                 0.5111493   0.32492040 2.7447372 0.004481154
h1:economic_activity         0.3304498   0.07538309 1.2955426 0.244745764

$diagnostic_list$`Shock: economic_activity`[[2]]
                               R-sqrd. Adj. R-sqrd.    F-stat   p-value
h2:government_spending       0.2752415 -0.007591139 0.9731603 0.5012817
h2:inflation_expectations_1y 0.3128168  0.044647687 1.1664908 0.3331776
h2:inflation_expectations_3y 0.2254096 -0.076869566 0.7457001 0.7324784
h2:inflation                 0.2221438 -0.081409819 0.7318108 0.7463047
h2:economic_activity         0.2831269  0.003371597 1.0120519 0.4642310

$diagnostic_list$`Shock: economic_activity`[[3]]
                               R-sqrd. Adj. R-sqrd.    F-stat   p-value
h3:government_spending       0.3481854   0.08745957 1.3354465 0.2241680
h3:inflation_expectations_1y 0.2780367  -0.01074861 0.9627799 0.5117420
h3:inflation_expectations_3y 0.1464849  -0.19492116 0.4290635 0.9648945
h3:inflation                 0.2615405  -0.03384327 0.8854261 0.5891670
h3:economic_activity         0.3019805   0.02277267 1.0815617 0.4025597

$diagnostic_list$`Shock: economic_activity`[[4]]
                               R-sqrd. Adj. R-sqrd.    F-stat   p-value
h4:government_spending       0.3050059   0.01988013 1.0697241 0.4135009
h4:inflation_expectations_1y 0.2731730  -0.02501238 0.9161180 0.5582220
h4:inflation_expectations_3y 0.2107107  -0.11310029 0.6507213 0.8218016
h4:inflation                 0.2294223  -0.08671213 0.7257112 0.7515980
h4:economic_activity         0.3401442   0.06943419 1.2564891 0.2724341

$diagnostic_list$`Shock: economic_activity`[[5]]
                               R-sqrd. Adj. R-sqrd.    F-stat    p-value
h5:government_spending       0.4294912   0.18927691 1.7879504 0.07088503
h5:inflation_expectations_1y 0.2276810  -0.09750594 0.7001542 0.77588274
h5:inflation_expectations_3y 0.2445826  -0.07348787 0.7689573 0.70818540
h5:inflation                 0.2627238  -0.04770825 0.8463166 0.62923384
h5:economic_activity         0.2021260  -0.13382095 0.6016605 0.86250076

$diagnostic_list$`Shock: economic_activity`[[6]]
                               R-sqrd. Adj. R-sqrd.    F-stat    p-value
h6:government_spending       0.4435895   0.20297954 1.8436041 0.06220551
h6:inflation_expectations_1y 0.4086967   0.15299793 1.5983523 0.11830145
h6:inflation_expectations_3y 0.3898595   0.12601490 1.4776104 0.16085396
h6:inflation                 0.2768161  -0.03591213 0.8851650 0.58970479
h6:economic_activity         0.1995092  -0.14664898 0.5763527 0.88137823

$diagnostic_list$`Shock: economic_activity`[[7]]
                               R-sqrd. Adj. R-sqrd.    F-stat   p-value
h7:government_spending       0.3984864   0.13114701 1.4905637 0.1572136
h7:inflation_expectations_1y 0.2411054  -0.09618108 0.7148386 0.7609269
h7:inflation_expectations_3y 0.2564713  -0.07398589 0.7761105 0.7003939
h7:inflation                 0.3775441   0.10089709 1.3647141 0.2140628
h7:economic_activity         0.3767441   0.09974142 1.3600739 0.2164639

$diagnostic_list$`Shock: economic_activity`[[8]]
                               R-sqrd. Adj. R-sqrd.    F-stat    p-value
h8:government_spending       0.4815460   0.24453839 2.0317746 0.03958934
h8:inflation_expectations_1y 0.2267150  -0.12678673 0.6413405 0.82789711
h8:inflation_expectations_3y 0.2931854  -0.02992979 0.9073712 0.56776189
h8:inflation                 0.2916231  -0.03220635 0.9005453 0.57454670
h8:economic_activity         0.3270073   0.01935345 1.0629066 0.42257719

$diagnostic_list$`Shock: economic_activity`[[9]]
                               R-sqrd. Adj. R-sqrd.    F-stat   p-value
h9:government_spending       0.3681917   0.07087012 1.2383619 0.2907870
h9:inflation_expectations_1y 0.2948705  -0.03695512 0.8886309 0.5865720
h9:inflation_expectations_3y 0.2569637  -0.09270051 0.7348870 0.7405783
h9:inflation                 0.3044893  -0.02280981 0.9303090 0.5454627
h9:economic_activity         0.2813382  -0.05685552 0.8318848 0.6436099

$diagnostic_list$`Shock: economic_activity`[[10]]
                                R-sqrd. Adj. R-sqrd.    F-stat   p-value
h10:government_spending       0.3962153  0.103471160 1.3534526 0.2247651
h10:inflation_expectations_1y 0.3811800  0.081146087 1.2704564 0.2719676
h10:inflation_expectations_3y 0.3411472  0.021703404 1.0679412 0.4201022
h10:inflation                 0.3294500  0.004334809 1.0133331 0.4678916
h10:economic_activity         0.3200801 -0.009578073 0.9709454 0.5069627

$diagnostic_list$`Shock: economic_activity`[[11]]
                                R-sqrd. Adj. R-sqrd.    F-stat   p-value
h11:government_spending       0.2540263  -0.11896048 0.6810598 0.7906101
h11:inflation_expectations_1y 0.2931512  -0.06027322 0.8294594 0.6458169
h11:inflation_expectations_3y 0.1960322  -0.20595176 0.4876617 0.9352788
h11:inflation                 0.2933304  -0.06000443 0.8301768 0.6450982
h11:economic_activity         0.3623769   0.04356541 1.1366494 0.3658049

$diagnostic_list$`Shock: economic_activity`[[12]]
                                R-sqrd. Adj. R-sqrd.    F-stat   p-value
h12:government_spending       0.2271481 -0.171743166 0.5694487 0.8827585
h12:inflation_expectations_1y 0.3434078  0.004521464 1.0133421 0.4694159
h12:inflation_expectations_3y 0.2973196 -0.065354095 0.8197992 0.6553240
h12:inflation                 0.3420689  0.002491531 1.0073372 0.4747947
h12:economic_activity         0.3508476  0.015801272 1.0471614 0.4397733



$specs
$specs$lags_endog_lin
SC(n) 
    1 

$specs$lags_criterion
[1] NaN

$specs$max_lags
[1] NaN

$specs$trend
[1] 0

$specs$shock_type
[1] 0

$specs$confint
[1] 1.65

$specs$hor
[1] 12

$specs$use_nw
[1] TRUE

$specs$nw_prewhite
[1] FALSE

$specs$adjust_se
[1] FALSE

$specs$use_twosls
[1] FALSE

$specs$contemp_data
$specs$contemp_data$dummy
 [1] 0 0 0 0 0 0 0 0 0 0 0 0 0 0 0 0 0 0 0 0 0 0 0 0 0 1 1 1 1 0 1 0 1 0 0 0 0 0 0 0 0 0 0 0 0 0 0 0 0 0 0 0 0 0 0 0 0 0 0 0

$specs$contemp_data$Jan
 [1] 0 0 0 0 0 0 0 0 0 0 0 1 0 0 0 0 0 0 0 0 0 0 0 1 0 0 0 0 0 0 0 0 0 0 0 1 0 0 0 0 0 0 0 0 0 0 0 1 0 0 0 0 0 0 0 0 0 0 0 1

$specs$contemp_data$Feb
 [1] 1 0 0 0 0 0 0 0 0 0 0 0 1 0 0 0 0 0 0 0 0 0 0 0 1 0 0 0 0 0 0 0 0 0 0 0 1 0 0 0 0 0 0 0 0 0 0 0 1 0 0 0 0 0 0 0 0 0 0 0

$specs$contemp_data$Mar
 [1] 0 1 0 0 0 0 0 0 0 0 0 0 0 1 0 0 0 0 0 0 0 0 0 0 0 1 0 0 0 0 0 0 0 0 0 0 0 1 0 0 0 0 0 0 0 0 0 0 0 1 0 0 0 0 0 0 0 0 0 0

$specs$contemp_data$Apr
 [1] 0 0 1 0 0 0 0 0 0 0 0 0 0 0 1 0 0 0 0 0 0 0 0 0 0 0 1 0 0 0 0 0 0 0 0 0 0 0 1 0 0 0 0 0 0 0 0 0 0 0 1 0 0 0 0 0 0 0 0 0

$specs$contemp_data$May
 [1] 0 0 0 1 0 0 0 0 0 0 0 0 0 0 0 1 0 0 0 0 0 0 0 0 0 0 0 1 0 0 0 0 0 0 0 0 0 0 0 1 0 0 0 0 0 0 0 0 0 0 0 1 0 0 0 0 0 0 0 0

$specs$contemp_data$Jun
 [1] 0 0 0 0 1 0 0 0 0 0 0 0 0 0 0 0 1 0 0 0 0 0 0 0 0 0 0 0 1 0 0 0 0 0 0 0 0 0 0 0 1 0 0 0 0 0 0 0 0 0 0 0 1 0 0 0 0 0 0 0

$specs$contemp_data$Jul
 [1] 0 0 0 0 0 1 0 0 0 0 0 0 0 0 0 0 0 1 0 0 0 0 0 0 0 0 0 0 0 1 0 0 0 0 0 0 0 0 0 0 0 1 0 0 0 0 0 0 0 0 0 0 0 1 0 0 0 0 0 0

$specs$contemp_data$Aug
 [1] 0 0 0 0 0 0 1 0 0 0 0 0 0 0 0 0 0 0 1 0 0 0 0 0 0 0 0 0 0 0 1 0 0 0 0 0 0 0 0 0 0 0 1 0 0 0 0 0 0 0 0 0 0 0 1 0 0 0 0 0

$specs$contemp_data$Sep
 [1] 0 0 0 0 0 0 0 1 0 0 0 0 0 0 0 0 0 0 0 1 0 0 0 0 0 0 0 0 0 0 0 1 0 0 0 0 0 0 0 0 0 0 0 1 0 0 0 0 0 0 0 0 0 0 0 1 0 0 0 0

$specs$contemp_data$Oct
 [1] 0 0 0 0 0 0 0 0 1 0 0 0 0 0 0 0 0 0 0 0 1 0 0 0 0 0 0 0 0 0 0 0 1 0 0 0 0 0 0 0 0 0 0 0 1 0 0 0 0 0 0 0 0 0 0 0 1 0 0 0


$specs$model_type
[1] 0

$specs$starts
[1] 1

$specs$ends
[1] 60

$specs$column_names
[1] "government_spending"       "inflation_expectations_1y" "inflation_expectations_3y" "inflation"                
[5] "economic_activity"        

$specs$endog
[1] 5

$specs$y_lin
   government_spending inflation_expectations_1y inflation_expectations_3y    inflation economic_activity
2         6.292929e-05              -0.079620123               0.023733377  0.002310570        0.03672057
3        -4.090170e-04               0.228555441               0.061933756  0.031662657        0.02660601
4         1.167428e-03               0.000000000              -0.007986784  0.027403122        0.04356130
5        -2.466038e-03               0.000000000               0.038039923  0.010862582        0.01757053
6         3.196828e-03               0.001872778              -0.116087914  0.009406502        0.03236078
7        -3.127848e-03               0.017283440               0.116087914  0.021640425        0.02930438
8        -1.451368e-03              -0.004920721               0.000000000  0.025003951        0.02923299
9         2.342634e-03               0.004920721               0.000000000  0.028405410        0.02229492
10       -4.886534e-04              -0.030053139              -0.116087914 -0.008420605        0.02323041
11       -6.378535e-03               0.030053139               0.096931696  0.008246918        0.01734758
12        1.470844e-03              -0.030053139              -0.010896921 -0.002323999        0.03391158
13        2.002724e-03              -0.176372051              -0.201508284  0.029025084        0.02600387
14        1.333131e-03               0.022861719               0.095972538  0.042416785        0.02691934
15       -4.192038e-03              -0.218312263              -0.170893431  0.048586660        0.03757401
16        4.747099e-03              -0.145042181              -0.100185633  0.003720327        0.02002637
17       -4.004748e-03               0.217070103               0.069105387 -0.006141925        0.02480201
18       -1.822322e-03              -0.079553127              -0.083071947  0.024993882        0.02186920
19        1.080919e-03              -0.176150560              -0.077933550  0.017681720        0.02278745
20       -1.192941e-02               0.069185972              -0.126637936  0.021370449        0.03620964
21        1.178850e-02              -0.153448343               0.004080772  0.034784574        0.01981848
22        2.654861e-03               0.017366648               0.142476082  0.026361361        0.02549842
23       -1.389599e-02               0.180090904               0.016174078  0.038444527        0.02259084
24        9.450305e-03              -0.031989813               0.000000000  0.019694440        0.03781474
25        1.675701e-03               0.041871071               0.051145554  0.009814561        0.03578346
26       -9.407377e-03               0.000000000              -0.189331532 -0.050912346       -0.07956922
27        4.756799e-03               0.085786104               0.223972082 -0.090824177       -0.77070172
28       -6.654918e-04               0.376688957              -0.012976170 -0.010450429        0.21339722
29        2.331463e-03              -0.318598032              -0.136598825  0.053592068        0.21330076
30        4.712242e-03               0.206044197               0.257966757  0.061866907        0.02971606
31       -5.868257e-03               0.112553835               0.249140978  0.053808986        0.15791953
32       -8.007223e-03              -0.019156218              -0.238733053  0.028930510        0.07717705
33       -1.071028e-03              -0.144741774              -0.040002584  0.011918979        0.10115859
34        1.015171e-03               0.126406431               0.117631912  0.024543630        0.04507153
35        8.863811e-03               0.037491560               0.161103725  0.057557700        0.01677041
36        1.205970e-02               0.046669483               0.047342062  0.028496735        0.06736316
37        2.926213e-03               0.044214964              -0.028185844  0.045997380        0.05066022
38        4.988671e-03               0.153371334               0.092952490  0.059503194        0.06160136
39       -3.830736e-03               0.115923882               0.005092859  0.082225516        0.03720211
40        4.214735e-04               0.639820337               0.471664906  0.082531234        0.06412900
41        2.063490e-03               0.801745415              -0.022792339  0.098347464        0.05475905
42       -7.124585e-03               0.040705204               0.164751053  0.054649100        0.08879717
43        1.096326e-03               0.337376595               0.287992716  0.049840953        0.06602323
44        2.382640e-03               0.130341530               0.194323301  0.052018077        0.07861505
45        1.264550e-02               0.343297958               0.017191887  0.114305741        0.06819482
46       -1.156812e-02               0.346533298              -0.199976921  0.098833469        0.06879133
47       -6.638528e-03              -0.009726048              -0.011199951  0.097421769        0.06937609
48        8.452094e-04              -0.201833725              -0.522751808  0.075404740        0.03542764
49        2.319959e-03               0.211559772               0.297553301  0.088488916        0.07849205
50       -3.334220e-03               0.583898067              -0.099878550  0.126900569        0.05112829
51        2.713115e-03              -0.238460541               0.227452993  0.048497289        0.04431433
52       -1.935356e-04               0.230577469              -0.023298502  0.115684054        0.03389257
53       -6.919036e-04               0.199839592              -0.260592937  0.151285219        0.03843642
54       -1.145520e-02              -0.552228928              -0.436033010 -0.004064650        0.05041760
55       -6.407268e-03              -0.477911472              -0.427183867  0.028517738        0.02896168
56        1.212289e-02              -0.304920197               0.154703379  0.050566174        0.04915587
57        1.210883e-03               0.503497124               0.200692415  0.060045147        0.03059615
58       -1.011177e-03              -0.715742588              -0.113289595  0.024858721        0.04330825
59       -2.627630e-03              -0.235079288              -0.004589558  0.015857387        0.03585464
60        6.822817e-04              -0.038488865              -0.280791283  0.063675095        0.04576300

$specs$x_lin
   government_spending_lag_1 inflation_expectations_1y_lag_1 inflation_expectations_3y_lag_1 inflation_lag_1
2              -2.059614e-03                     0.119915485                     0.090704918     0.032745451
3               6.292929e-05                    -0.079620123                     0.023733377     0.002310570
4              -4.090170e-04                     0.228555441                     0.061933756     0.031662657
5               1.167428e-03                     0.000000000                    -0.007986784     0.027403122
6              -2.466038e-03                     0.000000000                     0.038039923     0.010862582
7               3.196828e-03                     0.001872778                    -0.116087914     0.009406502
8              -3.127848e-03                     0.017283440                     0.116087914     0.021640425
9              -1.451368e-03                    -0.004920721                     0.000000000     0.025003951
10              2.342634e-03                     0.004920721                     0.000000000     0.028405410
11             -4.886534e-04                    -0.030053139                    -0.116087914    -0.008420605
12             -6.378535e-03                     0.030053139                     0.096931696     0.008246918
13              1.470844e-03                    -0.030053139                    -0.010896921    -0.002323999
14              2.002724e-03                    -0.176372051                    -0.201508284     0.029025084
15              1.333131e-03                     0.022861719                     0.095972538     0.042416785
16             -4.192038e-03                    -0.218312263                    -0.170893431     0.048586660
17              4.747099e-03                    -0.145042181                    -0.100185633     0.003720327
18             -4.004748e-03                     0.217070103                     0.069105387    -0.006141925
19             -1.822322e-03                    -0.079553127                    -0.083071947     0.024993882
20              1.080919e-03                    -0.176150560                    -0.077933550     0.017681720
21             -1.192941e-02                     0.069185972                    -0.126637936     0.021370449
22              1.178850e-02                    -0.153448343                     0.004080772     0.034784574
23              2.654861e-03                     0.017366648                     0.142476082     0.026361361
24             -1.389599e-02                     0.180090904                     0.016174078     0.038444527
25              9.450305e-03                    -0.031989813                     0.000000000     0.019694440
26              1.675701e-03                     0.041871071                     0.051145554     0.009814561
27             -9.407377e-03                     0.000000000                    -0.189331532    -0.050912346
28              4.756799e-03                     0.085786104                     0.223972082    -0.090824177
29             -6.654918e-04                     0.376688957                    -0.012976170    -0.010450429
30              2.331463e-03                    -0.318598032                    -0.136598825     0.053592068
31              4.712242e-03                     0.206044197                     0.257966757     0.061866907
32             -5.868257e-03                     0.112553835                     0.249140978     0.053808986
33             -8.007223e-03                    -0.019156218                    -0.238733053     0.028930510
34             -1.071028e-03                    -0.144741774                    -0.040002584     0.011918979
35              1.015171e-03                     0.126406431                     0.117631912     0.024543630
36              8.863811e-03                     0.037491560                     0.161103725     0.057557700
37              1.205970e-02                     0.046669483                     0.047342062     0.028496735
38              2.926213e-03                     0.044214964                    -0.028185844     0.045997380
39              4.988671e-03                     0.153371334                     0.092952490     0.059503194
40             -3.830736e-03                     0.115923882                     0.005092859     0.082225516
41              4.214735e-04                     0.639820337                     0.471664906     0.082531234
42              2.063490e-03                     0.801745415                    -0.022792339     0.098347464
43             -7.124585e-03                     0.040705204                     0.164751053     0.054649100
44              1.096326e-03                     0.337376595                     0.287992716     0.049840953
45              2.382640e-03                     0.130341530                     0.194323301     0.052018077
46              1.264550e-02                     0.343297958                     0.017191887     0.114305741
47             -1.156812e-02                     0.346533298                    -0.199976921     0.098833469
48             -6.638528e-03                    -0.009726048                    -0.011199951     0.097421769
49              8.452094e-04                    -0.201833725                    -0.522751808     0.075404740
50              2.319959e-03                     0.211559772                     0.297553301     0.088488916
51             -3.334220e-03                     0.583898067                    -0.099878550     0.126900569
52              2.713115e-03                    -0.238460541                     0.227452993     0.048497289
53             -1.935356e-04                     0.230577469                    -0.023298502     0.115684054
54             -6.919036e-04                     0.199839592                    -0.260592937     0.151285219
55             -1.145520e-02                    -0.552228928                    -0.436033010    -0.004064650
56             -6.407268e-03                    -0.477911472                    -0.427183867     0.028517738
57              1.212289e-02                    -0.304920197                     0.154703379     0.050566174
58              1.210883e-03                     0.503497124                     0.200692415     0.060045147
59             -1.011177e-03                    -0.715742588                    -0.113289595     0.024858721
60             -2.627630e-03                    -0.235079288                    -0.004589558     0.015857387
   economic_activity_lag_1 dummy Jan Feb Mar Apr May Jun Jul Aug Sep Oct
2               0.02976223     0   0   0   1   0   0   0   0   0   0   0
3               0.03672057     0   0   0   0   1   0   0   0   0   0   0
4               0.02660601     0   0   0   0   0   1   0   0   0   0   0
5               0.04356130     0   0   0   0   0   0   1   0   0   0   0
6               0.01757053     0   0   0   0   0   0   0   1   0   0   0
7               0.03236078     0   0   0   0   0   0   0   0   1   0   0
8               0.02930438     0   0   0   0   0   0   0   0   0   1   0
9               0.02923299     0   0   0   0   0   0   0   0   0   0   1
10              0.02229492     0   0   0   0   0   0   0   0   0   0   0
11              0.02323041     0   0   0   0   0   0   0   0   0   0   0
12              0.01734758     0   1   0   0   0   0   0   0   0   0   0
13              0.03391158     0   0   1   0   0   0   0   0   0   0   0
14              0.02600387     0   0   0   1   0   0   0   0   0   0   0
15              0.02691934     0   0   0   0   1   0   0   0   0   0   0
16              0.03757401     0   0   0   0   0   1   0   0   0   0   0
17              0.02002637     0   0   0   0   0   0   1   0   0   0   0
18              0.02480201     0   0   0   0   0   0   0   1   0   0   0
19              0.02186920     0   0   0   0   0   0   0   0   1   0   0
20              0.02278745     0   0   0   0   0   0   0   0   0   1   0
21              0.03620964     0   0   0   0   0   0   0   0   0   0   1
22              0.01981848     0   0   0   0   0   0   0   0   0   0   0
23              0.02549842     0   0   0   0   0   0   0   0   0   0   0
24              0.02259084     0   1   0   0   0   0   0   0   0   0   0
25              0.03781474     0   0   1   0   0   0   0   0   0   0   0
26              0.03578346     1   0   0   1   0   0   0   0   0   0   0
27             -0.07956922     1   0   0   0   1   0   0   0   0   0   0
28             -0.77070172     1   0   0   0   0   1   0   0   0   0   0
29              0.21339722     1   0   0   0   0   0   1   0   0   0   0
30              0.21330076     0   0   0   0   0   0   0   1   0   0   0
31              0.02971606     1   0   0   0   0   0   0   0   1   0   0
32              0.15791953     0   0   0   0   0   0   0   0   0   1   0
33              0.07717705     1   0   0   0   0   0   0   0   0   0   1
34              0.10115859     0   0   0   0   0   0   0   0   0   0   0
35              0.04507153     0   0   0   0   0   0   0   0   0   0   0
36              0.01677041     0   1   0   0   0   0   0   0   0   0   0
37              0.06736316     0   0   1   0   0   0   0   0   0   0   0
38              0.05066022     0   0   0   1   0   0   0   0   0   0   0
39              0.06160136     0   0   0   0   1   0   0   0   0   0   0
40              0.03720211     0   0   0   0   0   1   0   0   0   0   0
41              0.06412900     0   0   0   0   0   0   1   0   0   0   0
42              0.05475905     0   0   0   0   0   0   0   1   0   0   0
43              0.08879717     0   0   0   0   0   0   0   0   1   0   0
44              0.06602323     0   0   0   0   0   0   0   0   0   1   0
45              0.07861505     0   0   0   0   0   0   0   0   0   0   1
46              0.06819482     0   0   0   0   0   0   0   0   0   0   0
47              0.06879133     0   0   0   0   0   0   0   0   0   0   0
48              0.06937609     0   1   0   0   0   0   0   0   0   0   0
49              0.03542764     0   0   1   0   0   0   0   0   0   0   0
50              0.07849205     0   0   0   1   0   0   0   0   0   0   0
51              0.05112829     0   0   0   0   1   0   0   0   0   0   0
52              0.04431433     0   0   0   0   0   1   0   0   0   0   0
53              0.03389257     0   0   0   0   0   0   1   0   0   0   0
54              0.03843642     0   0   0   0   0   0   0   1   0   0   0
55              0.05041760     0   0   0   0   0   0   0   0   1   0   0
56              0.02896168     0   0   0   0   0   0   0   0   0   1   0
57              0.04915587     0   0   0   0   0   0   0   0   0   0   1
58              0.03059615     0   0   0   0   0   0   0   0   0   0   0
59              0.04330825     0   0   0   0   0   0   0   0   0   0   0
60              0.03585464     0   1   0   0   0   0   0   0   0   0   0


attr(,"class")
[1] "lpirfs_lin_obj"
