[1] "energy"               "djn level estimation"
                   1             2             3             4             5             6
AIC(n) -2.527395e+01 -2.526320e+01 -2.568208e+01 -2.641346e+01 -2.672147e+01 -2.892526e+01
HQ(n)  -2.406652e+01 -2.370064e+01 -2.376440e+01 -2.414065e+01 -2.409353e+01 -2.594220e+01
SC(n)  -2.214314e+01 -2.121156e+01 -2.070962e+01 -2.052018e+01 -1.990736e+01 -2.119032e+01
FPE(n)  1.179567e-11  1.371839e-11  1.149606e-11  8.233040e-12  1.154131e-11  3.762898e-12
                   1             2             3             4             5             6
AIC(n) -2.527395e+01 -2.526320e+01 -2.568208e+01 -2.641346e+01 -2.672147e+01 -2.892526e+01
HQ(n)  -2.406652e+01 -2.370064e+01 -2.376440e+01 -2.414065e+01 -2.409353e+01 -2.594220e+01
SC(n)  -2.214314e+01 -2.121156e+01 -2.070962e+01 -2.052018e+01 -1.990736e+01 -2.119032e+01
FPE(n)  1.179567e-11  1.371839e-11  1.149606e-11  8.233040e-12  1.154131e-11  3.762898e-12
$irf_lin_mean
, , 1

            [,1]       [,2]          [,3]         [,4]          [,5]          [,6]          [,7]          [,8]          [,9]
[1,] 0.011424332 0.00079476 -0.0034088934 -0.001922505 -8.623836e-05  0.0011714344  0.0008366234 -0.0005254069  0.0007904968
[2,] 0.030126459 0.01866910  0.0215516291 -0.003953755  2.524115e-02  0.0404179519 -0.0253893737  0.0269736753  0.0448097956
[3,] 0.017864860 0.02179583 -0.0001284225  0.014383087  4.774617e-03 -0.0194239439  0.0074763149  0.0381334187  0.0228144956
[4,] 0.011370342 0.01209498  0.0111673035  0.002719644 -1.270562e-03  0.0006614177 -0.0022791567  0.0055103512  0.0109666464
[5,] 0.008056355 0.03939594  0.0255962974  0.001529675 -8.924479e-03 -0.0041564426 -0.0106515384  0.0098329453 -0.0029719140
           [,10]         [,11]        [,12]        [,13]
[1,] 0.003921280 -4.242470e-06 -0.001530952 -0.001600090
[2,] 0.031314339 -7.001288e-03  0.011438193  0.079388987
[3,] 0.004127881 -1.026415e-02 -0.006470900  0.039414344
[4,] 0.007938224  8.355710e-03  0.008106050  0.014683276
[5,] 0.008982563  2.249448e-02  0.032665158 -0.008950767

, , 2

             [,1]         [,2]          [,3]         [,4]          [,5]         [,6]          [,7]         [,8]
[1,]  0.000000000 7.131818e-05 -0.0007739578  0.001711985 -0.0013923518  0.001738098 -0.0008311469 -0.002042183
[2,]  0.213204575 4.326904e-02 -0.0078064385  0.084462379  0.0745009090  0.018453013  0.0265741746  0.043108908
[3,]  0.095602900 4.367184e-03  0.0024092461  0.005207309  0.0217495931 -0.030407913  0.0068793096 -0.015058148
[4,]  0.008190349 5.195951e-03  0.0003281326  0.012524479  0.0118761482  0.008151169  0.0129791130  0.019118891
[5,] -0.019826760 1.325248e-02  0.0022232266 -0.003141230 -0.0001077852  0.011131605  0.0291529317 -0.004393000
              [,9]         [,10]         [,11]        [,12]        [,13]
[1,] -0.0005502653 -0.0004712124  0.0008970259 -0.003497812 -0.001027423
[2,] -0.0269787466 -0.0431475363  0.0063948935 -0.024059681 -0.094054952
[3,] -0.0174909385 -0.0446448980 -0.0204874193 -0.025914101 -0.068395743
[4,]  0.0109708293  0.0079624169  0.0076992286  0.013869959  0.017083138
[5,]  0.0299716791  0.0060578190 -0.0213379624  0.029876172  0.023049845

, , 3

             [,1]        [,2]         [,3]          [,4]          [,5]          [,6]         [,7]          [,8]
[1,]  0.000000000 0.004267189 -0.001623456 -0.0006012277 -0.0007456976 -0.0004372684  0.007253509 -0.0008062814
[2,]  0.000000000 0.121251272 -0.052310133  0.0386836725 -0.0105589952  0.0332319428  0.132628401 -0.0176942656
[3,]  0.170781655 0.005598148  0.011108098 -0.0231837595 -0.0238176925  0.0472561259  0.030609447  0.0729061312
[4,] -0.007494184 0.004478065 -0.003700039 -0.0067920286  0.0002222319 -0.0052643205  0.004556474  0.0058285038
[5,] -0.004090252 0.010958235  0.001406896 -0.0092124639  0.0139646568 -0.0221456792 -0.005064712  0.0348628754
              [,9]         [,10]        [,11]         [,12]        [,13]
[1,]  0.0004808447 -0.0004023723  0.002312188 -0.0008779738 -0.001956806
[2,]  0.0762998845  0.0014538237  0.134098065  0.0005046006  0.003582961
[3,] -0.0149641772  0.0506886558 -0.009905402 -0.0425429924 -0.021060743
[4,]  0.0110025790  0.0111554938  0.009916007  0.0062432100 -0.001477315
[5,]  0.0227858302  0.0167705357 -0.015966450  0.0133166301  0.010733473

, , 4

           [,1]        [,2]         [,3]         [,4]          [,5]         [,6]          [,7]          [,8]         [,9]
[1,] 0.00000000 -0.00147542 -0.001086952 -0.001345454 -0.0006479204  0.001302898  0.0009556318 -0.0007709786  0.001096535
[2,] 0.00000000  0.02293170  0.011594208 -0.028955419  0.0030166947 -0.002234654 -0.0138767669 -0.0387725403 -0.024975338
[3,] 0.00000000 -0.01212692 -0.028235639 -0.030554462 -0.0046266740  0.015114736 -0.0016838477 -0.0305970090 -0.031563509
[4,] 0.02840621  0.01688606  0.010009401  0.007276640  0.0099037524  0.011548435  0.0099177309  0.0110102937  0.012663379
[5,] 0.03991327  0.01224441 -0.010361798  0.008881779  0.0140947885 -0.004636522 -0.0054741875  0.0211589536  0.005090114
             [,10]        [,11]        [,12]         [,13]
[1,]  0.0003307680 -0.001294596 -0.001971216 -0.0030078825
[2,] -0.0001902312  0.021650115  0.017960637  0.0026550748
[3,] -0.0009661633  0.005486311  0.007232965  0.0002246419
[4,]  0.0128768828  0.015688623  0.008711351 -0.0024110430
[5,]  0.0125227810  0.024680769 -0.011325662 -0.0191191497

, , 5

           [,1]          [,2]          [,3]        [,4]         [,5]         [,6]         [,7]        [,8]          [,9]
[1,] 0.00000000 -6.342423e-04  0.0006430427 -0.00153762  0.001115657  0.002499828 -0.001106822 0.001888040  0.0002965432
[2,] 0.00000000 -3.252588e-02  0.0905749943  0.01251665 -0.029214096  0.007512481  0.081020668 0.011236011  0.0427521402
[3,] 0.00000000  1.407352e-02  0.0618547807 -0.02060397 -0.038143323  0.042899013  0.034095888 0.012724468  0.0134105278
[4,] 0.00000000 -1.824413e-05 -0.0026515136 -0.00493728 -0.004661605 -0.002458287  0.007589358 0.003835536 -0.0016997217
[5,] 0.08879578 -1.579704e-02 -0.0253216602  0.01088953 -0.006983609  0.006618130  0.005590794 0.002104381  0.0146368161
             [,10]         [,11]        [,12]        [,13]
[1,] -0.0008296653 -0.0009796585  0.001675157  0.002369531
[2,]  0.0117063757  0.0533673342  0.046913464  0.018904588
[3,] -0.0121916600  0.0294070424 -0.001237742  0.035783994
[4,]  0.0028222194  0.0015225472  0.003257965 -0.003002539
[5,]  0.0012788854 -0.0089148258  0.012888632 -0.018967733


$irf_lin_low
, , 1

            [,1]          [,2]         [,3]         [,4]         [,5]         [,6]        [,7]         [,8]          [,9]
[1,] 0.011424332 -0.0030670866 -0.007141670 -0.005635829 -0.004392493 -0.003138471 -0.00255174 -0.004575220 -2.690633e-03
[2,] 0.030126459 -0.0521086115 -0.055338818 -0.100130384 -0.051246432 -0.041044639 -0.09776436 -0.059945153 -3.285104e-02
[3,] 0.017864860 -0.0429676988 -0.060702544 -0.051090666 -0.038621121 -0.076225619 -0.04856097 -0.024431114 -3.728734e-02
[4,] 0.011370342  0.0003520737 -0.002873961 -0.009748946 -0.012619546 -0.012192525 -0.01611661 -0.004917673 -3.484242e-05
[5,] 0.008056355  0.0023998075 -0.013660944 -0.014891676 -0.042178588 -0.026886799 -0.04321788 -0.019544316 -2.391293e-02
             [,10]        [,11]        [,12]        [,13]
[1,] -0.0009743566 -0.005302945 -0.005384835 -0.005524091
[2,] -0.0578916947 -0.093465807 -0.089781215 -0.007068567
[3,] -0.0528815340 -0.075176903 -0.064063065 -0.019922234
[4,] -0.0025405337 -0.005404619 -0.007250642  0.005112598
[5,] -0.0211933211 -0.014478314 -0.020631584 -0.039858635

, , 2

             [,1]         [,2]         [,3]          [,4]         [,5]         [,6]         [,7]         [,8]          [,9]
[1,]  0.000000000 -0.004043231 -0.005389283 -0.0023458650 -0.006611004 -0.003072384 -0.004392078 -0.006793335 -0.0052198904
[2,]  0.213204575 -0.051321827 -0.099443065 -0.0059560011 -0.004396536 -0.076140680 -0.060964820 -0.096775883 -0.1363835339
[3,]  0.095602900 -0.072094191 -0.076263428 -0.0775574766 -0.038399615 -0.095115309 -0.062118597 -0.107813549 -0.0907701966
[4,]  0.008190349 -0.005941556 -0.011442470 -0.0002390557 -0.003530506 -0.008174394 -0.003252566  0.005084150 -0.0008682071
[5,] -0.019826760 -0.015248785 -0.025027131 -0.0248411697 -0.039439276 -0.033474016 -0.023672273 -0.058259110 -0.0054886757
            [,10]        [,11]        [,12]        [,13]
[1,] -0.006193699 -0.008226420 -0.008801743 -0.005524815
[2,] -0.179704298 -0.096745807 -0.182115765 -0.176708897
[3,] -0.122851227 -0.099131319 -0.162003413 -0.139238742
[4,] -0.009512860 -0.008213384 -0.001778947 -0.002688614
[5,] -0.030695120 -0.079392953 -0.030883983 -0.021198774

, , 3

             [,1]          [,2]        [,3]        [,4]          [,5]         [,6]          [,7]         [,8]          [,9]
[1,]  0.000000000  0.0022714462 -0.00461393 -0.00253616 -0.0024176166 -0.002632643  0.0052739857 -0.003076136 -0.0008579919
[2,]  0.000000000  0.0888429230 -0.09778042  0.00278576 -0.0466014668  0.007096324  0.0970662654 -0.076896400  0.0211482564
[3,]  0.170781655 -0.0287093026 -0.01892026 -0.05501199 -0.0497558049  0.022942603 -0.0000759930  0.043018598 -0.0479921821
[4,] -0.007494184 -0.0006766632 -0.01040734 -0.01183784 -0.0048362174 -0.010891441  0.0005171596  0.000665315  0.0028359711
[5,] -0.004090252 -0.0044234931 -0.01442386 -0.02574617 -0.0000403543 -0.049520108 -0.0141674774  0.005684645  0.0006706876
             [,10]        [,11]         [,12]        [,13]
[1,] -0.0023475274 -0.002324437 -2.103426e-03 -0.003457824
[2,] -0.0344584125  0.087800592 -4.948639e-02 -0.038842720
[3,]  0.0034603048 -0.049442932 -8.763167e-02 -0.049703930
[4,]  0.0066500565  0.004452669 -4.431213e-05 -0.009407873
[5,] -0.0005931787 -0.027617832 -1.489191e-04  0.008707275

, , 4

           [,1]         [,2]         [,3]         [,4]         [,5]          [,6]         [,7]         [,8]         [,9]
[1,] 0.00000000 -0.004189885 -0.004094310 -0.003904192 -0.003790709 -0.0013289565 -0.001730101 -0.003382364 -0.001575558
[2,] 0.00000000 -0.043854893 -0.061243123 -0.114015913 -0.052824199 -0.0704731414 -0.073664823 -0.110441675 -0.077263279
[3,] 0.00000000 -0.065308665 -0.084907499 -0.076569078 -0.047423362 -0.0225025319 -0.038907278 -0.072215690 -0.070064120
[4,] 0.02840621  0.006903766 -0.002953929 -0.004108511  0.000691678  0.0006434773 -0.001659515  0.002182790  0.005000220
[5,] 0.03991327 -0.018381737 -0.033338922 -0.005781492 -0.009177039 -0.0193706045 -0.027927504  0.001863047 -0.009996059
            [,10]        [,11]        [,12]        [,13]
[1,] -0.002746877 -0.005350389 -0.005227134 -0.005643665
[2,] -0.086464343 -0.042566463 -0.090164972 -0.044600980
[3,] -0.048234003 -0.040523789 -0.058353509 -0.046765920
[4,]  0.001388734  0.005863914 -0.002344223 -0.010168850
[5,] -0.010427582 -0.014784397 -0.047673413 -0.056077231

, , 5

           [,1]         [,2]          [,3]         [,4]          [,5]         [,6]         [,7]          [,8]          [,9]
[1,] 0.00000000 -0.002586935 -0.0009918222 -0.002995615 -0.0007383948  0.001006374 -0.002864063  0.0002337945 -0.0009719668
[2,] 0.00000000 -0.067821625  0.0483457970 -0.029808026 -0.0513596347 -0.020244672  0.050603057 -0.0272693427  0.0165290367
[3,] 0.00000000 -0.015844574  0.0371821094 -0.040075523 -0.0618924871  0.027793055  0.018670594 -0.0088303265  0.0001320435
[4,] 0.00000000 -0.006062011 -0.0121297473 -0.010581825 -0.0080676437 -0.007864623  0.001845172 -0.0017792411 -0.0063461463
[5,] 0.08879578 -0.037645522 -0.0413844257  0.003849522 -0.0133279026 -0.001976654 -0.008466703 -0.0025681194  0.0026197281
            [,10]        [,11]         [,12]         [,13]
[1,] -0.002408644 -0.002553209  0.0007510655  0.0001921787
[2,] -0.021381334  0.018838729  0.0025278080 -0.0103861199
[3,] -0.044610730  0.001932973 -0.0338510668  0.0146763704
[4,] -0.002024748 -0.003178772 -0.0043429709 -0.0083958528
[5,] -0.005221524 -0.023825572 -0.0050522735 -0.0542794809


$irf_lin_up
, , 1

            [,1]        [,2]         [,3]       [,4]        [,5]        [,6]        [,7]        [,8]        [,9]       [,10]
[1,] 0.011424332 0.004656607 0.0003238833 0.00179082 0.004220016 0.005481339 0.004224987 0.003524406 0.004271626 0.008816916
[2,] 0.030126459 0.089446804 0.0984420760 0.09222287 0.101728731 0.121880543 0.046985614 0.113892503 0.122470634 0.120520372
[3,] 0.017864860 0.086559355 0.0604456990 0.07985684 0.048170354 0.037377731 0.063513596 0.100697951 0.082916327 0.061137296
[4,] 0.011370342 0.023837895 0.0252085676 0.01518823 0.010078422 0.013515361 0.011558294 0.015938376 0.021968135 0.018416981
[5,] 0.008056355 0.076392076 0.0648535392 0.01795103 0.024329630 0.018573914 0.021914802 0.039210206 0.017969100 0.039158447
          [,11]       [,12]       [,13]
[1,] 0.00529446 0.002322931 0.002323912
[2,] 0.07946323 0.112657600 0.165846541
[3,] 0.05464861 0.051121266 0.098750923
[4,] 0.02211604 0.023462742 0.024253954
[5,] 0.05946727 0.085961900 0.021957101

, , 2

             [,1]        [,2]        [,3]        [,4]       [,5]       [,6]        [,7]        [,8]       [,9]       [,10]
[1,]  0.000000000 0.004185867 0.003841367 0.005769836 0.00382630 0.00654858 0.002729784 0.002708969 0.00411936 0.005251274
[2,]  0.213204575 0.137859905 0.083830188 0.174880760 0.15339835 0.11304670 0.114113169 0.182993699 0.08242604 0.093409225
[3,]  0.095602900 0.080828558 0.081081920 0.087972094 0.08189880 0.03429948 0.075877217 0.077697254 0.05578832 0.033561431
[4,]  0.008190349 0.016333459 0.012098735 0.025288014 0.02728280 0.02447673 0.029210792 0.033153632 0.02280987 0.025437694
[5,] -0.019826760 0.041753753 0.029473585 0.018558710 0.03922371 0.05573723 0.081978136 0.049473111 0.06543203 0.042810758
          [,11]       [,12]        [,13]
[1,] 0.01002047 0.001806118  0.003469968
[2,] 0.10953559 0.133996403 -0.011401006
[3,] 0.05815648 0.110175211  0.002447256
[4,] 0.02361184 0.029518865  0.036854890
[5,] 0.03671703 0.090636327  0.067298465

, , 3

             [,1]        [,2]         [,3]         [,4]         [,5]         [,6]        [,7]        [,8]        [,9]
[1,]  0.000000000 0.006262932  0.001367019  0.001333704 0.0009262213 0.0017581061 0.009233033 0.001463573 0.001819681
[2,]  0.000000000 0.153659620 -0.006839848  0.074581585 0.0254834764 0.0593675618 0.168190537 0.041507869 0.131451513
[3,]  0.170781655 0.039905598  0.041136453  0.008644467 0.0021204199 0.0715696491 0.061294887 0.102793665 0.018063828
[4,] -0.007494184 0.009632794  0.003007261 -0.001746222 0.0052806813 0.0003628004 0.008595789 0.010991693 0.019169187
[5,] -0.004090252 0.026339964  0.017237649  0.007321239 0.0279696679 0.0052287493 0.004038054 0.064041106 0.044900973
           [,10]        [,11]        [,12]         [,13]
[1,] 0.001542783  0.006948813 0.0003474789 -0.0004557877
[2,] 0.037366060  0.180395538 0.0504955906  0.0460086422
[3,] 0.097917007  0.029632128 0.0025456888  0.0075824437
[4,] 0.015660931  0.015379345 0.0125307322  0.0064532426
[5,] 0.034134250 -0.004315068 0.0267821793  0.0127596698

, , 4

           [,1]        [,2]        [,3]        [,4]        [,5]        [,6]        [,7]        [,8]        [,9]       [,10]
[1,] 0.00000000 0.001239045 0.001920406 0.001213283 0.002494868 0.003934753 0.003641365 0.001840406 0.003768629 0.003408413
[2,] 0.00000000 0.089718291 0.084431538 0.056105075 0.058857588 0.066003834 0.045911289 0.032896594 0.027312603 0.086083881
[3,] 0.00000000 0.041054824 0.028436222 0.015460154 0.038170014 0.052732004 0.035539582 0.011021672 0.006937103 0.046301677
[4,] 0.02840621 0.026868359 0.022972731 0.018661792 0.019115827 0.022453394 0.021494977 0.019837797 0.020326539 0.024365032
[5,] 0.03991327 0.042870567 0.012615326 0.023545050 0.037366616 0.010097561 0.016979129 0.040454860 0.020176286 0.035473144
           [,11]       [,12]         [,13]
[1,] 0.002761197 0.001284702 -0.0003720999
[2,] 0.085866692 0.126086246  0.0499111292
[3,] 0.051496411 0.072819439  0.0472152036
[4,] 0.025513331 0.019766925  0.0053467641
[5,] 0.064145934 0.025022089  0.0178389314

, , 5

           [,1]        [,2]         [,3]          [,4]          [,5]        [,6]         [,7]        [,8]        [,9]
[1,] 0.00000000 0.001318451  0.002277908 -7.962406e-05  0.0029697089 0.003993282 0.0006504197 0.003542285 0.001565053
[2,] 0.00000000 0.002769856  0.132804192  5.484133e-02 -0.0070685565 0.035269633 0.1114382792 0.049741365 0.068975244
[3,] 0.00000000 0.043991609  0.086527452 -1.132408e-03 -0.0143941589 0.058004971 0.0495211824 0.034279263 0.026689012
[4,] 0.00000000 0.006025522  0.006826720  7.072641e-04 -0.0012555666 0.002948049 0.0133335445 0.009450313 0.002946703
[5,] 0.08879578 0.006051437 -0.009258895  1.792955e-02 -0.0006393145 0.015212915 0.0196482911 0.006776882 0.026653904
            [,10]        [,11]       [,12]       [,13]
[1,] 0.0007493131 0.0005938921 0.002599248 0.004546883
[2,] 0.0447940857 0.0878959397 0.091299121 0.048195296
[3,] 0.0202274100 0.0568811114 0.031375583 0.056891617
[4,] 0.0076691868 0.0062238669 0.010858901 0.002390775
[5,] 0.0077792952 0.0059959200 0.030829538 0.016344015


$diagnostic_list
$diagnostic_list$`Shock: energy`
$diagnostic_list$`Shock: energy`[[1]]
                               R-sqrd. Adj. R-sqrd.    F-stat     p-value
h1:energy                    0.3183081   0.05861593 1.2257131 0.289535220
h1:inflation_expectations_1y 0.3518236   0.10489926 1.4248235 0.176857824
h1:inflation_expectations_3y 0.1441903  -0.18183240 0.4422708 0.960349051
h1:inflation                 0.5287535   0.34923102 2.9453331 0.002564865
h1:economic_activity         0.4024922   0.17487013 1.7682478 0.070370471

$diagnostic_list$`Shock: energy`[[2]]
                               R-sqrd. Adj. R-sqrd.    F-stat   p-value
h2:energy                    0.3110616   0.04220754 1.1569905 0.3404191
h2:inflation_expectations_1y 0.3201396   0.05482829 1.2066564 0.3038018
h2:inflation_expectations_3y 0.2232259  -0.07990542 0.7364000 0.7417543
h2:inflation                 0.2589277  -0.03027120 0.8953274 0.5789593
h2:economic_activity         0.3496463   0.09584968 1.3776634 0.2006734

$diagnostic_list$`Shock: energy`[[3]]
                               R-sqrd. Adj. R-sqrd.    F-stat   p-value
h3:energy                    0.3609798   0.10537174 1.4122395 0.1851333
h3:inflation_expectations_1y 0.2740776  -0.01629143 0.9438941 0.5302943
h3:inflation_expectations_3y 0.1625674  -0.17240563 0.4853149 0.9400822
h3:inflation                 0.2614020  -0.03403725 0.8847910 0.5898157
h3:economic_activity         0.3004698   0.02065769 1.0738270 0.4092167

$diagnostic_list$`Shock: energy`[[4]]
                               R-sqrd. Adj. R-sqrd.    F-stat   p-value
h4:energy                    0.2538561  -0.05225424 0.8292960 0.6467765
h4:inflation_expectations_1y 0.2650139  -0.03651891 0.8788891 0.5959144
h4:inflation_expectations_3y 0.2107755  -0.11300897 0.6509747 0.8215777
h4:inflation                 0.2589074  -0.04513055 0.8515628 0.6238926
h4:economic_activity         0.3070309   0.02273585 1.0799727 0.4046786

$diagnostic_list$`Shock: energy`[[5]]
                               R-sqrd. Adj. R-sqrd.    F-stat   p-value
h5:energy                    0.3422959   0.06536792 1.2360466 0.2869932
h5:inflation_expectations_1y 0.1994799  -0.13758119 0.5918212 0.8702028
h5:inflation_expectations_3y 0.2576620  -0.05490133 0.8243514 0.6517396
h5:inflation                 0.2653270  -0.04400903 0.8577306 0.6175555
h5:economic_activity         0.2028984  -0.13272335 0.6045448 0.8602053

$diagnostic_list$`Shock: energy`[[6]]
                               R-sqrd. Adj. R-sqrd.    F-stat    p-value
h6:energy                    0.4332631   0.18818768 1.7678766 0.07601049
h6:inflation_expectations_1y 0.3857769   0.12016690 1.4524186 0.17131723
h6:inflation_expectations_3y 0.1894678  -0.16103255 0.5405639 0.90639406
h6:inflation                 0.2938812  -0.01146746 0.9624447 0.51320135
h6:economic_activity         0.1570058  -0.20753219 0.4306981 0.96341695

$diagnostic_list$`Shock: energy`[[7]]
                               R-sqrd. Adj. R-sqrd.    F-stat   p-value
h7:energy                    0.2657921  -0.06052248 0.8145272 0.6614831
h7:inflation_expectations_1y 0.2551622  -0.07587687 0.7707918 0.7057419
h7:inflation_expectations_3y 0.3319841   0.03508818 1.1181834 0.3756979
h7:inflation                 0.3777615   0.10121106 1.3659768 0.2134133
h7:economic_activity         0.3489957   0.05966048 1.2061984 0.3097794

$diagnostic_list$`Shock: energy`[[8]]
                               R-sqrd. Adj. R-sqrd.    F-stat   p-value
h8:energy                    0.2467165 -0.097641682 0.7164531 0.7589131
h8:inflation_expectations_1y 0.2744618 -0.057212765 0.8275033 0.6481596
h8:inflation_expectations_3y 0.2794265 -0.049978528 0.8482764 0.6271053
h8:inflation                 0.2969199 -0.024488095 0.9238099 0.5515248
h8:economic_activity         0.3199093  0.009010675 1.0289827 0.4523664

$diagnostic_list$`Shock: energy`[[9]]
                               R-sqrd. Adj. R-sqrd.    F-stat   p-value
h9:energy                    0.3213164  0.001935871 1.0060613 0.4738012
h9:inflation_expectations_1y 0.2820700 -0.055779365 0.8348987 0.6405659
h9:inflation_expectations_3y 0.2550941 -0.095449852 0.7277093 0.7475655
h9:inflation                 0.2985336 -0.031568228 0.9043682 0.5709424
h9:economic_activity         0.2819281 -0.055988073 0.8343137 0.6411567

$diagnostic_list$`Shock: energy`[[10]]
                                R-sqrd. Adj. R-sqrd.    F-stat   p-value
h10:energy                    0.2030732 -0.183315622 0.5255669 0.9138435
h10:inflation_expectations_1y 0.3569104  0.045109366 1.1446736 0.3584056
h10:inflation_expectations_3y 0.2528757 -0.109366420 0.6980847 0.7753735
h10:inflation                 0.3303937  0.005736173 1.0176684 0.4639883
h10:economic_activity         0.3288019  0.003372491 1.0103632 0.4705760

$diagnostic_list$`Shock: energy`[[11]]
                                R-sqrd. Adj. R-sqrd.    F-stat   p-value
h11:energy                    0.2918191  -0.06227136 0.8241371 0.6511485
h11:inflation_expectations_1y 0.2902989  -0.06455161 0.8180879 0.6572084
h11:inflation_expectations_3y 0.1842010  -0.22369855 0.4515842 0.9529136
h11:inflation                 0.2982510  -0.05262350 0.8500219 0.6252393
h11:economic_activity         0.4237688   0.13565316 1.4708289 0.1719859

$diagnostic_list$`Shock: energy`[[12]]
                                R-sqrd. Adj. R-sqrd.    F-stat   p-value
h12:energy                    0.2239309 -0.176620826 0.5590562 0.8902149
h12:inflation_expectations_1y 0.3779920  0.056955591 1.1774116 0.3370048
h12:inflation_expectations_3y 0.3628410  0.033984752 1.1033423 0.3931429
h12:inflation                 0.3940486  0.081299542 1.2599513 0.2818092
h12:economic_activity         0.3454619  0.007635742 1.0226026 0.4611878


$diagnostic_list$`Shock: inflation_expectations_1y`
$diagnostic_list$`Shock: inflation_expectations_1y`[[1]]
                               R-sqrd. Adj. R-sqrd.    F-stat     p-value
h1:energy                    0.3183081   0.05861593 1.2257131 0.289535220
h1:inflation_expectations_1y 0.3518236   0.10489926 1.4248235 0.176857824
h1:inflation_expectations_3y 0.1441903  -0.18183240 0.4422708 0.960349051
h1:inflation                 0.5287535   0.34923102 2.9453331 0.002564865
h1:economic_activity         0.4024922   0.17487013 1.7682478 0.070370471

$diagnostic_list$`Shock: inflation_expectations_1y`[[2]]
                               R-sqrd. Adj. R-sqrd.    F-stat   p-value
h2:energy                    0.3110616   0.04220754 1.1569905 0.3404191
h2:inflation_expectations_1y 0.3201396   0.05482829 1.2066564 0.3038018
h2:inflation_expectations_3y 0.2232259  -0.07990542 0.7364000 0.7417543
h2:inflation                 0.2589277  -0.03027120 0.8953274 0.5789593
h2:economic_activity         0.3496463   0.09584968 1.3776634 0.2006734

$diagnostic_list$`Shock: inflation_expectations_1y`[[3]]
                               R-sqrd. Adj. R-sqrd.    F-stat   p-value
h3:energy                    0.3609798   0.10537174 1.4122395 0.1851333
h3:inflation_expectations_1y 0.2740776  -0.01629143 0.9438941 0.5302943
h3:inflation_expectations_3y 0.1625674  -0.17240563 0.4853149 0.9400822
h3:inflation                 0.2614020  -0.03403725 0.8847910 0.5898157
h3:economic_activity         0.3004698   0.02065769 1.0738270 0.4092167

$diagnostic_list$`Shock: inflation_expectations_1y`[[4]]
                               R-sqrd. Adj. R-sqrd.    F-stat   p-value
h4:energy                    0.2538561  -0.05225424 0.8292960 0.6467765
h4:inflation_expectations_1y 0.2650139  -0.03651891 0.8788891 0.5959144
h4:inflation_expectations_3y 0.2107755  -0.11300897 0.6509747 0.8215777
h4:inflation                 0.2589074  -0.04513055 0.8515628 0.6238926
h4:economic_activity         0.3070309   0.02273585 1.0799727 0.4046786

$diagnostic_list$`Shock: inflation_expectations_1y`[[5]]
                               R-sqrd. Adj. R-sqrd.    F-stat   p-value
h5:energy                    0.3422959   0.06536792 1.2360466 0.2869932
h5:inflation_expectations_1y 0.1994799  -0.13758119 0.5918212 0.8702028
h5:inflation_expectations_3y 0.2576620  -0.05490133 0.8243514 0.6517396
h5:inflation                 0.2653270  -0.04400903 0.8577306 0.6175555
h5:economic_activity         0.2028984  -0.13272335 0.6045448 0.8602053

$diagnostic_list$`Shock: inflation_expectations_1y`[[6]]
                               R-sqrd. Adj. R-sqrd.    F-stat    p-value
h6:energy                    0.4332631   0.18818768 1.7678766 0.07601049
h6:inflation_expectations_1y 0.3857769   0.12016690 1.4524186 0.17131723
h6:inflation_expectations_3y 0.1894678  -0.16103255 0.5405639 0.90639406
h6:inflation                 0.2938812  -0.01146746 0.9624447 0.51320135
h6:economic_activity         0.1570058  -0.20753219 0.4306981 0.96341695

$diagnostic_list$`Shock: inflation_expectations_1y`[[7]]
                               R-sqrd. Adj. R-sqrd.    F-stat   p-value
h7:energy                    0.2657921  -0.06052248 0.8145272 0.6614831
h7:inflation_expectations_1y 0.2551622  -0.07587687 0.7707918 0.7057419
h7:inflation_expectations_3y 0.3319841   0.03508818 1.1181834 0.3756979
h7:inflation                 0.3777615   0.10121106 1.3659768 0.2134133
h7:economic_activity         0.3489957   0.05966048 1.2061984 0.3097794

$diagnostic_list$`Shock: inflation_expectations_1y`[[8]]
                               R-sqrd. Adj. R-sqrd.    F-stat   p-value
h8:energy                    0.2467165 -0.097641682 0.7164531 0.7589131
h8:inflation_expectations_1y 0.2744618 -0.057212765 0.8275033 0.6481596
h8:inflation_expectations_3y 0.2794265 -0.049978528 0.8482764 0.6271053
h8:inflation                 0.2969199 -0.024488095 0.9238099 0.5515248
h8:economic_activity         0.3199093  0.009010675 1.0289827 0.4523664

$diagnostic_list$`Shock: inflation_expectations_1y`[[9]]
                               R-sqrd. Adj. R-sqrd.    F-stat   p-value
h9:energy                    0.3213164  0.001935871 1.0060613 0.4738012
h9:inflation_expectations_1y 0.2820700 -0.055779365 0.8348987 0.6405659
h9:inflation_expectations_3y 0.2550941 -0.095449852 0.7277093 0.7475655
h9:inflation                 0.2985336 -0.031568228 0.9043682 0.5709424
h9:economic_activity         0.2819281 -0.055988073 0.8343137 0.6411567

$diagnostic_list$`Shock: inflation_expectations_1y`[[10]]
                                R-sqrd. Adj. R-sqrd.    F-stat   p-value
h10:energy                    0.2030732 -0.183315622 0.5255669 0.9138435
h10:inflation_expectations_1y 0.3569104  0.045109366 1.1446736 0.3584056
h10:inflation_expectations_3y 0.2528757 -0.109366420 0.6980847 0.7753735
h10:inflation                 0.3303937  0.005736173 1.0176684 0.4639883
h10:economic_activity         0.3288019  0.003372491 1.0103632 0.4705760

$diagnostic_list$`Shock: inflation_expectations_1y`[[11]]
                                R-sqrd. Adj. R-sqrd.    F-stat   p-value
h11:energy                    0.2918191  -0.06227136 0.8241371 0.6511485
h11:inflation_expectations_1y 0.2902989  -0.06455161 0.8180879 0.6572084
h11:inflation_expectations_3y 0.1842010  -0.22369855 0.4515842 0.9529136
h11:inflation                 0.2982510  -0.05262350 0.8500219 0.6252393
h11:economic_activity         0.4237688   0.13565316 1.4708289 0.1719859

$diagnostic_list$`Shock: inflation_expectations_1y`[[12]]
                                R-sqrd. Adj. R-sqrd.    F-stat   p-value
h12:energy                    0.2239309 -0.176620826 0.5590562 0.8902149
h12:inflation_expectations_1y 0.3779920  0.056955591 1.1774116 0.3370048
h12:inflation_expectations_3y 0.3628410  0.033984752 1.1033423 0.3931429
h12:inflation                 0.3940486  0.081299542 1.2599513 0.2818092
h12:economic_activity         0.3454619  0.007635742 1.0226026 0.4611878


$diagnostic_list$`Shock: inflation_expectations_3y`
$diagnostic_list$`Shock: inflation_expectations_3y`[[1]]
                               R-sqrd. Adj. R-sqrd.    F-stat     p-value
h1:energy                    0.3183081   0.05861593 1.2257131 0.289535220
h1:inflation_expectations_1y 0.3518236   0.10489926 1.4248235 0.176857824
h1:inflation_expectations_3y 0.1441903  -0.18183240 0.4422708 0.960349051
h1:inflation                 0.5287535   0.34923102 2.9453331 0.002564865
h1:economic_activity         0.4024922   0.17487013 1.7682478 0.070370471

$diagnostic_list$`Shock: inflation_expectations_3y`[[2]]
                               R-sqrd. Adj. R-sqrd.    F-stat   p-value
h2:energy                    0.3110616   0.04220754 1.1569905 0.3404191
h2:inflation_expectations_1y 0.3201396   0.05482829 1.2066564 0.3038018
h2:inflation_expectations_3y 0.2232259  -0.07990542 0.7364000 0.7417543
h2:inflation                 0.2589277  -0.03027120 0.8953274 0.5789593
h2:economic_activity         0.3496463   0.09584968 1.3776634 0.2006734

$diagnostic_list$`Shock: inflation_expectations_3y`[[3]]
                               R-sqrd. Adj. R-sqrd.    F-stat   p-value
h3:energy                    0.3609798   0.10537174 1.4122395 0.1851333
h3:inflation_expectations_1y 0.2740776  -0.01629143 0.9438941 0.5302943
h3:inflation_expectations_3y 0.1625674  -0.17240563 0.4853149 0.9400822
h3:inflation                 0.2614020  -0.03403725 0.8847910 0.5898157
h3:economic_activity         0.3004698   0.02065769 1.0738270 0.4092167

$diagnostic_list$`Shock: inflation_expectations_3y`[[4]]
                               R-sqrd. Adj. R-sqrd.    F-stat   p-value
h4:energy                    0.2538561  -0.05225424 0.8292960 0.6467765
h4:inflation_expectations_1y 0.2650139  -0.03651891 0.8788891 0.5959144
h4:inflation_expectations_3y 0.2107755  -0.11300897 0.6509747 0.8215777
h4:inflation                 0.2589074  -0.04513055 0.8515628 0.6238926
h4:economic_activity         0.3070309   0.02273585 1.0799727 0.4046786

$diagnostic_list$`Shock: inflation_expectations_3y`[[5]]
                               R-sqrd. Adj. R-sqrd.    F-stat   p-value
h5:energy                    0.3422959   0.06536792 1.2360466 0.2869932
h5:inflation_expectations_1y 0.1994799  -0.13758119 0.5918212 0.8702028
h5:inflation_expectations_3y 0.2576620  -0.05490133 0.8243514 0.6517396
h5:inflation                 0.2653270  -0.04400903 0.8577306 0.6175555
h5:economic_activity         0.2028984  -0.13272335 0.6045448 0.8602053

$diagnostic_list$`Shock: inflation_expectations_3y`[[6]]
                               R-sqrd. Adj. R-sqrd.    F-stat    p-value
h6:energy                    0.4332631   0.18818768 1.7678766 0.07601049
h6:inflation_expectations_1y 0.3857769   0.12016690 1.4524186 0.17131723
h6:inflation_expectations_3y 0.1894678  -0.16103255 0.5405639 0.90639406
h6:inflation                 0.2938812  -0.01146746 0.9624447 0.51320135
h6:economic_activity         0.1570058  -0.20753219 0.4306981 0.96341695

$diagnostic_list$`Shock: inflation_expectations_3y`[[7]]
                               R-sqrd. Adj. R-sqrd.    F-stat   p-value
h7:energy                    0.2657921  -0.06052248 0.8145272 0.6614831
h7:inflation_expectations_1y 0.2551622  -0.07587687 0.7707918 0.7057419
h7:inflation_expectations_3y 0.3319841   0.03508818 1.1181834 0.3756979
h7:inflation                 0.3777615   0.10121106 1.3659768 0.2134133
h7:economic_activity         0.3489957   0.05966048 1.2061984 0.3097794

$diagnostic_list$`Shock: inflation_expectations_3y`[[8]]
                               R-sqrd. Adj. R-sqrd.    F-stat   p-value
h8:energy                    0.2467165 -0.097641682 0.7164531 0.7589131
h8:inflation_expectations_1y 0.2744618 -0.057212765 0.8275033 0.6481596
h8:inflation_expectations_3y 0.2794265 -0.049978528 0.8482764 0.6271053
h8:inflation                 0.2969199 -0.024488095 0.9238099 0.5515248
h8:economic_activity         0.3199093  0.009010675 1.0289827 0.4523664

$diagnostic_list$`Shock: inflation_expectations_3y`[[9]]
                               R-sqrd. Adj. R-sqrd.    F-stat   p-value
h9:energy                    0.3213164  0.001935871 1.0060613 0.4738012
h9:inflation_expectations_1y 0.2820700 -0.055779365 0.8348987 0.6405659
h9:inflation_expectations_3y 0.2550941 -0.095449852 0.7277093 0.7475655
h9:inflation                 0.2985336 -0.031568228 0.9043682 0.5709424
h9:economic_activity         0.2819281 -0.055988073 0.8343137 0.6411567

$diagnostic_list$`Shock: inflation_expectations_3y`[[10]]
                                R-sqrd. Adj. R-sqrd.    F-stat   p-value
h10:energy                    0.2030732 -0.183315622 0.5255669 0.9138435
h10:inflation_expectations_1y 0.3569104  0.045109366 1.1446736 0.3584056
h10:inflation_expectations_3y 0.2528757 -0.109366420 0.6980847 0.7753735
h10:inflation                 0.3303937  0.005736173 1.0176684 0.4639883
h10:economic_activity         0.3288019  0.003372491 1.0103632 0.4705760

$diagnostic_list$`Shock: inflation_expectations_3y`[[11]]
                                R-sqrd. Adj. R-sqrd.    F-stat   p-value
h11:energy                    0.2918191  -0.06227136 0.8241371 0.6511485
h11:inflation_expectations_1y 0.2902989  -0.06455161 0.8180879 0.6572084
h11:inflation_expectations_3y 0.1842010  -0.22369855 0.4515842 0.9529136
h11:inflation                 0.2982510  -0.05262350 0.8500219 0.6252393
h11:economic_activity         0.4237688   0.13565316 1.4708289 0.1719859

$diagnostic_list$`Shock: inflation_expectations_3y`[[12]]
                                R-sqrd. Adj. R-sqrd.    F-stat   p-value
h12:energy                    0.2239309 -0.176620826 0.5590562 0.8902149
h12:inflation_expectations_1y 0.3779920  0.056955591 1.1774116 0.3370048
h12:inflation_expectations_3y 0.3628410  0.033984752 1.1033423 0.3931429
h12:inflation                 0.3940486  0.081299542 1.2599513 0.2818092
h12:economic_activity         0.3454619  0.007635742 1.0226026 0.4611878


$diagnostic_list$`Shock: inflation`
$diagnostic_list$`Shock: inflation`[[1]]
                               R-sqrd. Adj. R-sqrd.    F-stat     p-value
h1:energy                    0.3183081   0.05861593 1.2257131 0.289535220
h1:inflation_expectations_1y 0.3518236   0.10489926 1.4248235 0.176857824
h1:inflation_expectations_3y 0.1441903  -0.18183240 0.4422708 0.960349051
h1:inflation                 0.5287535   0.34923102 2.9453331 0.002564865
h1:economic_activity         0.4024922   0.17487013 1.7682478 0.070370471

$diagnostic_list$`Shock: inflation`[[2]]
                               R-sqrd. Adj. R-sqrd.    F-stat   p-value
h2:energy                    0.3110616   0.04220754 1.1569905 0.3404191
h2:inflation_expectations_1y 0.3201396   0.05482829 1.2066564 0.3038018
h2:inflation_expectations_3y 0.2232259  -0.07990542 0.7364000 0.7417543
h2:inflation                 0.2589277  -0.03027120 0.8953274 0.5789593
h2:economic_activity         0.3496463   0.09584968 1.3776634 0.2006734

$diagnostic_list$`Shock: inflation`[[3]]
                               R-sqrd. Adj. R-sqrd.    F-stat   p-value
h3:energy                    0.3609798   0.10537174 1.4122395 0.1851333
h3:inflation_expectations_1y 0.2740776  -0.01629143 0.9438941 0.5302943
h3:inflation_expectations_3y 0.1625674  -0.17240563 0.4853149 0.9400822
h3:inflation                 0.2614020  -0.03403725 0.8847910 0.5898157
h3:economic_activity         0.3004698   0.02065769 1.0738270 0.4092167

$diagnostic_list$`Shock: inflation`[[4]]
                               R-sqrd. Adj. R-sqrd.    F-stat   p-value
h4:energy                    0.2538561  -0.05225424 0.8292960 0.6467765
h4:inflation_expectations_1y 0.2650139  -0.03651891 0.8788891 0.5959144
h4:inflation_expectations_3y 0.2107755  -0.11300897 0.6509747 0.8215777
h4:inflation                 0.2589074  -0.04513055 0.8515628 0.6238926
h4:economic_activity         0.3070309   0.02273585 1.0799727 0.4046786

$diagnostic_list$`Shock: inflation`[[5]]
                               R-sqrd. Adj. R-sqrd.    F-stat   p-value
h5:energy                    0.3422959   0.06536792 1.2360466 0.2869932
h5:inflation_expectations_1y 0.1994799  -0.13758119 0.5918212 0.8702028
h5:inflation_expectations_3y 0.2576620  -0.05490133 0.8243514 0.6517396
h5:inflation                 0.2653270  -0.04400903 0.8577306 0.6175555
h5:economic_activity         0.2028984  -0.13272335 0.6045448 0.8602053

$diagnostic_list$`Shock: inflation`[[6]]
                               R-sqrd. Adj. R-sqrd.    F-stat    p-value
h6:energy                    0.4332631   0.18818768 1.7678766 0.07601049
h6:inflation_expectations_1y 0.3857769   0.12016690 1.4524186 0.17131723
h6:inflation_expectations_3y 0.1894678  -0.16103255 0.5405639 0.90639406
h6:inflation                 0.2938812  -0.01146746 0.9624447 0.51320135
h6:economic_activity         0.1570058  -0.20753219 0.4306981 0.96341695

$diagnostic_list$`Shock: inflation`[[7]]
                               R-sqrd. Adj. R-sqrd.    F-stat   p-value
h7:energy                    0.2657921  -0.06052248 0.8145272 0.6614831
h7:inflation_expectations_1y 0.2551622  -0.07587687 0.7707918 0.7057419
h7:inflation_expectations_3y 0.3319841   0.03508818 1.1181834 0.3756979
h7:inflation                 0.3777615   0.10121106 1.3659768 0.2134133
h7:economic_activity         0.3489957   0.05966048 1.2061984 0.3097794

$diagnostic_list$`Shock: inflation`[[8]]
                               R-sqrd. Adj. R-sqrd.    F-stat   p-value
h8:energy                    0.2467165 -0.097641682 0.7164531 0.7589131
h8:inflation_expectations_1y 0.2744618 -0.057212765 0.8275033 0.6481596
h8:inflation_expectations_3y 0.2794265 -0.049978528 0.8482764 0.6271053
h8:inflation                 0.2969199 -0.024488095 0.9238099 0.5515248
h8:economic_activity         0.3199093  0.009010675 1.0289827 0.4523664

$diagnostic_list$`Shock: inflation`[[9]]
                               R-sqrd. Adj. R-sqrd.    F-stat   p-value
h9:energy                    0.3213164  0.001935871 1.0060613 0.4738012
h9:inflation_expectations_1y 0.2820700 -0.055779365 0.8348987 0.6405659
h9:inflation_expectations_3y 0.2550941 -0.095449852 0.7277093 0.7475655
h9:inflation                 0.2985336 -0.031568228 0.9043682 0.5709424
h9:economic_activity         0.2819281 -0.055988073 0.8343137 0.6411567

$diagnostic_list$`Shock: inflation`[[10]]
                                R-sqrd. Adj. R-sqrd.    F-stat   p-value
h10:energy                    0.2030732 -0.183315622 0.5255669 0.9138435
h10:inflation_expectations_1y 0.3569104  0.045109366 1.1446736 0.3584056
h10:inflation_expectations_3y 0.2528757 -0.109366420 0.6980847 0.7753735
h10:inflation                 0.3303937  0.005736173 1.0176684 0.4639883
h10:economic_activity         0.3288019  0.003372491 1.0103632 0.4705760

$diagnostic_list$`Shock: inflation`[[11]]
                                R-sqrd. Adj. R-sqrd.    F-stat   p-value
h11:energy                    0.2918191  -0.06227136 0.8241371 0.6511485
h11:inflation_expectations_1y 0.2902989  -0.06455161 0.8180879 0.6572084
h11:inflation_expectations_3y 0.1842010  -0.22369855 0.4515842 0.9529136
h11:inflation                 0.2982510  -0.05262350 0.8500219 0.6252393
h11:economic_activity         0.4237688   0.13565316 1.4708289 0.1719859

$diagnostic_list$`Shock: inflation`[[12]]
                                R-sqrd. Adj. R-sqrd.    F-stat   p-value
h12:energy                    0.2239309 -0.176620826 0.5590562 0.8902149
h12:inflation_expectations_1y 0.3779920  0.056955591 1.1774116 0.3370048
h12:inflation_expectations_3y 0.3628410  0.033984752 1.1033423 0.3931429
h12:inflation                 0.3940486  0.081299542 1.2599513 0.2818092
h12:economic_activity         0.3454619  0.007635742 1.0226026 0.4611878


$diagnostic_list$`Shock: economic_activity`
$diagnostic_list$`Shock: economic_activity`[[1]]
                               R-sqrd. Adj. R-sqrd.    F-stat     p-value
h1:energy                    0.3183081   0.05861593 1.2257131 0.289535220
h1:inflation_expectations_1y 0.3518236   0.10489926 1.4248235 0.176857824
h1:inflation_expectations_3y 0.1441903  -0.18183240 0.4422708 0.960349051
h1:inflation                 0.5287535   0.34923102 2.9453331 0.002564865
h1:economic_activity         0.4024922   0.17487013 1.7682478 0.070370471

$diagnostic_list$`Shock: economic_activity`[[2]]
                               R-sqrd. Adj. R-sqrd.    F-stat   p-value
h2:energy                    0.3110616   0.04220754 1.1569905 0.3404191
h2:inflation_expectations_1y 0.3201396   0.05482829 1.2066564 0.3038018
h2:inflation_expectations_3y 0.2232259  -0.07990542 0.7364000 0.7417543
h2:inflation                 0.2589277  -0.03027120 0.8953274 0.5789593
h2:economic_activity         0.3496463   0.09584968 1.3776634 0.2006734

$diagnostic_list$`Shock: economic_activity`[[3]]
                               R-sqrd. Adj. R-sqrd.    F-stat   p-value
h3:energy                    0.3609798   0.10537174 1.4122395 0.1851333
h3:inflation_expectations_1y 0.2740776  -0.01629143 0.9438941 0.5302943
h3:inflation_expectations_3y 0.1625674  -0.17240563 0.4853149 0.9400822
h3:inflation                 0.2614020  -0.03403725 0.8847910 0.5898157
h3:economic_activity         0.3004698   0.02065769 1.0738270 0.4092167

$diagnostic_list$`Shock: economic_activity`[[4]]
                               R-sqrd. Adj. R-sqrd.    F-stat   p-value
h4:energy                    0.2538561  -0.05225424 0.8292960 0.6467765
h4:inflation_expectations_1y 0.2650139  -0.03651891 0.8788891 0.5959144
h4:inflation_expectations_3y 0.2107755  -0.11300897 0.6509747 0.8215777
h4:inflation                 0.2589074  -0.04513055 0.8515628 0.6238926
h4:economic_activity         0.3070309   0.02273585 1.0799727 0.4046786

$diagnostic_list$`Shock: economic_activity`[[5]]
                               R-sqrd. Adj. R-sqrd.    F-stat   p-value
h5:energy                    0.3422959   0.06536792 1.2360466 0.2869932
h5:inflation_expectations_1y 0.1994799  -0.13758119 0.5918212 0.8702028
h5:inflation_expectations_3y 0.2576620  -0.05490133 0.8243514 0.6517396
h5:inflation                 0.2653270  -0.04400903 0.8577306 0.6175555
h5:economic_activity         0.2028984  -0.13272335 0.6045448 0.8602053

$diagnostic_list$`Shock: economic_activity`[[6]]
                               R-sqrd. Adj. R-sqrd.    F-stat    p-value
h6:energy                    0.4332631   0.18818768 1.7678766 0.07601049
h6:inflation_expectations_1y 0.3857769   0.12016690 1.4524186 0.17131723
h6:inflation_expectations_3y 0.1894678  -0.16103255 0.5405639 0.90639406
h6:inflation                 0.2938812  -0.01146746 0.9624447 0.51320135
h6:economic_activity         0.1570058  -0.20753219 0.4306981 0.96341695

$diagnostic_list$`Shock: economic_activity`[[7]]
                               R-sqrd. Adj. R-sqrd.    F-stat   p-value
h7:energy                    0.2657921  -0.06052248 0.8145272 0.6614831
h7:inflation_expectations_1y 0.2551622  -0.07587687 0.7707918 0.7057419
h7:inflation_expectations_3y 0.3319841   0.03508818 1.1181834 0.3756979
h7:inflation                 0.3777615   0.10121106 1.3659768 0.2134133
h7:economic_activity         0.3489957   0.05966048 1.2061984 0.3097794

$diagnostic_list$`Shock: economic_activity`[[8]]
                               R-sqrd. Adj. R-sqrd.    F-stat   p-value
h8:energy                    0.2467165 -0.097641682 0.7164531 0.7589131
h8:inflation_expectations_1y 0.2744618 -0.057212765 0.8275033 0.6481596
h8:inflation_expectations_3y 0.2794265 -0.049978528 0.8482764 0.6271053
h8:inflation                 0.2969199 -0.024488095 0.9238099 0.5515248
h8:economic_activity         0.3199093  0.009010675 1.0289827 0.4523664

$diagnostic_list$`Shock: economic_activity`[[9]]
                               R-sqrd. Adj. R-sqrd.    F-stat   p-value
h9:energy                    0.3213164  0.001935871 1.0060613 0.4738012
h9:inflation_expectations_1y 0.2820700 -0.055779365 0.8348987 0.6405659
h9:inflation_expectations_3y 0.2550941 -0.095449852 0.7277093 0.7475655
h9:inflation                 0.2985336 -0.031568228 0.9043682 0.5709424
h9:economic_activity         0.2819281 -0.055988073 0.8343137 0.6411567

$diagnostic_list$`Shock: economic_activity`[[10]]
                                R-sqrd. Adj. R-sqrd.    F-stat   p-value
h10:energy                    0.2030732 -0.183315622 0.5255669 0.9138435
h10:inflation_expectations_1y 0.3569104  0.045109366 1.1446736 0.3584056
h10:inflation_expectations_3y 0.2528757 -0.109366420 0.6980847 0.7753735
h10:inflation                 0.3303937  0.005736173 1.0176684 0.4639883
h10:economic_activity         0.3288019  0.003372491 1.0103632 0.4705760

$diagnostic_list$`Shock: economic_activity`[[11]]
                                R-sqrd. Adj. R-sqrd.    F-stat   p-value
h11:energy                    0.2918191  -0.06227136 0.8241371 0.6511485
h11:inflation_expectations_1y 0.2902989  -0.06455161 0.8180879 0.6572084
h11:inflation_expectations_3y 0.1842010  -0.22369855 0.4515842 0.9529136
h11:inflation                 0.2982510  -0.05262350 0.8500219 0.6252393
h11:economic_activity         0.4237688   0.13565316 1.4708289 0.1719859

$diagnostic_list$`Shock: economic_activity`[[12]]
                                R-sqrd. Adj. R-sqrd.    F-stat   p-value
h12:energy                    0.2239309 -0.176620826 0.5590562 0.8902149
h12:inflation_expectations_1y 0.3779920  0.056955591 1.1774116 0.3370048
h12:inflation_expectations_3y 0.3628410  0.033984752 1.1033423 0.3931429
h12:inflation                 0.3940486  0.081299542 1.2599513 0.2818092
h12:economic_activity         0.3454619  0.007635742 1.0226026 0.4611878



$specs
$specs$lags_endog_lin
SC(n) 
    1 

$specs$lags_criterion
[1] NaN

$specs$max_lags
[1] NaN

$specs$trend
[1] 0

$specs$shock_type
[1] 0

$specs$confint
[1] 1.65

$specs$hor
[1] 12

$specs$use_nw
[1] TRUE

$specs$nw_prewhite
[1] FALSE

$specs$adjust_se
[1] FALSE

$specs$use_twosls
[1] FALSE

$specs$contemp_data
$specs$contemp_data$dummy
 [1] 0 0 0 0 0 0 0 0 0 0 0 0 0 0 0 0 0 0 0 0 0 0 0 0 0 1 1 1 1 0 1 0 1 0 0 0 0 0 0 0 0 0 0 0 0 0 0 0 0 0 0 0 0 0 0 0 0 0 0 0

$specs$contemp_data$Jan
 [1] 0 0 0 0 0 0 0 0 0 0 0 1 0 0 0 0 0 0 0 0 0 0 0 1 0 0 0 0 0 0 0 0 0 0 0 1 0 0 0 0 0 0 0 0 0 0 0 1 0 0 0 0 0 0 0 0 0 0 0 1

$specs$contemp_data$Feb
 [1] 1 0 0 0 0 0 0 0 0 0 0 0 1 0 0 0 0 0 0 0 0 0 0 0 1 0 0 0 0 0 0 0 0 0 0 0 1 0 0 0 0 0 0 0 0 0 0 0 1 0 0 0 0 0 0 0 0 0 0 0

$specs$contemp_data$Mar
 [1] 0 1 0 0 0 0 0 0 0 0 0 0 0 1 0 0 0 0 0 0 0 0 0 0 0 1 0 0 0 0 0 0 0 0 0 0 0 1 0 0 0 0 0 0 0 0 0 0 0 1 0 0 0 0 0 0 0 0 0 0

$specs$contemp_data$Apr
 [1] 0 0 1 0 0 0 0 0 0 0 0 0 0 0 1 0 0 0 0 0 0 0 0 0 0 0 1 0 0 0 0 0 0 0 0 0 0 0 1 0 0 0 0 0 0 0 0 0 0 0 1 0 0 0 0 0 0 0 0 0

$specs$contemp_data$May
 [1] 0 0 0 1 0 0 0 0 0 0 0 0 0 0 0 1 0 0 0 0 0 0 0 0 0 0 0 1 0 0 0 0 0 0 0 0 0 0 0 1 0 0 0 0 0 0 0 0 0 0 0 1 0 0 0 0 0 0 0 0

$specs$contemp_data$Jun
 [1] 0 0 0 0 1 0 0 0 0 0 0 0 0 0 0 0 1 0 0 0 0 0 0 0 0 0 0 0 1 0 0 0 0 0 0 0 0 0 0 0 1 0 0 0 0 0 0 0 0 0 0 0 1 0 0 0 0 0 0 0

$specs$contemp_data$Jul
 [1] 0 0 0 0 0 1 0 0 0 0 0 0 0 0 0 0 0 1 0 0 0 0 0 0 0 0 0 0 0 1 0 0 0 0 0 0 0 0 0 0 0 1 0 0 0 0 0 0 0 0 0 0 0 1 0 0 0 0 0 0

$specs$contemp_data$Aug
 [1] 0 0 0 0 0 0 1 0 0 0 0 0 0 0 0 0 0 0 1 0 0 0 0 0 0 0 0 0 0 0 1 0 0 0 0 0 0 0 0 0 0 0 1 0 0 0 0 0 0 0 0 0 0 0 1 0 0 0 0 0

$specs$contemp_data$Sep
 [1] 0 0 0 0 0 0 0 1 0 0 0 0 0 0 0 0 0 0 0 1 0 0 0 0 0 0 0 0 0 0 0 1 0 0 0 0 0 0 0 0 0 0 0 1 0 0 0 0 0 0 0 0 0 0 0 1 0 0 0 0

$specs$contemp_data$Oct
 [1] 0 0 0 0 0 0 0 0 1 0 0 0 0 0 0 0 0 0 0 0 1 0 0 0 0 0 0 0 0 0 0 0 1 0 0 0 0 0 0 0 0 0 0 0 1 0 0 0 0 0 0 0 0 0 0 0 1 0 0 0


$specs$model_type
[1] 0

$specs$starts
[1] 1

$specs$ends
[1] 60

$specs$column_names
[1] "energy"                    "inflation_expectations_1y" "inflation_expectations_3y" "inflation"                
[5] "economic_activity"        

$specs$endog
[1] 5

$specs$y_lin
          energy inflation_expectations_1y inflation_expectations_3y    inflation economic_activity
2  -0.0020807279              -0.079620123               0.023733377  0.002310570        0.03672057
3   0.0142723418               0.228555441               0.061933756  0.031662657        0.02660601
4  -0.0014093627               0.000000000              -0.007986784  0.027403122        0.04356130
5  -0.0120908969               0.000000000               0.038039923  0.010862582        0.01757053
6   0.0061509177               0.001872778              -0.116087914  0.009406502        0.03236078
7  -0.0168290837               0.017283440               0.116087914  0.021640425        0.02930438
8   0.0150753974              -0.004920721               0.000000000  0.025003951        0.02923299
9   0.0005618445               0.004920721               0.000000000  0.028405410        0.02229492
10 -0.0303840718              -0.030053139              -0.116087914 -0.008420605        0.02323041
11 -0.0016422825               0.030053139               0.096931696  0.008246918        0.01734758
12  0.0044683290              -0.030053139              -0.010896921 -0.002323999        0.03391158
13  0.0096649365              -0.176372051              -0.201508284  0.029025084        0.02600387
14 -0.0031343470               0.022861719               0.095972538  0.042416785        0.02691934
15  0.0104333841              -0.218312263              -0.170893431  0.048586660        0.03757401
16 -0.0277292114              -0.145042181              -0.100185633  0.003720327        0.02002637
17 -0.0057548918               0.217070103               0.069105387 -0.006141925        0.02480201
18  0.0057672296              -0.079553127              -0.083071947  0.024993882        0.02186920
19 -0.0073554185              -0.176150560              -0.077933550  0.017681720        0.02278745
20  0.0088522418               0.069185972              -0.126637936  0.021370449        0.03620964
21  0.0048665452              -0.153448343               0.004080772  0.034784574        0.01981848
22 -0.0006938058               0.017366648               0.142476082  0.026361361        0.02549842
23  0.0098514226               0.180090904               0.016174078  0.038444527        0.02259084
24  0.0053552584              -0.031989813               0.000000000  0.019694440        0.03781474
25 -0.0317490962               0.041871071               0.051145554  0.009814561        0.03578346
26 -0.0291061046               0.000000000              -0.189331532 -0.050912346       -0.07956922
27  0.0043138314               0.085786104               0.223972082 -0.090824177       -0.77070172
28  0.0191830606               0.376688957              -0.012976170 -0.010450429        0.21339722
29  0.0091712173              -0.318598032              -0.136598825  0.053592068        0.21330076
30  0.0261621320               0.206044197               0.257966757  0.061866907        0.02971606
31 -0.0100575459               0.112553835               0.249140978  0.053808986        0.15791953
32 -0.0042536490              -0.019156218              -0.238733053  0.028930510        0.07717705
33  0.0213288272              -0.144741774              -0.040002584  0.011918979        0.10115859
34 -0.0153376660               0.126406431               0.117631912  0.024543630        0.04507153
35  0.0053735792               0.037491560               0.161103725  0.057557700        0.01677041
36  0.0170213465               0.046669483               0.047342062  0.028496735        0.06736316
37  0.0113324326               0.044214964              -0.028185844  0.045997380        0.05066022
38 -0.0070269624               0.153371334               0.092952490  0.059503194        0.06160136
39  0.0034638647               0.115923882               0.005092859  0.082225516        0.03720211
40  0.0141091257               0.639820337               0.471664906  0.082531234        0.06412900
41  0.0068571988               0.801745415              -0.022792339  0.098347464        0.05475905
42 -0.0179752718               0.040705204               0.164751053  0.054649100        0.08879717
43 -0.0087923346               0.337376595               0.287992716  0.049840953        0.06602323
44  0.0236901163               0.130341530               0.194323301  0.052018077        0.07861505
45  0.0135866107               0.343297958               0.017191887  0.114305741        0.06819482
46 -0.0174873826               0.346533298              -0.199976921  0.098833469        0.06879133
47 -0.0220613110              -0.009726048              -0.011199951  0.097421769        0.06937609
48  0.0172896800              -0.201833725              -0.522751808  0.075404740        0.03542764
49  0.0095165246               0.211559772               0.297553301  0.088488916        0.07849205
50  0.0107019971               0.583898067              -0.099878550  0.126900569        0.05112829
51 -0.0219397330              -0.238460541               0.227452993  0.048497289        0.04431433
52 -0.0085479682               0.230577469              -0.023298502  0.115684054        0.03389257
53 -0.0071860742               0.199839592              -0.260592937  0.151285219        0.03843642
54 -0.0085889657              -0.552228928              -0.436033010 -0.004064650        0.05041760
55 -0.0042808744              -0.477911472              -0.427183867  0.028517738        0.02896168
56 -0.0097745960              -0.304920197               0.154703379  0.050566174        0.04915587
57  0.0056763748               0.503497124               0.200692415  0.060045147        0.03059615
58  0.0065301491              -0.715742588              -0.113289595  0.024858721        0.04330825
59 -0.0061701039              -0.235079288              -0.004589558  0.015857387        0.03585464
60  0.0022639730              -0.038488865              -0.280791283  0.063675095        0.04576300

$specs$x_lin
    energy_lag_1 inflation_expectations_1y_lag_1 inflation_expectations_3y_lag_1 inflation_lag_1 economic_activity_lag_1
2  -0.0093382217                     0.119915485                     0.090704918     0.032745451              0.02976223
3  -0.0020807279                    -0.079620123                     0.023733377     0.002310570              0.03672057
4   0.0142723418                     0.228555441                     0.061933756     0.031662657              0.02660601
5  -0.0014093627                     0.000000000                    -0.007986784     0.027403122              0.04356130
6  -0.0120908969                     0.000000000                     0.038039923     0.010862582              0.01757053
7   0.0061509177                     0.001872778                    -0.116087914     0.009406502              0.03236078
8  -0.0168290837                     0.017283440                     0.116087914     0.021640425              0.02930438
9   0.0150753974                    -0.004920721                     0.000000000     0.025003951              0.02923299
10  0.0005618445                     0.004920721                     0.000000000     0.028405410              0.02229492
11 -0.0303840718                    -0.030053139                    -0.116087914    -0.008420605              0.02323041
12 -0.0016422825                     0.030053139                     0.096931696     0.008246918              0.01734758
13  0.0044683290                    -0.030053139                    -0.010896921    -0.002323999              0.03391158
14  0.0096649365                    -0.176372051                    -0.201508284     0.029025084              0.02600387
15 -0.0031343470                     0.022861719                     0.095972538     0.042416785              0.02691934
16  0.0104333841                    -0.218312263                    -0.170893431     0.048586660              0.03757401
17 -0.0277292114                    -0.145042181                    -0.100185633     0.003720327              0.02002637
18 -0.0057548918                     0.217070103                     0.069105387    -0.006141925              0.02480201
19  0.0057672296                    -0.079553127                    -0.083071947     0.024993882              0.02186920
20 -0.0073554185                    -0.176150560                    -0.077933550     0.017681720              0.02278745
21  0.0088522418                     0.069185972                    -0.126637936     0.021370449              0.03620964
22  0.0048665452                    -0.153448343                     0.004080772     0.034784574              0.01981848
23 -0.0006938058                     0.017366648                     0.142476082     0.026361361              0.02549842
24  0.0098514226                     0.180090904                     0.016174078     0.038444527              0.02259084
25  0.0053552584                    -0.031989813                     0.000000000     0.019694440              0.03781474
26 -0.0317490962                     0.041871071                     0.051145554     0.009814561              0.03578346
27 -0.0291061046                     0.000000000                    -0.189331532    -0.050912346             -0.07956922
28  0.0043138314                     0.085786104                     0.223972082    -0.090824177             -0.77070172
29  0.0191830606                     0.376688957                    -0.012976170    -0.010450429              0.21339722
30  0.0091712173                    -0.318598032                    -0.136598825     0.053592068              0.21330076
31  0.0261621320                     0.206044197                     0.257966757     0.061866907              0.02971606
32 -0.0100575459                     0.112553835                     0.249140978     0.053808986              0.15791953
33 -0.0042536490                    -0.019156218                    -0.238733053     0.028930510              0.07717705
34  0.0213288272                    -0.144741774                    -0.040002584     0.011918979              0.10115859
35 -0.0153376660                     0.126406431                     0.117631912     0.024543630              0.04507153
36  0.0053735792                     0.037491560                     0.161103725     0.057557700              0.01677041
37  0.0170213465                     0.046669483                     0.047342062     0.028496735              0.06736316
38  0.0113324326                     0.044214964                    -0.028185844     0.045997380              0.05066022
39 -0.0070269624                     0.153371334                     0.092952490     0.059503194              0.06160136
40  0.0034638647                     0.115923882                     0.005092859     0.082225516              0.03720211
41  0.0141091257                     0.639820337                     0.471664906     0.082531234              0.06412900
42  0.0068571988                     0.801745415                    -0.022792339     0.098347464              0.05475905
43 -0.0179752718                     0.040705204                     0.164751053     0.054649100              0.08879717
44 -0.0087923346                     0.337376595                     0.287992716     0.049840953              0.06602323
45  0.0236901163                     0.130341530                     0.194323301     0.052018077              0.07861505
46  0.0135866107                     0.343297958                     0.017191887     0.114305741              0.06819482
47 -0.0174873826                     0.346533298                    -0.199976921     0.098833469              0.06879133
48 -0.0220613110                    -0.009726048                    -0.011199951     0.097421769              0.06937609
49  0.0172896800                    -0.201833725                    -0.522751808     0.075404740              0.03542764
50  0.0095165246                     0.211559772                     0.297553301     0.088488916              0.07849205
51  0.0107019971                     0.583898067                    -0.099878550     0.126900569              0.05112829
52 -0.0219397330                    -0.238460541                     0.227452993     0.048497289              0.04431433
53 -0.0085479682                     0.230577469                    -0.023298502     0.115684054              0.03389257
54 -0.0071860742                     0.199839592                    -0.260592937     0.151285219              0.03843642
55 -0.0085889657                    -0.552228928                    -0.436033010    -0.004064650              0.05041760
56 -0.0042808744                    -0.477911472                    -0.427183867     0.028517738              0.02896168
57 -0.0097745960                    -0.304920197                     0.154703379     0.050566174              0.04915587
58  0.0056763748                     0.503497124                     0.200692415     0.060045147              0.03059615
59  0.0065301491                    -0.715742588                    -0.113289595     0.024858721              0.04330825
60 -0.0061701039                    -0.235079288                    -0.004589558     0.015857387              0.03585464
   dummy Jan Feb Mar Apr May Jun Jul Aug Sep Oct
2      0   0   0   1   0   0   0   0   0   0   0
3      0   0   0   0   1   0   0   0   0   0   0
4      0   0   0   0   0   1   0   0   0   0   0
5      0   0   0   0   0   0   1   0   0   0   0
6      0   0   0   0   0   0   0   1   0   0   0
7      0   0   0   0   0   0   0   0   1   0   0
8      0   0   0   0   0   0   0   0   0   1   0
9      0   0   0   0   0   0   0   0   0   0   1
10     0   0   0   0   0   0   0   0   0   0   0
11     0   0   0   0   0   0   0   0   0   0   0
12     0   1   0   0   0   0   0   0   0   0   0
13     0   0   1   0   0   0   0   0   0   0   0
14     0   0   0   1   0   0   0   0   0   0   0
15     0   0   0   0   1   0   0   0   0   0   0
16     0   0   0   0   0   1   0   0   0   0   0
17     0   0   0   0   0   0   1   0   0   0   0
18     0   0   0   0   0   0   0   1   0   0   0
19     0   0   0   0   0   0   0   0   1   0   0
20     0   0   0   0   0   0   0   0   0   1   0
21     0   0   0   0   0   0   0   0   0   0   1
22     0   0   0   0   0   0   0   0   0   0   0
23     0   0   0   0   0   0   0   0   0   0   0
24     0   1   0   0   0   0   0   0   0   0   0
25     0   0   1   0   0   0   0   0   0   0   0
26     1   0   0   1   0   0   0   0   0   0   0
27     1   0   0   0   1   0   0   0   0   0   0
28     1   0   0   0   0   1   0   0   0   0   0
29     1   0   0   0   0   0   1   0   0   0   0
30     0   0   0   0   0   0   0   1   0   0   0
31     1   0   0   0   0   0   0   0   1   0   0
32     0   0   0   0   0   0   0   0   0   1   0
33     1   0   0   0   0   0   0   0   0   0   1
34     0   0   0   0   0   0   0   0   0   0   0
35     0   0   0   0   0   0   0   0   0   0   0
36     0   1   0   0   0   0   0   0   0   0   0
37     0   0   1   0   0   0   0   0   0   0   0
38     0   0   0   1   0   0   0   0   0   0   0
39     0   0   0   0   1   0   0   0   0   0   0
40     0   0   0   0   0   1   0   0   0   0   0
41     0   0   0   0   0   0   1   0   0   0   0
42     0   0   0   0   0   0   0   1   0   0   0
43     0   0   0   0   0   0   0   0   1   0   0
44     0   0   0   0   0   0   0   0   0   1   0
45     0   0   0   0   0   0   0   0   0   0   1
46     0   0   0   0   0   0   0   0   0   0   0
47     0   0   0   0   0   0   0   0   0   0   0
48     0   1   0   0   0   0   0   0   0   0   0
49     0   0   1   0   0   0   0   0   0   0   0
50     0   0   0   1   0   0   0   0   0   0   0
51     0   0   0   0   1   0   0   0   0   0   0
52     0   0   0   0   0   1   0   0   0   0   0
53     0   0   0   0   0   0   1   0   0   0   0
54     0   0   0   0   0   0   0   1   0   0   0
55     0   0   0   0   0   0   0   0   1   0   0
56     0   0   0   0   0   0   0   0   0   1   0
57     0   0   0   0   0   0   0   0   0   0   1
58     0   0   0   0   0   0   0   0   0   0   0
59     0   0   0   0   0   0   0   0   0   0   0
60     0   1   0   0   0   0   0   0   0   0   0


attr(,"class")
[1] "lpirfs_lin_obj"
