[1] "demand_shift"         "djn level estimation"
                   1             2             3             4             5             6
AIC(n) -2.506292e+01 -2.513794e+01 -2.545913e+01 -2.548793e+01 -2.597637e+01 -2.770556e+01
HQ(n)  -2.385549e+01 -2.357538e+01 -2.354145e+01 -2.321512e+01 -2.334843e+01 -2.472250e+01
SC(n)  -2.193211e+01 -2.108631e+01 -2.048667e+01 -1.959465e+01 -1.916225e+01 -1.997062e+01
FPE(n)  1.456712e-11  1.554898e-11  1.436720e-11  2.077371e-11  2.431354e-11  1.274187e-11
                   1             2             3             4             5             6
AIC(n) -2.506292e+01 -2.513794e+01 -2.545913e+01 -2.548793e+01 -2.597637e+01 -2.770556e+01
HQ(n)  -2.385549e+01 -2.357538e+01 -2.354145e+01 -2.321512e+01 -2.334843e+01 -2.472250e+01
SC(n)  -2.193211e+01 -2.108631e+01 -2.048667e+01 -1.959465e+01 -1.916225e+01 -1.997062e+01
FPE(n)  1.456712e-11  1.554898e-11  1.436720e-11  2.077371e-11  2.431354e-11  1.274187e-11
$irf_lin_mean
, , 1

            [,1]         [,2]          [,3]         [,4]          [,5]         [,6]        [,7]         [,8]        [,9]
[1,] 0.013324134 0.0026324858 -0.0006565348 -0.002634800 -0.0023118687  0.001132291 0.003541905  0.003328964 0.004139196
[2,] 0.038209110 0.0354319492  0.0100375558  0.080289163  0.0242675259  0.048823192 0.072274712  0.040818053 0.093874539
[3,] 0.072166960 0.0003042648  0.0371146385  0.002627928  0.0032490690  0.038506124 0.050491974  0.059064054 0.019562981
[4,] 0.005448849 0.0039319017 -0.0009547245 -0.003766390 -0.0007016426 -0.001844307 0.006052063  0.008453320 0.011989352
[5,] 0.026638356 0.0193396245 -0.0053795534 -0.009613748 -0.0113381201  0.001878030 0.018729306 -0.008953983 0.028151074
           [,10]         [,11]         [,12]        [,13]
[1,]  0.00026743 -0.0002302189 -0.0006963586 -0.002212886
[2,] -0.01586537  0.0585314235  0.0663968099  0.069994261
[3,] -0.05132237  0.0070143298  0.0090703887  0.031443912
[4,]  0.01261047  0.0078442493  0.0062269974  0.004427238
[5,]  0.02805384  0.0011164303  0.0096678943 -0.009899188

, , 2

             [,1]         [,2]         [,3]         [,4]         [,5]          [,6]         [,7]          [,8]         [,9]
[1,]  0.000000000 -0.001338085 -0.001078024  0.001359865  0.001548946 -0.0009636763 0.0004154167 -0.0003561704 -0.001866220
[2,]  0.212953744  0.039801000 -0.003642672  0.070320381  0.077563985  0.0225915620 0.0063649296  0.0493440992 -0.022132770
[3,]  0.085807872  0.010380572 -0.003911559  0.011880847  0.023053994 -0.0428385606 0.0038859291 -0.0084951927 -0.008384806
[4,]  0.008785398  0.006796188  0.002850934  0.013264742  0.010430726  0.0077569806 0.0099335546  0.0182872230  0.011494875
[5,] -0.023131511  0.017597638  0.009303907 -0.001441245 -0.002981710  0.0101870334 0.0235529292 -0.0019377566  0.023683497
            [,10]        [,11]        [,12]       [,13]
[1,] -0.001776423 -0.002490702  0.001176167 -0.00324329
[2,] -0.030420152 -0.007265388 -0.027304887 -0.08318877
[3,] -0.039086485 -0.023201118 -0.025842766 -0.06194675
[4,]  0.007554158  0.007502147  0.014056112  0.01953277
[5,]  0.004525817 -0.016197125  0.034950939  0.02252913

, , 3

             [,1]        [,2]          [,3]         [,4]         [,5]         [,6]          [,7]         [,8]         [,9]
[1,]  0.000000000 0.000595096  0.0009395997  0.001933894 -0.001916281  0.002392326  0.0003899153  0.004729403 -0.001574071
[2,]  0.000000000 0.128135704 -0.0595681033  0.008512923 -0.020893529  0.017177339  0.1240763898 -0.036386795  0.049117313
[3,]  0.172999650 0.007616347 -0.0033571933 -0.033230745 -0.031525426  0.036159814  0.0159551287  0.058091994 -0.025801188
[4,] -0.008745904 0.005149333 -0.0030867012 -0.004522165  0.002365984 -0.003953622  0.0037461670  0.005251361  0.009241422
[5,] -0.010914929 0.004586499  0.0026656391 -0.004277573  0.023671025 -0.026180358 -0.0134339846  0.047626034  0.016460923
           [,10]         [,11]        [,12]         [,13]
[1,] 0.001498756 -0.0004433053 -0.003299596  0.0016069403
[2,] 0.006690568  0.1303425591 -0.024229246 -0.0126847975
[3,] 0.073505320 -0.0160426444 -0.055931932 -0.0303511088
[4,] 0.009210564  0.0099003618  0.007013408  0.0005328548
[5,] 0.009660671 -0.0164542826  0.022096487  0.0151642873

, , 4

           [,1]         [,2]         [,3]         [,4]         [,5]          [,6]          [,7]          [,8]          [,9]
[1,] 0.00000000  0.002843594 -0.002369376 -0.002788577 -0.001272924  0.0009198559  0.0005384894  0.0006461734 -0.0007241672
[2,] 0.00000000  0.025060736  0.015369363 -0.048778367 -0.004020220 -0.0095097447 -0.0173302012 -0.0515090951 -0.0462983132
[3,] 0.00000000 -0.008191718 -0.033353532 -0.036998776 -0.011513571  0.0092386308 -0.0106423770 -0.0407034319 -0.0399522941
[4,] 0.02875181  0.018332093  0.011316501  0.008590465  0.010825955  0.0123696903  0.0100443149  0.0112085192  0.0116356086
[5,] 0.04230026  0.010968897 -0.008788355  0.012924183  0.019087378 -0.0070485396 -0.0117671226  0.0306839509 -0.0004261455
           [,10]        [,11]         [,12]         [,13]
[1,] 0.002184223 -0.001115019 -0.0034496378 -0.0031243763
[2,] 0.013648248  0.020209654 -0.0120565362 -0.0224839529
[3,] 0.031129970  0.000427661 -0.0104854104 -0.0111710109
[4,] 0.011306198  0.016742292  0.0104492682 -0.0007193196
[5,] 0.003299736  0.025879007 -0.0007224181 -0.0160957408

, , 5

           [,1]          [,2]         [,3]          [,4]         [,5]         [,6]         [,7]        [,8]          [,9]
[1,] 0.00000000  0.0020345406  0.001054324 -0.0005441146 -0.003013488  0.004614839 0.0017852659 0.001197148  0.0008001557
[2,] 0.00000000 -0.0320370077  0.096786128 -0.0029215883 -0.035773645  0.001075004 0.0817159500 0.003516246  0.0355098651
[3,] 0.00000000  0.0176007095  0.059379290 -0.0257395282 -0.045172069  0.040019473 0.0290728029 0.007181244  0.0104726903
[4,] 0.00000000  0.0009848282 -0.001895433 -0.0041997387 -0.004405917 -0.001906738 0.0077959851 0.004028920 -0.0023165716
[5,] 0.09411422 -0.0189122905 -0.025692508  0.0145313392 -0.003830162  0.004990378 0.0009838616 0.008967302  0.0129344251
             [,10]        [,11]         [,12]        [,13]
[1,] -0.0002892780 -0.002743288 -0.0009507289  0.001919737
[2,]  0.0126897305  0.055794522  0.0461184946  0.022373516
[3,] -0.0100928821  0.030110907 -0.0039063472  0.039455424
[4,]  0.0027706940  0.001769837  0.0038160950 -0.002193779
[5,]  0.0003804785 -0.008967471  0.0167910426 -0.020027081


$irf_lin_low
, , 1

            [,1]        [,2]         [,3]         [,4]         [,5]         [,6]         [,7]         [,8]          [,9]
[1,] 0.013324134 -0.00414618 -0.005819222 -0.008427064 -0.007799715 -0.004421847 -0.001311689 -0.003755574 -0.0010627726
[2,] 0.038209110 -0.06000523 -0.102401294 -0.057455199 -0.084784029 -0.037962195 -0.036909990 -0.079816775 -0.0002421396
[3,] 0.072166960 -0.09099952 -0.047458809 -0.092262932 -0.061592038 -0.029887072 -0.035632323 -0.021070639 -0.0466871259
[4,] 0.005448849 -0.01063251 -0.018884782 -0.022909340 -0.017801774 -0.015924425 -0.009787659 -0.005582717 -0.0032518878
[5,] 0.026638356 -0.02539914 -0.042853721 -0.038161288 -0.064164053 -0.030696018 -0.026053227 -0.073171586 -0.0027540230
            [,10]        [,11]        [,12]        [,13]
[1,] -0.005215666 -0.005657734 -0.007350485 -0.008953264
[2,] -0.143275963 -0.046852860 -0.051433309 -0.063067311
[3,] -0.130834518 -0.065269867 -0.113158443 -0.063815950
[4,] -0.006750040 -0.007536055 -0.008714443 -0.012730516
[5,] -0.020744500 -0.034814026 -0.040858849 -0.053632432

, , 2

             [,1]         [,2]         [,3]         [,4]         [,5]         [,6]         [,7]         [,8]          [,9]
[1,]  0.000000000 -0.006713010 -0.004721054 -0.003079770 -0.002949114 -0.007180276 -0.003206676 -0.006718513 -0.0075226441
[2,]  0.212953744 -0.053753384 -0.093248029 -0.029821709 -0.004367647 -0.065590514 -0.088978253 -0.096692828 -0.1151837460
[3,]  0.085807872 -0.067500173 -0.079851690 -0.071377669 -0.031782782 -0.103729691 -0.067133653 -0.111468050 -0.0776751962
[4,]  0.008785398 -0.003881541 -0.008388326 -0.000804987 -0.004386089 -0.008509265 -0.005143501  0.004692459  0.0003290251
[5,] -0.023131511 -0.007543527 -0.015791813 -0.019285023 -0.054060070 -0.033167400 -0.029600477 -0.061238508 -0.0043996980
            [,10]        [,11]         [,12]        [,13]
[1,] -0.007762557 -0.006415513 -0.0061796319 -0.007409368
[2,] -0.176951588 -0.101139916 -0.1688372124 -0.157948913
[3,] -0.111073395 -0.087891030 -0.1545567067 -0.129463948
[4,] -0.011077209 -0.007321314 -0.0006604033  0.002533613
[5,] -0.031448013 -0.073012345 -0.0173482089 -0.013651458

, , 3

             [,1]          [,2]         [,3]          [,4]          [,5]          [,6]          [,7]          [,8]
[1,]  0.000000000 -0.0019759000 -0.000642426  0.0000246154 -0.0037672202 -8.935263e-05 -0.0017410682  1.818353e-03
[2,]  0.000000000  0.0985905467 -0.097060340 -0.0453693967 -0.0625811812 -1.916322e-03  0.0814469291 -1.052184e-01
[3,]  0.172999650 -0.0261436182 -0.035575183 -0.0680273320 -0.0529668874  1.475510e-02 -0.0167316341  1.870003e-02
[4,] -0.008745904  0.0002528317 -0.007686772 -0.0098873833 -0.0020737159 -9.062692e-03 -0.0009114116  7.289378e-05
[5,] -0.010914929 -0.0032961198 -0.007925695 -0.0151838511  0.0007995997 -5.520592e-02 -0.0274236414  1.200292e-02
              [,9]         [,10]        [,11]        [,12]         [,13]
[1,] -0.0044867960 -0.0006583549 -0.002744266 -0.007348669 -0.0002802351
[2,] -0.0029241320 -0.0273926377  0.097104269 -0.065659299 -0.0470521368
[3,] -0.0564326006  0.0283752017 -0.045132686 -0.101662052 -0.0634467804
[4,]  0.0002344577  0.0029402244  0.005025942  0.002577049 -0.0053673531
[5,]  0.0009941474 -0.0078290936 -0.023409910  0.005690494  0.0121063696

, , 4

           [,1]         [,2]         [,3]         [,4]         [,5]          [,6]         [,7]         [,8]         [,9]
[1,] 0.00000000 -0.001164910 -0.006430740 -0.006125079 -0.004472482 -0.0026550408 -0.001758860 -0.002915841 -0.003259572
[2,] 0.00000000 -0.045458017 -0.060255452 -0.127683590 -0.064094393 -0.0722717522 -0.075930373 -0.123709449 -0.100748622
[3,] 0.00000000 -0.065923839 -0.088203957 -0.086590892 -0.052546750 -0.0297429567 -0.051513967 -0.090198568 -0.079530257
[4,] 0.02875181  0.007188234 -0.003041113 -0.003783118  0.001041842  0.0003412882 -0.001887356  0.001823595  0.003571229
[5,] 0.04230026 -0.025307689 -0.032840484 -0.003614910 -0.008407633 -0.0223557585 -0.036815056  0.002403141 -0.015944677
             [,10]        [,11]        [,12]        [,13]
[1,] -0.0014234965 -0.004600126 -0.006769195 -0.006161912
[2,] -0.0895414633 -0.053073037 -0.111746547 -0.075117427
[3,] -0.0146239610 -0.045244329 -0.080773118 -0.048033425
[4,] -0.0001561724  0.006130028 -0.001462373 -0.007757611
[5,] -0.0206276581 -0.016507130 -0.028049538 -0.046806063

, , 5

           [,1]          [,2]         [,3]         [,4]         [,5]         [,6]          [,7]          [,8]         [,9]
[1,] 0.00000000 -0.0009243862 -0.002043316 -0.002232765 -0.005404094  0.002237672  0.0002034876 -0.0006151127 -0.000386469
[2,] 0.00000000 -0.0707670215  0.052710913 -0.040240226 -0.059879868 -0.028062958  0.0516361939 -0.0399973483  0.003631038
[3,] 0.00000000 -0.0138053579  0.035350171 -0.047613444 -0.071169748  0.020625893  0.0144729692 -0.0197197828 -0.006474971
[4,] 0.00000000 -0.0062676239 -0.012244816 -0.010217734 -0.007828177 -0.008071418  0.0015789630 -0.0018628902 -0.006951877
[5,] 0.09411422 -0.0500494872 -0.044910539  0.007097573 -0.011272850 -0.003340519 -0.0100853364 -0.0009272488  0.001787400
            [,10]        [,11]        [,12]         [,13]
[1,] -0.002302719 -0.005367410 -0.002559321  0.0006408169
[2,] -0.022327955  0.019731005  0.004846429 -0.0204213233
[3,] -0.039883173  0.001350775 -0.042708566  0.0174684885
[4,] -0.001989427 -0.003277703 -0.003864067 -0.0085298116
[5,] -0.006966693 -0.025020549 -0.005598952 -0.0568343241


$irf_lin_up
, , 1

            [,1]        [,2]        [,3]        [,4]        [,5]        [,6]        [,7]       [,8]        [,9]       [,10]
[1,] 0.013324134 0.009411151 0.004506152 0.003157465 0.003175978 0.006686428 0.008395499 0.01041350 0.009341165 0.005750526
[2,] 0.038209110 0.130869124 0.122476406 0.218033525 0.133319080 0.135608580 0.181459414 0.16145288 0.187991218 0.111545231
[3,] 0.072166960 0.091608053 0.121688085 0.097518788 0.068090176 0.106899319 0.136616271 0.13919875 0.085813088 0.028189770
[4,] 0.005448849 0.018496318 0.016975333 0.015376560 0.016398489 0.012235812 0.021891785 0.02248936 0.027230592 0.031970988
[5,] 0.026638356 0.064078390 0.032094615 0.018933791 0.041487813 0.034452077 0.063511839 0.05526362 0.059056172 0.076852185
           [,11]       [,12]       [,13]
[1,] 0.005197296 0.005957768 0.004527493
[2,] 0.163915707 0.184226929 0.203055833
[3,] 0.079298527 0.131299221 0.126703773
[4,] 0.023224553 0.021168438 0.021584993
[5,] 0.037046886 0.060194637 0.033834056

, , 2

             [,1]       [,2]        [,3]        [,4]        [,5]        [,6]       [,7]        [,8]        [,9]       [,10]
[1,]  0.000000000 0.00403684 0.002565006 0.005799501 0.006047007 0.005252923 0.00403751 0.006006172 0.003790203 0.004209712
[2,]  0.212953744 0.13335538 0.085962685 0.170462472 0.159495616 0.110773638 0.10170811 0.195381026 0.070918206 0.116111283
[3,]  0.085807872 0.08826132 0.072028572 0.095139362 0.077890770 0.018052570 0.07490551 0.094477665 0.060905584 0.032900425
[4,]  0.008785398 0.01747392 0.014090194 0.027334472 0.025247542 0.024023226 0.02501061 0.031881987 0.022660724 0.026185525
[5,] -0.023131511 0.04273880 0.034399626 0.016402532 0.048096650 0.053541467 0.07670634 0.057362995 0.051766692 0.040499647
          [,11]       [,12]         [,13]
[1,] 0.00143411 0.008531965  0.0009227876
[2,] 0.08660914 0.114227438 -0.0084286343
[3,] 0.04148879 0.102871174  0.0055704397
[4,] 0.02232561 0.028772627  0.0365319246
[5,] 0.04061810 0.087250088  0.0587097190

, , 3

             [,1]        [,2]         [,3]         [,4]          [,5]        [,6]         [,7]        [,8]        [,9]
[1,]  0.000000000 0.003166092  0.002521625 0.0038431730 -6.534174e-05 0.004874004 0.0025208988 0.007640453 0.001338655
[2,]  0.000000000 0.157680862 -0.022075866 0.0623952434  2.079412e-02 0.036271000 0.1667058505 0.032444855 0.101158759
[3,]  0.172999650 0.041376311  0.028860796 0.0015658414 -1.008397e-02 0.057564529 0.0486418914 0.097483960 0.004830224
[4,] -0.008745904 0.010045834  0.001513370 0.0008430529  6.805683e-03 0.001155449 0.0084037456 0.010429828 0.018248386
[5,] -0.010914929 0.012469117  0.013256973 0.0066287050  4.654245e-02 0.002845199 0.0005556722 0.083249150 0.031927699
           [,10]        [,11]         [,12]       [,13]
[1,] 0.003655867  0.001857655  0.0007494778 0.003494116
[2,] 0.040773773  0.163580849  0.0172008077 0.021682542
[3,] 0.118635438  0.013047397 -0.0102018119 0.002744563
[4,] 0.015480903  0.014774782  0.0114497671 0.006433063
[5,] 0.027150436 -0.009498655  0.0385024804 0.018222205

, , 4

           [,1]        [,2]        [,3]         [,4]        [,5]        [,6]        [,7]        [,8]          [,9]
[1,] 0.00000000 0.006852099 0.001691987 0.0005479243 0.001926634 0.004494753 0.002835839 0.004208188  0.0018112379
[2,] 0.00000000 0.095579490 0.090994178 0.0301268554 0.056053953 0.053252263 0.041269971 0.020691258  0.0081519959
[3,] 0.00000000 0.049540403 0.021496894 0.0125933403 0.029519608 0.048220218 0.030229213 0.008791705 -0.0003743308
[4,] 0.02875181 0.029475952 0.025674114 0.0209640479 0.020610067 0.024398092 0.021975986 0.020593443  0.0196999881
[5,] 0.04230026 0.047245483 0.015263775 0.0294632765 0.046582389 0.008258679 0.013280810 0.058964761  0.0150923858
           [,10]       [,11]         [,12]         [,13]
[1,] 0.005791943 0.002370088 -0.0001300801 -8.684074e-05
[2,] 0.116837959 0.093492344  0.0876334745  3.014952e-02
[3,] 0.076883901 0.046099651  0.0598022975  2.569140e-02
[4,] 0.022768568 0.027354557  0.0223609096  6.318972e-03
[5,] 0.027227130 0.068265144  0.0266047013  1.461458e-02

, , 5

           [,1]        [,2]         [,3]         [,4]          [,5]        [,6]        [,7]        [,8]        [,9]
[1,] 0.00000000 0.004993467  0.004151963  0.001144536 -0.0006228817 0.006992006 0.003367044 0.003009409 0.001986780
[2,] 0.00000000 0.006693006  0.140861343  0.034397049 -0.0116674228 0.030212966 0.111795706 0.047029840 0.067388692
[3,] 0.00000000 0.049006777  0.083408410 -0.003865612 -0.0191743899 0.059413053 0.043672637 0.034082270 0.027420351
[4,] 0.00000000 0.008237280  0.008453950  0.001818256 -0.0009836572 0.004257942 0.014013007 0.009920729 0.002318734
[5,] 0.09411422 0.012224906 -0.006474476  0.021965105  0.0036125254 0.013321275 0.012053060 0.018861852 0.024081450
           [,10]        [,11]        [,12]       [,13]
[1,] 0.001724163 -0.000119165 0.0006578631 0.003198657
[2,] 0.047707416  0.091858040 0.0873905607 0.065168356
[3,] 0.019697409  0.058871039 0.0348958720 0.061442360
[4,] 0.007530815  0.006817377 0.0114962566 0.004142254
[5,] 0.007727650  0.007085607 0.0391810372 0.016780162


$diagnostic_list
$diagnostic_list$`Shock: demand_shift`
$diagnostic_list$`Shock: demand_shift`[[1]]
                               R-sqrd. Adj. R-sqrd.    F-stat    p-value
h1:demand_shift              0.2420754  -0.04665780 0.8384051 0.63762237
h1:inflation_expectations_1y 0.3533478   0.10700416 1.4343694 0.17256110
h1:inflation_expectations_3y 0.1218166  -0.21272939 0.3641252 0.98415926
h1:inflation                 0.5172170   0.33329973 2.8122260 0.00371145
h1:economic_activity         0.3287731   0.07306758 1.2857490 0.25066954

$diagnostic_list$`Shock: demand_shift`[[2]]
                               R-sqrd. Adj. R-sqrd.    F-stat   p-value
h2:demand_shift              0.1690475 -0.155226588 0.5213106 0.9203266
h2:inflation_expectations_1y 0.3108771  0.041951093 1.1559949 0.3411845
h2:inflation_expectations_3y 0.2421719 -0.053565828 0.8188739 0.6577510
h2:inflation                 0.2236742 -0.079282271 0.7383047 0.7398604
h2:economic_activity         0.2796796 -0.001421076 0.9949446 0.4803569

$diagnostic_list$`Shock: demand_shift`[[3]]
                               R-sqrd. Adj. R-sqrd.    F-stat   p-value
h3:demand_shift              0.2930237   0.01023322 1.0361866 0.4425672
h3:inflation_expectations_1y 0.3435862   0.08102074 1.3085734 0.2393761
h3:inflation_expectations_3y 0.1597616  -0.17633382 0.4753459 0.9450743
h3:inflation                 0.2744710  -0.01574067 0.9457614 0.5284482
h3:economic_activity         0.3139178   0.03948491 1.1438782 0.3514969

$diagnostic_list$`Shock: demand_shift`[[4]]
                               R-sqrd. Adj. R-sqrd.    F-stat   p-value
h4:demand_shift              0.3115993   0.02917845 1.1033155 0.3850353
h4:inflation_expectations_1y 0.2712192  -0.02776779 0.9071271 0.5672651
h4:inflation_expectations_3y 0.2241937  -0.09408583 0.7043924 0.7722638
h4:inflation                 0.2390677  -0.07310969 0.7658072 0.7116533
h4:economic_activity         0.3184302   0.03881185 1.1388029 0.3564051

$diagnostic_list$`Shock: demand_shift`[[5]]
                               R-sqrd. Adj. R-sqrd.    F-stat   p-value
h5:demand_shift              0.3006441  0.006178497 1.0209821 0.4576256
h5:inflation_expectations_1y 0.1961791 -0.142271775 0.5796384 0.8794561
h5:inflation_expectations_3y 0.2558727 -0.057444065 0.8166582 0.6596201
h5:inflation                 0.2600122 -0.051561676 0.8345122 0.6413270
h5:economic_activity         0.2070181 -0.126868991 0.6200243 0.8476052

$diagnostic_list$`Shock: demand_shift`[[6]]
                               R-sqrd. Adj. R-sqrd.    F-stat   p-value
h6:demand_shift              0.2044332  -0.13959570 0.5942326 0.8678083
h6:inflation_expectations_1y 0.3788152   0.11019479 1.4102249 0.1902014
h6:inflation_expectations_3y 0.2241414  -0.11136500 0.6680689 0.8052691
h6:inflation                 0.2579049  -0.06300105 0.8036775 0.6727078
h6:economic_activity         0.1720481  -0.18598511 0.4805368 0.9413642

$diagnostic_list$`Shock: demand_shift`[[7]]
                               R-sqrd.  Adj. R-sqrd.    F-stat   p-value
h7:demand_shift              0.2637182 -0.0635181963 0.8058951 0.6702570
h7:inflation_expectations_1y 0.2691157 -0.0557217024 0.8284628 0.6473033
h7:inflation_expectations_3y 0.3078669  0.0002522499 1.0008200 0.4773863
h7:inflation                 0.3768284  0.0998632791 1.3605626 0.2162099
h7:economic_activity         0.4156301  0.1559101713 1.6003011 0.1191710

$diagnostic_list$`Shock: demand_shift`[[8]]
                               R-sqrd. Adj. R-sqrd.    F-stat   p-value
h8:demand_shift              0.2958318  -0.02607363 0.9190022 0.5562576
h8:inflation_expectations_1y 0.2988086  -0.02173601 0.9321904 0.5433090
h8:inflation_expectations_3y 0.2634875  -0.07320399 0.7825784 0.6935971
h8:inflation                 0.2946154  -0.02784620 0.9136449 0.5615472
h8:economic_activity         0.3265024   0.01861784 1.0604702 0.4246760

$diagnostic_list$`Shock: demand_shift`[[9]]
                               R-sqrd. Adj. R-sqrd.    F-stat   p-value
h9:demand_shift              0.2486542  -0.10492023 0.7032585 0.7710260
h9:inflation_expectations_1y 0.2639599  -0.08241186 0.7620711 0.7137861
h9:inflation_expectations_3y 0.3588882   0.05718856 1.1895546 0.3240846
h9:inflation                 0.3057896  -0.02089763 0.9360317 0.5398967
h9:economic_activity         0.3083310  -0.01716028 0.9472788 0.5290222

$diagnostic_list$`Shock: demand_shift`[[10]]
                                R-sqrd. Adj. R-sqrd.    F-stat   p-value
h10:demand_shift              0.2517712 -0.111006371 0.6940098 0.7791943
h10:inflation_expectations_1y 0.3530402  0.039362727 1.1254879 0.3732059
h10:inflation_expectations_3y 0.2525207 -0.109893462 0.6967738 0.7766046
h10:inflation                 0.3298781  0.004970497 1.0152982 0.4661201
h10:economic_activity         0.3111594 -0.022823937 0.9316614 0.5444816

$diagnostic_list$`Shock: demand_shift`[[11]]
                                R-sqrd. Adj. R-sqrd.    F-stat   p-value
h11:demand_shift              0.2805076 -0.079238637 0.7797374 0.6955223
h11:inflation_expectations_1y 0.3342305  0.001345714 1.0040426 0.4770197
h11:inflation_expectations_3y 0.2079508 -0.188073868 0.5250955 0.9135329
h11:inflation                 0.2949342 -0.057598750 0.8366145 0.6386513
h11:economic_activity         0.3523119  0.028467848 1.0879060 0.4044880

$diagnostic_list$`Shock: demand_shift`[[12]]
                                R-sqrd. Adj. R-sqrd.    F-stat   p-value
h12:demand_shift              0.2790620 -0.093034981 0.7499712 0.7244901
h12:inflation_expectations_1y 0.3369702 -0.005238658 0.9846916 0.4953744
h12:inflation_expectations_3y 0.3296361 -0.016358157 0.9527213 0.5251663
h12:inflation                 0.2932942 -0.071457239 0.8040933 0.6709810
h12:economic_activity         0.3474919  0.010713549 1.0318119 0.4530874


$diagnostic_list$`Shock: inflation_expectations_1y`
$diagnostic_list$`Shock: inflation_expectations_1y`[[1]]
                               R-sqrd. Adj. R-sqrd.    F-stat    p-value
h1:demand_shift              0.2420754  -0.04665780 0.8384051 0.63762237
h1:inflation_expectations_1y 0.3533478   0.10700416 1.4343694 0.17256110
h1:inflation_expectations_3y 0.1218166  -0.21272939 0.3641252 0.98415926
h1:inflation                 0.5172170   0.33329973 2.8122260 0.00371145
h1:economic_activity         0.3287731   0.07306758 1.2857490 0.25066954

$diagnostic_list$`Shock: inflation_expectations_1y`[[2]]
                               R-sqrd. Adj. R-sqrd.    F-stat   p-value
h2:demand_shift              0.1690475 -0.155226588 0.5213106 0.9203266
h2:inflation_expectations_1y 0.3108771  0.041951093 1.1559949 0.3411845
h2:inflation_expectations_3y 0.2421719 -0.053565828 0.8188739 0.6577510
h2:inflation                 0.2236742 -0.079282271 0.7383047 0.7398604
h2:economic_activity         0.2796796 -0.001421076 0.9949446 0.4803569

$diagnostic_list$`Shock: inflation_expectations_1y`[[3]]
                               R-sqrd. Adj. R-sqrd.    F-stat   p-value
h3:demand_shift              0.2930237   0.01023322 1.0361866 0.4425672
h3:inflation_expectations_1y 0.3435862   0.08102074 1.3085734 0.2393761
h3:inflation_expectations_3y 0.1597616  -0.17633382 0.4753459 0.9450743
h3:inflation                 0.2744710  -0.01574067 0.9457614 0.5284482
h3:economic_activity         0.3139178   0.03948491 1.1438782 0.3514969

$diagnostic_list$`Shock: inflation_expectations_1y`[[4]]
                               R-sqrd. Adj. R-sqrd.    F-stat   p-value
h4:demand_shift              0.3115993   0.02917845 1.1033155 0.3850353
h4:inflation_expectations_1y 0.2712192  -0.02776779 0.9071271 0.5672651
h4:inflation_expectations_3y 0.2241937  -0.09408583 0.7043924 0.7722638
h4:inflation                 0.2390677  -0.07310969 0.7658072 0.7116533
h4:economic_activity         0.3184302   0.03881185 1.1388029 0.3564051

$diagnostic_list$`Shock: inflation_expectations_1y`[[5]]
                               R-sqrd. Adj. R-sqrd.    F-stat   p-value
h5:demand_shift              0.3006441  0.006178497 1.0209821 0.4576256
h5:inflation_expectations_1y 0.1961791 -0.142271775 0.5796384 0.8794561
h5:inflation_expectations_3y 0.2558727 -0.057444065 0.8166582 0.6596201
h5:inflation                 0.2600122 -0.051561676 0.8345122 0.6413270
h5:economic_activity         0.2070181 -0.126868991 0.6200243 0.8476052

$diagnostic_list$`Shock: inflation_expectations_1y`[[6]]
                               R-sqrd. Adj. R-sqrd.    F-stat   p-value
h6:demand_shift              0.2044332  -0.13959570 0.5942326 0.8678083
h6:inflation_expectations_1y 0.3788152   0.11019479 1.4102249 0.1902014
h6:inflation_expectations_3y 0.2241414  -0.11136500 0.6680689 0.8052691
h6:inflation                 0.2579049  -0.06300105 0.8036775 0.6727078
h6:economic_activity         0.1720481  -0.18598511 0.4805368 0.9413642

$diagnostic_list$`Shock: inflation_expectations_1y`[[7]]
                               R-sqrd.  Adj. R-sqrd.    F-stat   p-value
h7:demand_shift              0.2637182 -0.0635181963 0.8058951 0.6702570
h7:inflation_expectations_1y 0.2691157 -0.0557217024 0.8284628 0.6473033
h7:inflation_expectations_3y 0.3078669  0.0002522499 1.0008200 0.4773863
h7:inflation                 0.3768284  0.0998632791 1.3605626 0.2162099
h7:economic_activity         0.4156301  0.1559101713 1.6003011 0.1191710

$diagnostic_list$`Shock: inflation_expectations_1y`[[8]]
                               R-sqrd. Adj. R-sqrd.    F-stat   p-value
h8:demand_shift              0.2958318  -0.02607363 0.9190022 0.5562576
h8:inflation_expectations_1y 0.2988086  -0.02173601 0.9321904 0.5433090
h8:inflation_expectations_3y 0.2634875  -0.07320399 0.7825784 0.6935971
h8:inflation                 0.2946154  -0.02784620 0.9136449 0.5615472
h8:economic_activity         0.3265024   0.01861784 1.0604702 0.4246760

$diagnostic_list$`Shock: inflation_expectations_1y`[[9]]
                               R-sqrd. Adj. R-sqrd.    F-stat   p-value
h9:demand_shift              0.2486542  -0.10492023 0.7032585 0.7710260
h9:inflation_expectations_1y 0.2639599  -0.08241186 0.7620711 0.7137861
h9:inflation_expectations_3y 0.3588882   0.05718856 1.1895546 0.3240846
h9:inflation                 0.3057896  -0.02089763 0.9360317 0.5398967
h9:economic_activity         0.3083310  -0.01716028 0.9472788 0.5290222

$diagnostic_list$`Shock: inflation_expectations_1y`[[10]]
                                R-sqrd. Adj. R-sqrd.    F-stat   p-value
h10:demand_shift              0.2517712 -0.111006371 0.6940098 0.7791943
h10:inflation_expectations_1y 0.3530402  0.039362727 1.1254879 0.3732059
h10:inflation_expectations_3y 0.2525207 -0.109893462 0.6967738 0.7766046
h10:inflation                 0.3298781  0.004970497 1.0152982 0.4661201
h10:economic_activity         0.3111594 -0.022823937 0.9316614 0.5444816

$diagnostic_list$`Shock: inflation_expectations_1y`[[11]]
                                R-sqrd. Adj. R-sqrd.    F-stat   p-value
h11:demand_shift              0.2805076 -0.079238637 0.7797374 0.6955223
h11:inflation_expectations_1y 0.3342305  0.001345714 1.0040426 0.4770197
h11:inflation_expectations_3y 0.2079508 -0.188073868 0.5250955 0.9135329
h11:inflation                 0.2949342 -0.057598750 0.8366145 0.6386513
h11:economic_activity         0.3523119  0.028467848 1.0879060 0.4044880

$diagnostic_list$`Shock: inflation_expectations_1y`[[12]]
                                R-sqrd. Adj. R-sqrd.    F-stat   p-value
h12:demand_shift              0.2790620 -0.093034981 0.7499712 0.7244901
h12:inflation_expectations_1y 0.3369702 -0.005238658 0.9846916 0.4953744
h12:inflation_expectations_3y 0.3296361 -0.016358157 0.9527213 0.5251663
h12:inflation                 0.2932942 -0.071457239 0.8040933 0.6709810
h12:economic_activity         0.3474919  0.010713549 1.0318119 0.4530874


$diagnostic_list$`Shock: inflation_expectations_3y`
$diagnostic_list$`Shock: inflation_expectations_3y`[[1]]
                               R-sqrd. Adj. R-sqrd.    F-stat    p-value
h1:demand_shift              0.2420754  -0.04665780 0.8384051 0.63762237
h1:inflation_expectations_1y 0.3533478   0.10700416 1.4343694 0.17256110
h1:inflation_expectations_3y 0.1218166  -0.21272939 0.3641252 0.98415926
h1:inflation                 0.5172170   0.33329973 2.8122260 0.00371145
h1:economic_activity         0.3287731   0.07306758 1.2857490 0.25066954

$diagnostic_list$`Shock: inflation_expectations_3y`[[2]]
                               R-sqrd. Adj. R-sqrd.    F-stat   p-value
h2:demand_shift              0.1690475 -0.155226588 0.5213106 0.9203266
h2:inflation_expectations_1y 0.3108771  0.041951093 1.1559949 0.3411845
h2:inflation_expectations_3y 0.2421719 -0.053565828 0.8188739 0.6577510
h2:inflation                 0.2236742 -0.079282271 0.7383047 0.7398604
h2:economic_activity         0.2796796 -0.001421076 0.9949446 0.4803569

$diagnostic_list$`Shock: inflation_expectations_3y`[[3]]
                               R-sqrd. Adj. R-sqrd.    F-stat   p-value
h3:demand_shift              0.2930237   0.01023322 1.0361866 0.4425672
h3:inflation_expectations_1y 0.3435862   0.08102074 1.3085734 0.2393761
h3:inflation_expectations_3y 0.1597616  -0.17633382 0.4753459 0.9450743
h3:inflation                 0.2744710  -0.01574067 0.9457614 0.5284482
h3:economic_activity         0.3139178   0.03948491 1.1438782 0.3514969

$diagnostic_list$`Shock: inflation_expectations_3y`[[4]]
                               R-sqrd. Adj. R-sqrd.    F-stat   p-value
h4:demand_shift              0.3115993   0.02917845 1.1033155 0.3850353
h4:inflation_expectations_1y 0.2712192  -0.02776779 0.9071271 0.5672651
h4:inflation_expectations_3y 0.2241937  -0.09408583 0.7043924 0.7722638
h4:inflation                 0.2390677  -0.07310969 0.7658072 0.7116533
h4:economic_activity         0.3184302   0.03881185 1.1388029 0.3564051

$diagnostic_list$`Shock: inflation_expectations_3y`[[5]]
                               R-sqrd. Adj. R-sqrd.    F-stat   p-value
h5:demand_shift              0.3006441  0.006178497 1.0209821 0.4576256
h5:inflation_expectations_1y 0.1961791 -0.142271775 0.5796384 0.8794561
h5:inflation_expectations_3y 0.2558727 -0.057444065 0.8166582 0.6596201
h5:inflation                 0.2600122 -0.051561676 0.8345122 0.6413270
h5:economic_activity         0.2070181 -0.126868991 0.6200243 0.8476052

$diagnostic_list$`Shock: inflation_expectations_3y`[[6]]
                               R-sqrd. Adj. R-sqrd.    F-stat   p-value
h6:demand_shift              0.2044332  -0.13959570 0.5942326 0.8678083
h6:inflation_expectations_1y 0.3788152   0.11019479 1.4102249 0.1902014
h6:inflation_expectations_3y 0.2241414  -0.11136500 0.6680689 0.8052691
h6:inflation                 0.2579049  -0.06300105 0.8036775 0.6727078
h6:economic_activity         0.1720481  -0.18598511 0.4805368 0.9413642

$diagnostic_list$`Shock: inflation_expectations_3y`[[7]]
                               R-sqrd.  Adj. R-sqrd.    F-stat   p-value
h7:demand_shift              0.2637182 -0.0635181963 0.8058951 0.6702570
h7:inflation_expectations_1y 0.2691157 -0.0557217024 0.8284628 0.6473033
h7:inflation_expectations_3y 0.3078669  0.0002522499 1.0008200 0.4773863
h7:inflation                 0.3768284  0.0998632791 1.3605626 0.2162099
h7:economic_activity         0.4156301  0.1559101713 1.6003011 0.1191710

$diagnostic_list$`Shock: inflation_expectations_3y`[[8]]
                               R-sqrd. Adj. R-sqrd.    F-stat   p-value
h8:demand_shift              0.2958318  -0.02607363 0.9190022 0.5562576
h8:inflation_expectations_1y 0.2988086  -0.02173601 0.9321904 0.5433090
h8:inflation_expectations_3y 0.2634875  -0.07320399 0.7825784 0.6935971
h8:inflation                 0.2946154  -0.02784620 0.9136449 0.5615472
h8:economic_activity         0.3265024   0.01861784 1.0604702 0.4246760

$diagnostic_list$`Shock: inflation_expectations_3y`[[9]]
                               R-sqrd. Adj. R-sqrd.    F-stat   p-value
h9:demand_shift              0.2486542  -0.10492023 0.7032585 0.7710260
h9:inflation_expectations_1y 0.2639599  -0.08241186 0.7620711 0.7137861
h9:inflation_expectations_3y 0.3588882   0.05718856 1.1895546 0.3240846
h9:inflation                 0.3057896  -0.02089763 0.9360317 0.5398967
h9:economic_activity         0.3083310  -0.01716028 0.9472788 0.5290222

$diagnostic_list$`Shock: inflation_expectations_3y`[[10]]
                                R-sqrd. Adj. R-sqrd.    F-stat   p-value
h10:demand_shift              0.2517712 -0.111006371 0.6940098 0.7791943
h10:inflation_expectations_1y 0.3530402  0.039362727 1.1254879 0.3732059
h10:inflation_expectations_3y 0.2525207 -0.109893462 0.6967738 0.7766046
h10:inflation                 0.3298781  0.004970497 1.0152982 0.4661201
h10:economic_activity         0.3111594 -0.022823937 0.9316614 0.5444816

$diagnostic_list$`Shock: inflation_expectations_3y`[[11]]
                                R-sqrd. Adj. R-sqrd.    F-stat   p-value
h11:demand_shift              0.2805076 -0.079238637 0.7797374 0.6955223
h11:inflation_expectations_1y 0.3342305  0.001345714 1.0040426 0.4770197
h11:inflation_expectations_3y 0.2079508 -0.188073868 0.5250955 0.9135329
h11:inflation                 0.2949342 -0.057598750 0.8366145 0.6386513
h11:economic_activity         0.3523119  0.028467848 1.0879060 0.4044880

$diagnostic_list$`Shock: inflation_expectations_3y`[[12]]
                                R-sqrd. Adj. R-sqrd.    F-stat   p-value
h12:demand_shift              0.2790620 -0.093034981 0.7499712 0.7244901
h12:inflation_expectations_1y 0.3369702 -0.005238658 0.9846916 0.4953744
h12:inflation_expectations_3y 0.3296361 -0.016358157 0.9527213 0.5251663
h12:inflation                 0.2932942 -0.071457239 0.8040933 0.6709810
h12:economic_activity         0.3474919  0.010713549 1.0318119 0.4530874


$diagnostic_list$`Shock: inflation`
$diagnostic_list$`Shock: inflation`[[1]]
                               R-sqrd. Adj. R-sqrd.    F-stat    p-value
h1:demand_shift              0.2420754  -0.04665780 0.8384051 0.63762237
h1:inflation_expectations_1y 0.3533478   0.10700416 1.4343694 0.17256110
h1:inflation_expectations_3y 0.1218166  -0.21272939 0.3641252 0.98415926
h1:inflation                 0.5172170   0.33329973 2.8122260 0.00371145
h1:economic_activity         0.3287731   0.07306758 1.2857490 0.25066954

$diagnostic_list$`Shock: inflation`[[2]]
                               R-sqrd. Adj. R-sqrd.    F-stat   p-value
h2:demand_shift              0.1690475 -0.155226588 0.5213106 0.9203266
h2:inflation_expectations_1y 0.3108771  0.041951093 1.1559949 0.3411845
h2:inflation_expectations_3y 0.2421719 -0.053565828 0.8188739 0.6577510
h2:inflation                 0.2236742 -0.079282271 0.7383047 0.7398604
h2:economic_activity         0.2796796 -0.001421076 0.9949446 0.4803569

$diagnostic_list$`Shock: inflation`[[3]]
                               R-sqrd. Adj. R-sqrd.    F-stat   p-value
h3:demand_shift              0.2930237   0.01023322 1.0361866 0.4425672
h3:inflation_expectations_1y 0.3435862   0.08102074 1.3085734 0.2393761
h3:inflation_expectations_3y 0.1597616  -0.17633382 0.4753459 0.9450743
h3:inflation                 0.2744710  -0.01574067 0.9457614 0.5284482
h3:economic_activity         0.3139178   0.03948491 1.1438782 0.3514969

$diagnostic_list$`Shock: inflation`[[4]]
                               R-sqrd. Adj. R-sqrd.    F-stat   p-value
h4:demand_shift              0.3115993   0.02917845 1.1033155 0.3850353
h4:inflation_expectations_1y 0.2712192  -0.02776779 0.9071271 0.5672651
h4:inflation_expectations_3y 0.2241937  -0.09408583 0.7043924 0.7722638
h4:inflation                 0.2390677  -0.07310969 0.7658072 0.7116533
h4:economic_activity         0.3184302   0.03881185 1.1388029 0.3564051

$diagnostic_list$`Shock: inflation`[[5]]
                               R-sqrd. Adj. R-sqrd.    F-stat   p-value
h5:demand_shift              0.3006441  0.006178497 1.0209821 0.4576256
h5:inflation_expectations_1y 0.1961791 -0.142271775 0.5796384 0.8794561
h5:inflation_expectations_3y 0.2558727 -0.057444065 0.8166582 0.6596201
h5:inflation                 0.2600122 -0.051561676 0.8345122 0.6413270
h5:economic_activity         0.2070181 -0.126868991 0.6200243 0.8476052

$diagnostic_list$`Shock: inflation`[[6]]
                               R-sqrd. Adj. R-sqrd.    F-stat   p-value
h6:demand_shift              0.2044332  -0.13959570 0.5942326 0.8678083
h6:inflation_expectations_1y 0.3788152   0.11019479 1.4102249 0.1902014
h6:inflation_expectations_3y 0.2241414  -0.11136500 0.6680689 0.8052691
h6:inflation                 0.2579049  -0.06300105 0.8036775 0.6727078
h6:economic_activity         0.1720481  -0.18598511 0.4805368 0.9413642

$diagnostic_list$`Shock: inflation`[[7]]
                               R-sqrd.  Adj. R-sqrd.    F-stat   p-value
h7:demand_shift              0.2637182 -0.0635181963 0.8058951 0.6702570
h7:inflation_expectations_1y 0.2691157 -0.0557217024 0.8284628 0.6473033
h7:inflation_expectations_3y 0.3078669  0.0002522499 1.0008200 0.4773863
h7:inflation                 0.3768284  0.0998632791 1.3605626 0.2162099
h7:economic_activity         0.4156301  0.1559101713 1.6003011 0.1191710

$diagnostic_list$`Shock: inflation`[[8]]
                               R-sqrd. Adj. R-sqrd.    F-stat   p-value
h8:demand_shift              0.2958318  -0.02607363 0.9190022 0.5562576
h8:inflation_expectations_1y 0.2988086  -0.02173601 0.9321904 0.5433090
h8:inflation_expectations_3y 0.2634875  -0.07320399 0.7825784 0.6935971
h8:inflation                 0.2946154  -0.02784620 0.9136449 0.5615472
h8:economic_activity         0.3265024   0.01861784 1.0604702 0.4246760

$diagnostic_list$`Shock: inflation`[[9]]
                               R-sqrd. Adj. R-sqrd.    F-stat   p-value
h9:demand_shift              0.2486542  -0.10492023 0.7032585 0.7710260
h9:inflation_expectations_1y 0.2639599  -0.08241186 0.7620711 0.7137861
h9:inflation_expectations_3y 0.3588882   0.05718856 1.1895546 0.3240846
h9:inflation                 0.3057896  -0.02089763 0.9360317 0.5398967
h9:economic_activity         0.3083310  -0.01716028 0.9472788 0.5290222

$diagnostic_list$`Shock: inflation`[[10]]
                                R-sqrd. Adj. R-sqrd.    F-stat   p-value
h10:demand_shift              0.2517712 -0.111006371 0.6940098 0.7791943
h10:inflation_expectations_1y 0.3530402  0.039362727 1.1254879 0.3732059
h10:inflation_expectations_3y 0.2525207 -0.109893462 0.6967738 0.7766046
h10:inflation                 0.3298781  0.004970497 1.0152982 0.4661201
h10:economic_activity         0.3111594 -0.022823937 0.9316614 0.5444816

$diagnostic_list$`Shock: inflation`[[11]]
                                R-sqrd. Adj. R-sqrd.    F-stat   p-value
h11:demand_shift              0.2805076 -0.079238637 0.7797374 0.6955223
h11:inflation_expectations_1y 0.3342305  0.001345714 1.0040426 0.4770197
h11:inflation_expectations_3y 0.2079508 -0.188073868 0.5250955 0.9135329
h11:inflation                 0.2949342 -0.057598750 0.8366145 0.6386513
h11:economic_activity         0.3523119  0.028467848 1.0879060 0.4044880

$diagnostic_list$`Shock: inflation`[[12]]
                                R-sqrd. Adj. R-sqrd.    F-stat   p-value
h12:demand_shift              0.2790620 -0.093034981 0.7499712 0.7244901
h12:inflation_expectations_1y 0.3369702 -0.005238658 0.9846916 0.4953744
h12:inflation_expectations_3y 0.3296361 -0.016358157 0.9527213 0.5251663
h12:inflation                 0.2932942 -0.071457239 0.8040933 0.6709810
h12:economic_activity         0.3474919  0.010713549 1.0318119 0.4530874


$diagnostic_list$`Shock: economic_activity`
$diagnostic_list$`Shock: economic_activity`[[1]]
                               R-sqrd. Adj. R-sqrd.    F-stat    p-value
h1:demand_shift              0.2420754  -0.04665780 0.8384051 0.63762237
h1:inflation_expectations_1y 0.3533478   0.10700416 1.4343694 0.17256110
h1:inflation_expectations_3y 0.1218166  -0.21272939 0.3641252 0.98415926
h1:inflation                 0.5172170   0.33329973 2.8122260 0.00371145
h1:economic_activity         0.3287731   0.07306758 1.2857490 0.25066954

$diagnostic_list$`Shock: economic_activity`[[2]]
                               R-sqrd. Adj. R-sqrd.    F-stat   p-value
h2:demand_shift              0.1690475 -0.155226588 0.5213106 0.9203266
h2:inflation_expectations_1y 0.3108771  0.041951093 1.1559949 0.3411845
h2:inflation_expectations_3y 0.2421719 -0.053565828 0.8188739 0.6577510
h2:inflation                 0.2236742 -0.079282271 0.7383047 0.7398604
h2:economic_activity         0.2796796 -0.001421076 0.9949446 0.4803569

$diagnostic_list$`Shock: economic_activity`[[3]]
                               R-sqrd. Adj. R-sqrd.    F-stat   p-value
h3:demand_shift              0.2930237   0.01023322 1.0361866 0.4425672
h3:inflation_expectations_1y 0.3435862   0.08102074 1.3085734 0.2393761
h3:inflation_expectations_3y 0.1597616  -0.17633382 0.4753459 0.9450743
h3:inflation                 0.2744710  -0.01574067 0.9457614 0.5284482
h3:economic_activity         0.3139178   0.03948491 1.1438782 0.3514969

$diagnostic_list$`Shock: economic_activity`[[4]]
                               R-sqrd. Adj. R-sqrd.    F-stat   p-value
h4:demand_shift              0.3115993   0.02917845 1.1033155 0.3850353
h4:inflation_expectations_1y 0.2712192  -0.02776779 0.9071271 0.5672651
h4:inflation_expectations_3y 0.2241937  -0.09408583 0.7043924 0.7722638
h4:inflation                 0.2390677  -0.07310969 0.7658072 0.7116533
h4:economic_activity         0.3184302   0.03881185 1.1388029 0.3564051

$diagnostic_list$`Shock: economic_activity`[[5]]
                               R-sqrd. Adj. R-sqrd.    F-stat   p-value
h5:demand_shift              0.3006441  0.006178497 1.0209821 0.4576256
h5:inflation_expectations_1y 0.1961791 -0.142271775 0.5796384 0.8794561
h5:inflation_expectations_3y 0.2558727 -0.057444065 0.8166582 0.6596201
h5:inflation                 0.2600122 -0.051561676 0.8345122 0.6413270
h5:economic_activity         0.2070181 -0.126868991 0.6200243 0.8476052

$diagnostic_list$`Shock: economic_activity`[[6]]
                               R-sqrd. Adj. R-sqrd.    F-stat   p-value
h6:demand_shift              0.2044332  -0.13959570 0.5942326 0.8678083
h6:inflation_expectations_1y 0.3788152   0.11019479 1.4102249 0.1902014
h6:inflation_expectations_3y 0.2241414  -0.11136500 0.6680689 0.8052691
h6:inflation                 0.2579049  -0.06300105 0.8036775 0.6727078
h6:economic_activity         0.1720481  -0.18598511 0.4805368 0.9413642

$diagnostic_list$`Shock: economic_activity`[[7]]
                               R-sqrd.  Adj. R-sqrd.    F-stat   p-value
h7:demand_shift              0.2637182 -0.0635181963 0.8058951 0.6702570
h7:inflation_expectations_1y 0.2691157 -0.0557217024 0.8284628 0.6473033
h7:inflation_expectations_3y 0.3078669  0.0002522499 1.0008200 0.4773863
h7:inflation                 0.3768284  0.0998632791 1.3605626 0.2162099
h7:economic_activity         0.4156301  0.1559101713 1.6003011 0.1191710

$diagnostic_list$`Shock: economic_activity`[[8]]
                               R-sqrd. Adj. R-sqrd.    F-stat   p-value
h8:demand_shift              0.2958318  -0.02607363 0.9190022 0.5562576
h8:inflation_expectations_1y 0.2988086  -0.02173601 0.9321904 0.5433090
h8:inflation_expectations_3y 0.2634875  -0.07320399 0.7825784 0.6935971
h8:inflation                 0.2946154  -0.02784620 0.9136449 0.5615472
h8:economic_activity         0.3265024   0.01861784 1.0604702 0.4246760

$diagnostic_list$`Shock: economic_activity`[[9]]
                               R-sqrd. Adj. R-sqrd.    F-stat   p-value
h9:demand_shift              0.2486542  -0.10492023 0.7032585 0.7710260
h9:inflation_expectations_1y 0.2639599  -0.08241186 0.7620711 0.7137861
h9:inflation_expectations_3y 0.3588882   0.05718856 1.1895546 0.3240846
h9:inflation                 0.3057896  -0.02089763 0.9360317 0.5398967
h9:economic_activity         0.3083310  -0.01716028 0.9472788 0.5290222

$diagnostic_list$`Shock: economic_activity`[[10]]
                                R-sqrd. Adj. R-sqrd.    F-stat   p-value
h10:demand_shift              0.2517712 -0.111006371 0.6940098 0.7791943
h10:inflation_expectations_1y 0.3530402  0.039362727 1.1254879 0.3732059
h10:inflation_expectations_3y 0.2525207 -0.109893462 0.6967738 0.7766046
h10:inflation                 0.3298781  0.004970497 1.0152982 0.4661201
h10:economic_activity         0.3111594 -0.022823937 0.9316614 0.5444816

$diagnostic_list$`Shock: economic_activity`[[11]]
                                R-sqrd. Adj. R-sqrd.    F-stat   p-value
h11:demand_shift              0.2805076 -0.079238637 0.7797374 0.6955223
h11:inflation_expectations_1y 0.3342305  0.001345714 1.0040426 0.4770197
h11:inflation_expectations_3y 0.2079508 -0.188073868 0.5250955 0.9135329
h11:inflation                 0.2949342 -0.057598750 0.8366145 0.6386513
h11:economic_activity         0.3523119  0.028467848 1.0879060 0.4044880

$diagnostic_list$`Shock: economic_activity`[[12]]
                                R-sqrd. Adj. R-sqrd.    F-stat   p-value
h12:demand_shift              0.2790620 -0.093034981 0.7499712 0.7244901
h12:inflation_expectations_1y 0.3369702 -0.005238658 0.9846916 0.4953744
h12:inflation_expectations_3y 0.3296361 -0.016358157 0.9527213 0.5251663
h12:inflation                 0.2932942 -0.071457239 0.8040933 0.6709810
h12:economic_activity         0.3474919  0.010713549 1.0318119 0.4530874



$specs
$specs$lags_endog_lin
SC(n) 
    1 

$specs$lags_criterion
[1] NaN

$specs$max_lags
[1] NaN

$specs$trend
[1] 0

$specs$shock_type
[1] 0

$specs$confint
[1] 1.65

$specs$hor
[1] 12

$specs$use_nw
[1] TRUE

$specs$nw_prewhite
[1] FALSE

$specs$adjust_se
[1] FALSE

$specs$use_twosls
[1] FALSE

$specs$contemp_data
$specs$contemp_data$dummy
 [1] 0 0 0 0 0 0 0 0 0 0 0 0 0 0 0 0 0 0 0 0 0 0 0 0 0 1 1 1 1 0 1 0 1 0 0 0 0 0 0 0 0 0 0 0 0 0 0 0 0 0 0 0 0 0 0 0 0 0 0 0

$specs$contemp_data$Jan
 [1] 0 0 0 0 0 0 0 0 0 0 0 1 0 0 0 0 0 0 0 0 0 0 0 1 0 0 0 0 0 0 0 0 0 0 0 1 0 0 0 0 0 0 0 0 0 0 0 1 0 0 0 0 0 0 0 0 0 0 0 1

$specs$contemp_data$Feb
 [1] 1 0 0 0 0 0 0 0 0 0 0 0 1 0 0 0 0 0 0 0 0 0 0 0 1 0 0 0 0 0 0 0 0 0 0 0 1 0 0 0 0 0 0 0 0 0 0 0 1 0 0 0 0 0 0 0 0 0 0 0

$specs$contemp_data$Mar
 [1] 0 1 0 0 0 0 0 0 0 0 0 0 0 1 0 0 0 0 0 0 0 0 0 0 0 1 0 0 0 0 0 0 0 0 0 0 0 1 0 0 0 0 0 0 0 0 0 0 0 1 0 0 0 0 0 0 0 0 0 0

$specs$contemp_data$Apr
 [1] 0 0 1 0 0 0 0 0 0 0 0 0 0 0 1 0 0 0 0 0 0 0 0 0 0 0 1 0 0 0 0 0 0 0 0 0 0 0 1 0 0 0 0 0 0 0 0 0 0 0 1 0 0 0 0 0 0 0 0 0

$specs$contemp_data$May
 [1] 0 0 0 1 0 0 0 0 0 0 0 0 0 0 0 1 0 0 0 0 0 0 0 0 0 0 0 1 0 0 0 0 0 0 0 0 0 0 0 1 0 0 0 0 0 0 0 0 0 0 0 1 0 0 0 0 0 0 0 0

$specs$contemp_data$Jun
 [1] 0 0 0 0 1 0 0 0 0 0 0 0 0 0 0 0 1 0 0 0 0 0 0 0 0 0 0 0 1 0 0 0 0 0 0 0 0 0 0 0 1 0 0 0 0 0 0 0 0 0 0 0 1 0 0 0 0 0 0 0

$specs$contemp_data$Jul
 [1] 0 0 0 0 0 1 0 0 0 0 0 0 0 0 0 0 0 1 0 0 0 0 0 0 0 0 0 0 0 1 0 0 0 0 0 0 0 0 0 0 0 1 0 0 0 0 0 0 0 0 0 0 0 1 0 0 0 0 0 0

$specs$contemp_data$Aug
 [1] 0 0 0 0 0 0 1 0 0 0 0 0 0 0 0 0 0 0 1 0 0 0 0 0 0 0 0 0 0 0 1 0 0 0 0 0 0 0 0 0 0 0 1 0 0 0 0 0 0 0 0 0 0 0 1 0 0 0 0 0

$specs$contemp_data$Sep
 [1] 0 0 0 0 0 0 0 1 0 0 0 0 0 0 0 0 0 0 0 1 0 0 0 0 0 0 0 0 0 0 0 1 0 0 0 0 0 0 0 0 0 0 0 1 0 0 0 0 0 0 0 0 0 0 0 1 0 0 0 0

$specs$contemp_data$Oct
 [1] 0 0 0 0 0 0 0 0 1 0 0 0 0 0 0 0 0 0 0 0 1 0 0 0 0 0 0 0 0 0 0 0 1 0 0 0 0 0 0 0 0 0 0 0 1 0 0 0 0 0 0 0 0 0 0 0 1 0 0 0


$specs$model_type
[1] 0

$specs$starts
[1] 1

$specs$ends
[1] 60

$specs$column_names
[1] "demand_shift"              "inflation_expectations_1y" "inflation_expectations_3y" "inflation"                
[5] "economic_activity"        

$specs$endog
[1] 5

$specs$y_lin
    demand_shift inflation_expectations_1y inflation_expectations_3y    inflation economic_activity
2  -0.0198034649              -0.079620123               0.023733377  0.002310570        0.03672057
3   0.0019656062               0.228555441               0.061933756  0.031662657        0.02660601
4   0.0189091866               0.000000000              -0.007986784  0.027403122        0.04356130
5   0.0021636931               0.000000000               0.038039923  0.010862582        0.01757053
6   0.0018605583               0.001872778              -0.116087914  0.009406502        0.03236078
7  -0.0016313332               0.017283440               0.116087914  0.021640425        0.02930438
8  -0.0185147634              -0.004920721               0.000000000  0.025003951        0.02923299
9   0.0115472141               0.004920721               0.000000000  0.028405410        0.02229492
10 -0.0188016733              -0.030053139              -0.116087914 -0.008420605        0.02323041
11 -0.0199035646               0.030053139               0.096931696  0.008246918        0.01734758
12  0.0042291718              -0.030053139              -0.010896921 -0.002323999        0.03391158
13 -0.0244910730              -0.176372051              -0.201508284  0.029025084        0.02600387
14  0.0091606573               0.022861719               0.095972538  0.042416785        0.02691934
15  0.0183504109              -0.218312263              -0.170893431  0.048586660        0.03757401
16  0.0016233577              -0.145042181              -0.100185633  0.003720327        0.02002637
17 -0.0116300941               0.217070103               0.069105387 -0.006141925        0.02480201
18 -0.0094592749              -0.079553127              -0.083071947  0.024993882        0.02186920
19 -0.0051779394              -0.176150560              -0.077933550  0.017681720        0.02278745
20  0.0108989653               0.069185972              -0.126637936  0.021370449        0.03620964
21 -0.0101554906              -0.153448343               0.004080772  0.034784574        0.01981848
22  0.0051675852               0.017366648               0.142476082  0.026361361        0.02549842
23  0.0093217129               0.180090904               0.016174078  0.038444527        0.02259084
24  0.0169250395              -0.031989813               0.000000000  0.019694440        0.03781474
25 -0.0011211140               0.041871071               0.051145554  0.009814561        0.03578346
26 -0.0382660572               0.000000000              -0.189331532 -0.050912346       -0.07956922
27 -0.0128784712               0.085786104               0.223972082 -0.090824177       -0.77070172
28 -0.0187085763               0.376688957              -0.012976170 -0.010450429        0.21339722
29  0.0165833375              -0.318598032              -0.136598825  0.053592068        0.21330076
30  0.0314095645               0.206044197               0.257966757  0.061866907        0.02971606
31  0.0263254132               0.112553835               0.249140978  0.053808986        0.15791953
32 -0.0195808176              -0.019156218              -0.238733053  0.028930510        0.07717705
33  0.0060497747              -0.144741774              -0.040002584  0.011918979        0.10115859
34 -0.0031667248               0.126406431               0.117631912  0.024543630        0.04507153
35 -0.0042852757               0.037491560               0.161103725  0.057557700        0.01677041
36  0.0161964601               0.046669483               0.047342062  0.028496735        0.06736316
37  0.0295478442               0.044214964              -0.028185844  0.045997380        0.05066022
38  0.0090689948               0.153371334               0.092952490  0.059503194        0.06160136
39  0.0203911859               0.115923882               0.005092859  0.082225516        0.03720211
40 -0.0019267624               0.639820337               0.471664906  0.082531234        0.06412900
41  0.0002059345               0.801745415              -0.022792339  0.098347464        0.05475905
42 -0.0171835290               0.040705204               0.164751053  0.054649100        0.08879717
43  0.0040264720               0.337376595               0.287992716  0.049840953        0.06602323
44 -0.0024989850               0.130341530               0.194323301  0.052018077        0.07861505
45  0.0269327196               0.343297958               0.017191887  0.114305741        0.06819482
46 -0.0040082297               0.346533298              -0.199976921  0.098833469        0.06879133
47 -0.0127488714              -0.009726048              -0.011199951  0.097421769        0.06937609
48 -0.0083748094              -0.201833725              -0.522751808  0.075404740        0.03542764
49  0.0157657178               0.211559772               0.297553301  0.088488916        0.07849205
50 -0.0074768753               0.583898067              -0.099878550  0.126900569        0.05112829
51  0.0080420299              -0.238460541               0.227452993  0.048497289        0.04431433
52 -0.0232460945               0.230577469              -0.023298502  0.115684054        0.03389257
53 -0.0149369401               0.199839592              -0.260592937  0.151285219        0.03843642
54  0.0020113603              -0.552228928              -0.436033010 -0.004064650        0.05041760
55 -0.0261851865              -0.477911472              -0.427183867  0.028517738        0.02896168
56  0.0081222384              -0.304920197               0.154703379  0.050566174        0.04915587
57  0.0152407852               0.503497124               0.200692415  0.060045147        0.03059615
58 -0.0135725504              -0.715742588              -0.113289595  0.024858721        0.04330825
59 -0.0074789760              -0.235079288              -0.004589558  0.015857387        0.03585464
60 -0.0051696777              -0.038488865              -0.280791283  0.063675095        0.04576300

$specs$x_lin
   demand_shift_lag_1 inflation_expectations_1y_lag_1 inflation_expectations_3y_lag_1 inflation_lag_1
2        0.0060457387                     0.119915485                     0.090704918     0.032745451
3       -0.0198034649                    -0.079620123                     0.023733377     0.002310570
4        0.0019656062                     0.228555441                     0.061933756     0.031662657
5        0.0189091866                     0.000000000                    -0.007986784     0.027403122
6        0.0021636931                     0.000000000                     0.038039923     0.010862582
7        0.0018605583                     0.001872778                    -0.116087914     0.009406502
8       -0.0016313332                     0.017283440                     0.116087914     0.021640425
9       -0.0185147634                    -0.004920721                     0.000000000     0.025003951
10       0.0115472141                     0.004920721                     0.000000000     0.028405410
11      -0.0188016733                    -0.030053139                    -0.116087914    -0.008420605
12      -0.0199035646                     0.030053139                     0.096931696     0.008246918
13       0.0042291718                    -0.030053139                    -0.010896921    -0.002323999
14      -0.0244910730                    -0.176372051                    -0.201508284     0.029025084
15       0.0091606573                     0.022861719                     0.095972538     0.042416785
16       0.0183504109                    -0.218312263                    -0.170893431     0.048586660
17       0.0016233577                    -0.145042181                    -0.100185633     0.003720327
18      -0.0116300941                     0.217070103                     0.069105387    -0.006141925
19      -0.0094592749                    -0.079553127                    -0.083071947     0.024993882
20      -0.0051779394                    -0.176150560                    -0.077933550     0.017681720
21       0.0108989653                     0.069185972                    -0.126637936     0.021370449
22      -0.0101554906                    -0.153448343                     0.004080772     0.034784574
23       0.0051675852                     0.017366648                     0.142476082     0.026361361
24       0.0093217129                     0.180090904                     0.016174078     0.038444527
25       0.0169250395                    -0.031989813                     0.000000000     0.019694440
26      -0.0011211140                     0.041871071                     0.051145554     0.009814561
27      -0.0382660572                     0.000000000                    -0.189331532    -0.050912346
28      -0.0128784712                     0.085786104                     0.223972082    -0.090824177
29      -0.0187085763                     0.376688957                    -0.012976170    -0.010450429
30       0.0165833375                    -0.318598032                    -0.136598825     0.053592068
31       0.0314095645                     0.206044197                     0.257966757     0.061866907
32       0.0263254132                     0.112553835                     0.249140978     0.053808986
33      -0.0195808176                    -0.019156218                    -0.238733053     0.028930510
34       0.0060497747                    -0.144741774                    -0.040002584     0.011918979
35      -0.0031667248                     0.126406431                     0.117631912     0.024543630
36      -0.0042852757                     0.037491560                     0.161103725     0.057557700
37       0.0161964601                     0.046669483                     0.047342062     0.028496735
38       0.0295478442                     0.044214964                    -0.028185844     0.045997380
39       0.0090689948                     0.153371334                     0.092952490     0.059503194
40       0.0203911859                     0.115923882                     0.005092859     0.082225516
41      -0.0019267624                     0.639820337                     0.471664906     0.082531234
42       0.0002059345                     0.801745415                    -0.022792339     0.098347464
43      -0.0171835290                     0.040705204                     0.164751053     0.054649100
44       0.0040264720                     0.337376595                     0.287992716     0.049840953
45      -0.0024989850                     0.130341530                     0.194323301     0.052018077
46       0.0269327196                     0.343297958                     0.017191887     0.114305741
47      -0.0040082297                     0.346533298                    -0.199976921     0.098833469
48      -0.0127488714                    -0.009726048                    -0.011199951     0.097421769
49      -0.0083748094                    -0.201833725                    -0.522751808     0.075404740
50       0.0157657178                     0.211559772                     0.297553301     0.088488916
51      -0.0074768753                     0.583898067                    -0.099878550     0.126900569
52       0.0080420299                    -0.238460541                     0.227452993     0.048497289
53      -0.0232460945                     0.230577469                    -0.023298502     0.115684054
54      -0.0149369401                     0.199839592                    -0.260592937     0.151285219
55       0.0020113603                    -0.552228928                    -0.436033010    -0.004064650
56      -0.0261851865                    -0.477911472                    -0.427183867     0.028517738
57       0.0081222384                    -0.304920197                     0.154703379     0.050566174
58       0.0152407852                     0.503497124                     0.200692415     0.060045147
59      -0.0135725504                    -0.715742588                    -0.113289595     0.024858721
60      -0.0074789760                    -0.235079288                    -0.004589558     0.015857387
   economic_activity_lag_1 dummy Jan Feb Mar Apr May Jun Jul Aug Sep Oct
2               0.02976223     0   0   0   1   0   0   0   0   0   0   0
3               0.03672057     0   0   0   0   1   0   0   0   0   0   0
4               0.02660601     0   0   0   0   0   1   0   0   0   0   0
5               0.04356130     0   0   0   0   0   0   1   0   0   0   0
6               0.01757053     0   0   0   0   0   0   0   1   0   0   0
7               0.03236078     0   0   0   0   0   0   0   0   1   0   0
8               0.02930438     0   0   0   0   0   0   0   0   0   1   0
9               0.02923299     0   0   0   0   0   0   0   0   0   0   1
10              0.02229492     0   0   0   0   0   0   0   0   0   0   0
11              0.02323041     0   0   0   0   0   0   0   0   0   0   0
12              0.01734758     0   1   0   0   0   0   0   0   0   0   0
13              0.03391158     0   0   1   0   0   0   0   0   0   0   0
14              0.02600387     0   0   0   1   0   0   0   0   0   0   0
15              0.02691934     0   0   0   0   1   0   0   0   0   0   0
16              0.03757401     0   0   0   0   0   1   0   0   0   0   0
17              0.02002637     0   0   0   0   0   0   1   0   0   0   0
18              0.02480201     0   0   0   0   0   0   0   1   0   0   0
19              0.02186920     0   0   0   0   0   0   0   0   1   0   0
20              0.02278745     0   0   0   0   0   0   0   0   0   1   0
21              0.03620964     0   0   0   0   0   0   0   0   0   0   1
22              0.01981848     0   0   0   0   0   0   0   0   0   0   0
23              0.02549842     0   0   0   0   0   0   0   0   0   0   0
24              0.02259084     0   1   0   0   0   0   0   0   0   0   0
25              0.03781474     0   0   1   0   0   0   0   0   0   0   0
26              0.03578346     1   0   0   1   0   0   0   0   0   0   0
27             -0.07956922     1   0   0   0   1   0   0   0   0   0   0
28             -0.77070172     1   0   0   0   0   1   0   0   0   0   0
29              0.21339722     1   0   0   0   0   0   1   0   0   0   0
30              0.21330076     0   0   0   0   0   0   0   1   0   0   0
31              0.02971606     1   0   0   0   0   0   0   0   1   0   0
32              0.15791953     0   0   0   0   0   0   0   0   0   1   0
33              0.07717705     1   0   0   0   0   0   0   0   0   0   1
34              0.10115859     0   0   0   0   0   0   0   0   0   0   0
35              0.04507153     0   0   0   0   0   0   0   0   0   0   0
36              0.01677041     0   1   0   0   0   0   0   0   0   0   0
37              0.06736316     0   0   1   0   0   0   0   0   0   0   0
38              0.05066022     0   0   0   1   0   0   0   0   0   0   0
39              0.06160136     0   0   0   0   1   0   0   0   0   0   0
40              0.03720211     0   0   0   0   0   1   0   0   0   0   0
41              0.06412900     0   0   0   0   0   0   1   0   0   0   0
42              0.05475905     0   0   0   0   0   0   0   1   0   0   0
43              0.08879717     0   0   0   0   0   0   0   0   1   0   0
44              0.06602323     0   0   0   0   0   0   0   0   0   1   0
45              0.07861505     0   0   0   0   0   0   0   0   0   0   1
46              0.06819482     0   0   0   0   0   0   0   0   0   0   0
47              0.06879133     0   0   0   0   0   0   0   0   0   0   0
48              0.06937609     0   1   0   0   0   0   0   0   0   0   0
49              0.03542764     0   0   1   0   0   0   0   0   0   0   0
50              0.07849205     0   0   0   1   0   0   0   0   0   0   0
51              0.05112829     0   0   0   0   1   0   0   0   0   0   0
52              0.04431433     0   0   0   0   0   1   0   0   0   0   0
53              0.03389257     0   0   0   0   0   0   1   0   0   0   0
54              0.03843642     0   0   0   0   0   0   0   1   0   0   0
55              0.05041760     0   0   0   0   0   0   0   0   1   0   0
56              0.02896168     0   0   0   0   0   0   0   0   0   1   0
57              0.04915587     0   0   0   0   0   0   0   0   0   0   1
58              0.03059615     0   0   0   0   0   0   0   0   0   0   0
59              0.04330825     0   0   0   0   0   0   0   0   0   0   0
60              0.03585464     0   1   0   0   0   0   0   0   0   0   0


attr(,"class")
[1] "lpirfs_lin_obj"
