[1] "war"                  "djn level estimation"
                   1             2             3             4             5             6
AIC(n) -2.692238e+01 -2.745676e+01 -2.747102e+01 -2.807691e+01 -2.908232e+01 -3.012468e+01
HQ(n)  -2.572272e+01 -2.590425e+01 -2.556567e+01 -2.581873e+01 -2.647129e+01 -2.716080e+01
SC(n)  -2.382014e+01 -2.344209e+01 -2.254393e+01 -2.223740e+01 -2.233038e+01 -2.246031e+01
FPE(n)  2.254952e-12  1.507956e-12  1.865423e-12  1.474021e-12  9.787383e-13  9.220002e-13
                   1             2             3             4             5             6
AIC(n) -2.692238e+01 -2.745676e+01 -2.747102e+01 -2.807691e+01 -2.908232e+01 -3.012468e+01
HQ(n)  -2.572272e+01 -2.590425e+01 -2.556567e+01 -2.581873e+01 -2.647129e+01 -2.716080e+01
SC(n)  -2.382014e+01 -2.344209e+01 -2.254393e+01 -2.223740e+01 -2.233038e+01 -2.246031e+01
FPE(n)  2.254952e-12  1.507956e-12  1.865423e-12  1.474021e-12  9.787383e-13  9.220002e-13
$irf_lin_mean
, , 1

             [,1]        [,2]         [,3]          [,4]         [,5]         [,6]         [,7]          [,8]         [,9]
[1,]  0.009854146 0.006213640  0.002156806  0.0001372422 -0.001257478 -0.002120055 -0.002861571 -0.0031591074 -0.002599822
[2,]  0.065580945 0.078631091  0.074866380  0.0646404630  0.029636327 -0.024458757 -0.055720639 -0.0322749072 -0.077715692
[3,]  0.006640857 0.033356942  0.025488712  0.0107892823 -0.023481167 -0.073123413 -0.053974324 -0.0270203198 -0.008169999
[4,]  0.010001731 0.003783623  0.004923778  0.0054327867 -0.005505671 -0.006566335 -0.005329306 -0.0017915517 -0.005207488
[5,] -0.002393187 0.023103112 -0.002204645 -0.0034127462 -0.004592001 -0.013114679 -0.001773528 -0.0005616135 -0.005479640
            [,10]         [,11]        [,12]       [,13]
[1,] -0.001426454 -0.0009106721 -0.004713463 -0.00744249
[2,] -0.085670129 -0.0665192666 -0.099612679  0.06383193
[3,] -0.005230843 -0.0056832515  0.030201311  0.05826698
[4,] -0.005497001 -0.0005013600 -0.003576800 -0.02326428
[5,]  0.002042749  0.0029764451 -0.013394319 -0.11644987

, , 2

             [,1]          [,2]         [,3]         [,4]         [,5]         [,6]          [,7]          [,8]
[1,]  0.000000000  9.556298e-05  0.000894157  0.001887382  0.003360107  0.002191119 -0.0004536936 -0.0004908014
[2,]  0.176367995  1.179119e-01  0.054022701  0.036821473  0.069781284  0.045227902 -0.0269759509 -0.0338206815
[3,]  0.068808667  2.437655e-02 -0.020964533 -0.020625730  0.017657780 -0.002359270 -0.0205361669 -0.0483692292
[4,]  0.005787084 -1.745514e-03 -0.006020527 -0.003124298 -0.001041454 -0.001698813 -0.0066828666 -0.0049176484
[5,] -0.026833884 -2.121476e-04  0.001920294 -0.012915334 -0.004337988  0.007230191 -0.0075084923 -0.0152090492
              [,9]        [,10]        [,11]        [,12]        [,13]
[1,]  0.0005294248  0.002669864 -0.002290624 -0.006818095 -0.007048523
[2,] -0.0532693324 -0.052919034 -0.075414522 -0.086354829 -0.101823639
[3,] -0.0787849960 -0.092864328 -0.055507988 -0.015237467 -0.033912546
[4,] -0.0052368713 -0.009716382 -0.005884596 -0.004979690 -0.007365166
[5,]  0.0038671792 -0.008809958  0.007157908  0.001752169 -0.013656706

, , 3

             [,1]          [,2]         [,3]          [,4]         [,5]         [,6]        [,7]        [,8]          [,9]
[1,]  0.000000000 -0.0004095248 -0.001604534  0.0002828479  0.002095271  0.005551482 0.009572996 0.004923203  0.0009211086
[2,]  0.000000000  0.0662988537  0.031448225  0.0624406141  0.041248763  0.069905704 0.142272288 0.077265729  0.0730440943
[3,]  0.135951228  0.0873294254  0.051502897  0.0109922050 -0.014785554  0.011868508 0.043583848 0.074770499  0.0486681159
[4,] -0.001729241  0.0069644577  0.004576826  0.0058480399  0.008665290  0.005668176 0.013136633 0.010320281  0.0086308074
[5,] -0.007936275  0.0056893768 -0.003640264 -0.0009402794  0.012043412 -0.004987464 0.030652632 0.040334974 -0.0047848814
             [,10]        [,11]        [,12]         [,13]
[1,] -0.0008929571  0.001786839  0.001120004 -0.0004128385
[2,]  0.0519197438  0.069734559  0.004680510 -0.0146444429
[3,]  0.0294571593 -0.052995591 -0.108027692 -0.0694263520
[4,]  0.0050481598 -0.002894290 -0.008201618 -0.0096331627
[5,] -0.0099281363 -0.033964195 -0.007869647 -0.0158311020

, , 4

           [,1]          [,2]          [,3]         [,4]          [,5]         [,6]          [,7]          [,8]
[1,] 0.00000000  0.0002064188  0.0009314894  0.001682112  0.0026190641  0.001942740 -0.0008320838 -0.0020269829
[2,] 0.00000000 -0.0185129761  0.0073603918 -0.019395104  0.0270606029  0.038471618  0.0119892132 -0.0015513325
[3,] 0.00000000  0.0018922025 -0.0156404250 -0.023792400  0.0102018564  0.032471966  0.0428793843 -0.0004458653
[4,] 0.02589895  0.0078335290 -0.0042865707 -0.003530083 -0.0008575263  0.002659586  0.0021374092  0.0076800550
[5,] 0.05766090  0.0100150686 -0.0173104131  0.007393679 -0.0045455469 -0.005908730 -0.0024081885  0.0090953208
              [,9]        [,10]        [,11]       [,12]        [,13]
[1,] -0.0008804616  0.002296111  0.004035823 0.003661492  0.001410053
[2,] -0.0232366992 -0.006383072  0.005738389 0.070610351  0.085355272
[3,] -0.0286628516 -0.056216797 -0.020044799 0.028997111  0.067710312
[4,]  0.0038433398  0.002532279  0.005717354 0.002122104 -0.006350742
[5,]  0.0060288100  0.006123756  0.024620883 0.004625370 -0.026266886

, , 5

           [,1]          [,2]          [,3]          [,4]          [,5]          [,6]         [,7]         [,8]
[1,] 0.00000000 -0.0003286919 -0.0005830284 -8.420044e-06 -0.0002462423 -0.0002619335  0.001268015  0.001930492
[2,] 0.00000000 -0.0484261459  0.0297785484  1.474465e-02 -0.0579862446 -0.0766209004 -0.005185916 -0.039386580
[3,] 0.00000000 -0.0066767200  0.0407594801  2.596314e-03 -0.0656464194 -0.0275268041 -0.004970177  0.003269574
[4,] 0.00000000  0.0029393305  0.0019838705 -3.107864e-03 -0.0027901939 -0.0005124621  0.009646258  0.002195725
[5,] 0.09427448 -0.0177531540 -0.0240542078  1.180022e-02 -0.0023369602  0.0085909149  0.007637425  0.004374855
              [,9]        [,10]        [,11]         [,12]         [,13]
[1,]  0.0002047195 -0.003585892 -0.002323881  0.0007810614  0.0004749739
[2,] -0.0171849353 -0.025266871  0.001576715  0.0061059298  0.0115828045
[3,]  0.0151377266  0.011048733  0.015388022 -0.0130170396  0.0255459988
[4,] -0.0013712710  0.005525535  0.001650860  0.0018882377 -0.0041148730
[5,]  0.0095444699  0.001446094 -0.011824958  0.0051517880 -0.0236125110


$irf_lin_low
, , 1

             [,1]         [,2]         [,3]         [,4]         [,5]         [,6]         [,7]         [,8]         [,9]
[1,]  0.009854146  0.001951537 -0.002004932 -0.004920301 -0.007773387 -0.006794431 -0.006248565 -0.005837368 -0.006327221
[2,]  0.065580945  0.019367506 -0.011420086 -0.039378240 -0.076636180 -0.133947428 -0.154931472 -0.131015596 -0.165961005
[3,]  0.006640857 -0.016962825 -0.034426153 -0.059013461 -0.083494800 -0.120245182 -0.109097109 -0.076559747 -0.064913150
[4,]  0.010001731 -0.005248553 -0.005503303 -0.003549498 -0.013873107 -0.016473096 -0.012630452 -0.010075771 -0.013079689
[5,] -0.002393187 -0.017048572 -0.025490034 -0.024148479 -0.020786969 -0.042997760 -0.024562120 -0.036273278 -0.025328201
           [,10]        [,11]       [,12]       [,13]
[1,] -0.00627676 -0.005719907 -0.01027989 -0.01561631
[2,] -0.15863237 -0.142169989 -0.21773093 -0.11275635
[3,] -0.07338835 -0.073335388 -0.06019258 -0.04855194
[4,] -0.01792211 -0.013916440 -0.02093524 -0.05337789
[5,] -0.01684362 -0.042386622 -0.06426482 -0.21285389

, , 2

             [,1]         [,2]         [,3]         [,4]         [,5]         [,6]         [,7]         [,8]         [,9]
[1,]  0.000000000 -0.002225326 -0.004504405 -0.003223431 -0.001915967 -0.001429198 -0.005675233 -0.003411386 -0.002320076
[2,]  0.176367995  0.064160151 -0.042869780 -0.074836926 -0.046567285 -0.062443291 -0.109837403 -0.124919736 -0.141234654
[3,]  0.068808667 -0.032853961 -0.089894139 -0.099152269 -0.049517315 -0.048203299 -0.065613991 -0.111743280 -0.156690669
[4,]  0.005787084 -0.008895828 -0.015438550 -0.012182517 -0.010391839 -0.011088023 -0.015688857 -0.017759217 -0.015398444
[5,] -0.026833884 -0.021710921 -0.022116096 -0.034600746 -0.021638390 -0.026250961 -0.035284136 -0.077789988 -0.018050491
             [,10]        [,11]       [,12]       [,13]
[1,] -0.0006497393 -0.006816201 -0.01064820 -0.01012197
[2,] -0.1312094322 -0.143100129 -0.18045596 -0.17155027
[3,] -0.1592131472 -0.125406966 -0.07546633 -0.08597182
[4,] -0.0207280234 -0.021346845 -0.01876452 -0.01921332
[5,] -0.0287683796 -0.040653179 -0.04352559 -0.04051891

, , 3

             [,1]          [,2]         [,3]          [,4]          [,5]          [,6]        [,7]          [,8]
[1,]  0.000000000 -0.0019906875 -0.005135807 -0.0015639973  0.0009893287  0.0029813314 0.004284050  0.0018917898
[2,]  0.000000000  0.0436623284 -0.024823800  0.0153405320 -0.0109915437  0.0230530480 0.094665754  0.0120036342
[3,]  0.135951228  0.0564182947  0.019387983 -0.0204877922 -0.0374862724 -0.0039362321 0.021320166  0.0362891351
[4,] -0.001729241  0.0029602274 -0.002043230 -0.0001986696  0.0042538785  0.0005062037 0.004726221 -0.0006115017
[5,] -0.007936275 -0.0002438627 -0.021249456 -0.0135820962  0.0019084501 -0.0168959472 0.002421000 -0.0043306152
              [,9]         [,10]         [,11]         [,12]        [,13]
[1,] -1.816042e-05 -0.0020218222  0.0003735971  0.0001340506 -0.001412065
[2,]  1.431008e-02  0.0105664318  0.0398808065 -0.0446971669 -0.066129188
[3,]  3.066236e-03  0.0040332805 -0.0873302327 -0.1407965961 -0.114740137
[4,]  7.843470e-04  0.0001327479 -0.0114338676 -0.0147573353 -0.013789453
[5,] -1.630289e-02 -0.0206902909 -0.0637843286 -0.0259342818 -0.026384898

, , 4

           [,1]         [,2]         [,3]         [,4]         [,5]         [,6]         [,7]         [,8]         [,9]
[1,] 0.00000000 -0.001952036 -0.002195599 -0.001910157 -0.002759008 -0.002482967 -0.004147385 -0.005544445 -0.004377332
[2,] 0.00000000 -0.058996636 -0.059307931 -0.110146588 -0.048415689 -0.051563596 -0.085948961 -0.088449325 -0.103742378
[3,] 0.00000000 -0.042271013 -0.060630155 -0.086801357 -0.045075172 -0.013244660 -0.006928610 -0.040353931 -0.062111153
[4,] 0.02589895 -0.001555258 -0.015293153 -0.014819472 -0.006667024 -0.005790977 -0.007057538 -0.001409171 -0.004407494
[5,] 0.05766090 -0.033091330 -0.044148200 -0.011584818 -0.019632083 -0.022129318 -0.029038436 -0.017229825 -0.011453829
            [,10]        [,11]         [,12]        [,13]
[1,] -0.004050003 -0.002678163 -0.0005896004 -0.003341076
[2,] -0.060071989 -0.057353084 -0.0027676698 -0.021878226
[3,] -0.117150947 -0.078109584 -0.0160391900 -0.012637649
[4,] -0.013244220 -0.004870240 -0.0059529576 -0.024210728
[5,] -0.024022874 -0.026728816 -0.0229824827 -0.067524795

, , 5

           [,1]         [,2]         [,3]         [,4]         [,5]         [,6]          [,7]          [,8]          [,9]
[1,] 0.00000000 -0.001486232 -0.002043256 -0.001375055 -0.002141865 -0.001908854 -0.0004265199  0.0004586746 -0.0008037163
[2,] 0.00000000 -0.070716014 -0.007340879 -0.022278238 -0.094967439 -0.118285692 -0.0627042082 -0.0784343874 -0.0480201103
[3,] 0.00000000 -0.027119361  0.015192939 -0.026462770 -0.088133498 -0.046302610 -0.0295195685 -0.0131244823 -0.0010231770
[4,] 0.00000000 -0.003325672 -0.005264716 -0.009057407 -0.005084697 -0.005029635  0.0049450174 -0.0021811424 -0.0064559169
[5,] 0.09427448 -0.048011512 -0.043591469  0.004006447 -0.008596874  0.001604580 -0.0096109915 -0.0049237583 -0.0007684325
             [,10]        [,11]         [,12]        [,13]
[1,] -6.404651e-03 -0.005191990 -0.0005969379 -0.001196422
[2,] -5.126504e-02 -0.023843378 -0.0228920720 -0.040709555
[3,] -3.146127e-03 -0.006715661 -0.0408985471 -0.007430021
[4,]  2.785325e-05 -0.001953910 -0.0022965238 -0.013575938
[5,] -9.864046e-03 -0.029453218 -0.0074911809 -0.056688620


$irf_lin_up
, , 1

             [,1]       [,2]        [,3]        [,4]        [,5]         [,6]         [,7]          [,8]        [,9]
[1,]  0.009854146 0.01047574 0.006318543 0.005194785 0.005258430  0.002554322 0.0005254236 -0.0004808472 0.001127576
[2,]  0.065580945 0.13789468 0.161152846 0.168659166 0.135908835  0.085029913 0.0434901931  0.0664657819 0.010529622
[3,]  0.006640857 0.08367671 0.085403578 0.080592026 0.036532465 -0.026001644 0.0011484608  0.0225191078 0.048573152
[4,]  0.010001731 0.01281580 0.015350860 0.014415072 0.002861765  0.003340425 0.0019718394  0.0064926674 0.002664714
[5,] -0.002393187 0.06325480 0.021080743 0.017322986 0.011602967  0.016768403 0.0210150652  0.0351500515 0.014368920
            [,10]       [,11]        [,12]        [,13]
[1,]  0.003423851 0.003898563 0.0008529609  0.000731328
[2,] -0.012707893 0.009131456 0.0185055696  0.240420201
[3,]  0.062926665 0.061968885 0.1205952066  0.165085911
[4,]  0.006928112 0.012913720 0.0137816397  0.006849334
[5,]  0.020929122 0.048339513 0.0374761772 -0.020045851

, , 2

             [,1]        [,2]        [,3]        [,4]        [,5]        [,6]        [,7]        [,8]          [,9]
[1,]  0.000000000 0.002416452 0.006292719 0.006998196 0.008636181 0.005811435 0.004767846 0.002429784  0.0033789254
[2,]  0.176367995 0.171663727 0.150915181 0.148479872 0.186129853 0.152899096 0.055885501 0.057278373  0.0346959894
[3,]  0.068808667 0.081607056 0.047965074 0.057900810 0.084832874 0.043484759 0.024541657 0.015004822 -0.0008793229
[4,]  0.005787084 0.005404801 0.003397496 0.005933921 0.008308932 0.007690398 0.002323124 0.007923920  0.0049247018
[5,] -0.026833884 0.021286625 0.025956684 0.008770078 0.012962414 0.040711343 0.020267151 0.047371889  0.0257848494
            [,10]        [,11]        [,12]        [,13]
[1,]  0.005989467  0.002234953 -0.002987990 -0.003975076
[2,]  0.025371365 -0.007728915  0.007746298 -0.032097012
[3,] -0.026515508  0.014390991  0.044991394  0.018146733
[4,]  0.001295259  0.009577653  0.008805141  0.004482992
[5,]  0.011148464  0.054968995  0.047029925  0.013205498

, , 3

             [,1]        [,2]        [,3]        [,4]        [,5]        [,6]       [,7]        [,8]        [,9]
[1,]  0.000000000 0.001171638 0.001926739 0.002129693 0.003201213 0.008121633 0.01486194 0.007954616 0.001860378
[2,]  0.000000000 0.088935379 0.087720251 0.109540696 0.093489069 0.116758360 0.18987882 0.142527824 0.131778107
[3,]  0.135951228 0.118240556 0.083617811 0.042472202 0.007915165 0.027673248 0.06584753 0.113251863 0.094269996
[4,] -0.001729241 0.010968688 0.011196882 0.011894749 0.013076701 0.010830148 0.02154705 0.021252064 0.016477268
[5,] -0.007936275 0.011622616 0.013968928 0.011701537 0.022178374 0.006921020 0.05888426 0.085000562 0.006733126
            [,10]        [,11]        [,12]         [,13]
[1,] 0.0002359079  0.003200080  0.002105958  0.0005863882
[2,] 0.0932730558  0.099588312  0.054058187  0.0368403021
[3,] 0.0548810381 -0.018660949 -0.075258788 -0.0241125668
[4,] 0.0099635718  0.005645288 -0.001645901 -0.0054768727
[5,] 0.0008340184 -0.004144062  0.010194987 -0.0052773056

, , 4

           [,1]        [,2]        [,3]        [,4]        [,5]        [,6]        [,7]       [,8]        [,9]       [,10]
[1,] 0.00000000 0.002364874 0.004058578 0.005274381 0.007997136 0.006368447 0.002483217 0.00149048 0.002616409 0.008642225
[2,] 0.00000000 0.021970683 0.074028715 0.071356379 0.102536895 0.128506832 0.109927387 0.08534666 0.057268980 0.047305846
[3,] 0.00000000 0.046055418 0.029349305 0.039216557 0.065478884 0.078188592 0.092687378 0.03946220 0.004785450 0.004717354
[4,] 0.02589895 0.017222317 0.006720011 0.007759306 0.004951971 0.011110150 0.011332356 0.01676928 0.012094174 0.018308779
[5,] 0.05766090 0.053121467 0.009527374 0.026372177 0.010540989 0.010311859 0.024222059 0.03542047 0.023511449 0.036270386
          [,11]       [,12]       [,13]
[1,] 0.01074981 0.007912585 0.006161181
[2,] 0.06882986 0.143988372 0.192588770
[3,] 0.03801999 0.074033413 0.148058272
[4,] 0.01630495 0.010197165 0.011509244
[5,] 0.07597058 0.032233222 0.014991023

, , 5

           [,1]          [,2]          [,3]        [,4]          [,5]         [,6]        [,7]          [,8]        [,9]
[1,] 0.00000000  0.0008288485  0.0008771992 0.001358215  0.0016493801  0.001384987 0.002962549  0.0034023094 0.001213155
[2,] 0.00000000 -0.0261362778  0.0668979757 0.051767541 -0.0210050500 -0.034956109 0.052332377 -0.0003387725 0.013650240
[3,] 0.00000000  0.0137659210  0.0663260216 0.031655397 -0.0431593405 -0.008750998 0.019579214  0.0196636295 0.031298630
[4,] 0.00000000  0.0092043335  0.0092324571 0.002841679 -0.0004956909  0.004004711 0.014347498  0.0065725915 0.003713375
[5,] 0.09427448  0.0125052037 -0.0045169464 0.019593994  0.0039229538  0.015577250 0.024885842  0.0136734690 0.019857372
             [,10]       [,11]       [,12]       [,13]
[1,] -0.0007671337 0.000544227 0.002159061 0.002146369
[2,]  0.0007312950 0.026996809 0.035103932 0.063875164
[3,]  0.0252435927 0.037491705 0.014864468 0.058522019
[4,]  0.0110232167 0.005255630 0.006072999 0.005346192
[5,]  0.0127562341 0.005803303 0.017794757 0.009463598


$diagnostic_list
$diagnostic_list$`Shock: war`
$diagnostic_list$`Shock: war`[[1]]
                               R-sqrd. Adj. R-sqrd.   F-stat      p-value
h1:war                       0.5031136   0.31822570 2.721181 4.594275e-03
h1:inflation_expectations_1y 0.6320355   0.49511845 4.616193 3.071231e-05
h1:inflation_expectations_3y 0.4438471   0.23690654 2.144805 2.385724e-02
h1:inflation                 0.3828980   0.15327862 1.667534 9.174366e-02
h1:economic_activity         0.3059524   0.04770214 1.184713 3.177305e-01

$diagnostic_list$`Shock: war`[[2]]
                               R-sqrd. Adj. R-sqrd.    F-stat    p-value
h2:war                       0.2339523  -0.05787537 0.8016796 0.67566638
h2:inflation_expectations_1y 0.3935907   0.16257766 1.7037596 0.08405041
h2:inflation_expectations_3y 0.2642204  -0.01607662 0.9426443 0.53098882
h2:inflation                 0.2370971  -0.05353264 0.8158046 0.66105578
h2:economic_activity         0.2852232   0.01292724 1.0474750 0.43117314

$diagnostic_list$`Shock: war`[[3]]
                                R-sqrd. Adj. R-sqrd.    F-stat   p-value
h3:war                       0.25024536  -0.04234181 0.8552848 0.6201061
h3:inflation_expectations_1y 0.34115465   0.08404427 1.3268801 0.2277165
h3:inflation_expectations_3y 0.08154202  -0.27688060 0.2275024 0.9987964
h3:inflation                 0.17547799  -0.14628670 0.5453612 0.9050579
h3:economic_activity         0.26443164  -0.02261943 0.9212007 0.5527137

$diagnostic_list$`Shock: war`[[4]]
                               R-sqrd. Adj. R-sqrd.    F-stat   p-value
h4:war                       0.3485381  0.087953336 1.3375229 0.2230273
h4:inflation_expectations_1y 0.2821409 -0.005002698 0.9825777 0.4925986
h4:inflation_expectations_3y 0.2615776 -0.033791303 0.8855963 0.5889932
h4:inflation                 0.2118035 -0.103475093 0.6717979 0.8032815
h4:economic_activity         0.2761625 -0.013372517 0.9538138 0.5205163

$diagnostic_list$`Shock: war`[[5]]
                               R-sqrd. Adj. R-sqrd.    F-stat    p-value
h5:war                       0.4635856   0.24351812 2.1065613 0.02924695
h5:inflation_expectations_1y 0.3454733   0.07694956 1.2865652 0.25367160
h5:inflation_expectations_3y 0.4799390   0.26658060 2.2494499 0.01975165
h5:inflation                 0.2100343  -0.11405413 0.6480772 0.82413194
h5:economic_activity         0.2793708  -0.01627196 0.9449607 0.52953751

$diagnostic_list$`Shock: war`[[6]]
                               R-sqrd.  Adj. R-sqrd.    F-stat     p-value
h6:war                       0.5487725  0.3587820206 2.8884207 0.003665113
h6:inflation_expectations_1y 0.4026317  0.1511082485 1.6007719 0.116173691
h6:inflation_expectations_3y 0.4128736  0.1656624238 1.6701253 0.096888973
h6:inflation                 0.2960584 -0.0003380229 0.9988596 0.478111849
h6:economic_activity         0.2397109 -0.0804108148 0.7488118 0.728394979

$diagnostic_list$`Shock: war`[[7]]
                               R-sqrd. Adj. R-sqrd.    F-stat    p-value
h7:war                       0.3651784   0.09066094 1.3302557 0.23100529
h7:inflation_expectations_1y 0.3587753   0.08148889 1.2938799 0.25188371
h7:inflation_expectations_3y 0.4445920   0.20441559 1.8511060 0.06097837
h7:inflation                 0.2197672  -0.11763080 0.6513589 0.82023941
h7:economic_activity         0.1733791  -0.18407863 0.4850338 0.93906086

$diagnostic_list$`Shock: war`[[8]]
                               R-sqrd. Adj. R-sqrd.    F-stat    p-value
h8:war                       0.2668028  -0.05906258 0.8187516 0.65718600
h8:inflation_expectations_1y 0.5059968   0.28643989 2.3046268 0.01872974
h8:inflation_expectations_3y 0.3309884   0.03364986 1.1131702 0.37972916
h8:inflation                 0.2410125  -0.09631521 0.7144759 0.76127633
h8:economic_activity         0.2588938  -0.07048674 0.7860021 0.69041653

$diagnostic_list$`Shock: war`[[9]]
                               R-sqrd. Adj. R-sqrd.    F-stat    p-value
h9:war                       0.3363015   0.03289642 1.1084241 0.38457437
h9:inflation_expectations_1y 0.4935400   0.26201540 2.1316958 0.03048153
h9:inflation_expectations_3y 0.4282884   0.16693452 1.6387298 0.10951108
h9:inflation                 0.2109891  -0.14970161 0.5849585 0.87381109
h9:economic_activity         0.2684156  -0.06602301 0.8025856 0.67340746

$diagnostic_list$`Shock: war`[[10]]
                                R-sqrd. Adj. R-sqrd.    F-stat    p-value
h10:war                       0.4245160   0.15369999 1.5675440 0.13272588
h10:inflation_expectations_1y 0.5100466   0.27948031 2.2121472 0.02552062
h10:inflation_expectations_3y 0.2717757  -0.07091813 0.7930569 0.68278473
h10:inflation                 0.1927796  -0.18708887 0.5074903 0.92531036
h10:economic_activity         0.3235279   0.00518806 1.0162972 0.46449760

$diagnostic_list$`Shock: war`[[11]]
                                R-sqrd. Adj. R-sqrd.    F-stat     p-value
h11:war                       0.5915376   0.39349525 2.9869246 0.003834256
h11:inflation_expectations_1y 0.4871719   0.23852801 1.9593157 0.050253643
h11:inflation_expectations_3y 0.3584068   0.04733124 1.1521535 0.352750638
h11:inflation                 0.2016776  -0.18538786 0.5210426 0.916652054
h11:economic_activity         0.2675318  -0.08760435 0.7533218 0.722062440

$diagnostic_list$`Shock: war`[[12]]
                                R-sqrd. Adj. R-sqrd.    F-stat     p-value
h12:war                       0.5534004  0.330100546 2.4782840 0.014093411
h12:inflation_expectations_1y 0.5915953  0.387392898 2.8971029 0.005077883
h12:inflation_expectations_3y 0.3353584  0.003037633 1.0091407 0.472410414
h12:inflation                 0.3266163 -0.010075555 0.9700748 0.508322741
h12:economic_activity         0.4491797  0.173769616 1.6309485 0.116736658


$diagnostic_list$`Shock: inflation_expectations_1y`
$diagnostic_list$`Shock: inflation_expectations_1y`[[1]]
                               R-sqrd. Adj. R-sqrd.   F-stat      p-value
h1:war                       0.5031136   0.31822570 2.721181 4.594275e-03
h1:inflation_expectations_1y 0.6320355   0.49511845 4.616193 3.071231e-05
h1:inflation_expectations_3y 0.4438471   0.23690654 2.144805 2.385724e-02
h1:inflation                 0.3828980   0.15327862 1.667534 9.174366e-02
h1:economic_activity         0.3059524   0.04770214 1.184713 3.177305e-01

$diagnostic_list$`Shock: inflation_expectations_1y`[[2]]
                               R-sqrd. Adj. R-sqrd.    F-stat    p-value
h2:war                       0.2339523  -0.05787537 0.8016796 0.67566638
h2:inflation_expectations_1y 0.3935907   0.16257766 1.7037596 0.08405041
h2:inflation_expectations_3y 0.2642204  -0.01607662 0.9426443 0.53098882
h2:inflation                 0.2370971  -0.05353264 0.8158046 0.66105578
h2:economic_activity         0.2852232   0.01292724 1.0474750 0.43117314

$diagnostic_list$`Shock: inflation_expectations_1y`[[3]]
                                R-sqrd. Adj. R-sqrd.    F-stat   p-value
h3:war                       0.25024536  -0.04234181 0.8552848 0.6201061
h3:inflation_expectations_1y 0.34115465   0.08404427 1.3268801 0.2277165
h3:inflation_expectations_3y 0.08154202  -0.27688060 0.2275024 0.9987964
h3:inflation                 0.17547799  -0.14628670 0.5453612 0.9050579
h3:economic_activity         0.26443164  -0.02261943 0.9212007 0.5527137

$diagnostic_list$`Shock: inflation_expectations_1y`[[4]]
                               R-sqrd. Adj. R-sqrd.    F-stat   p-value
h4:war                       0.3485381  0.087953336 1.3375229 0.2230273
h4:inflation_expectations_1y 0.2821409 -0.005002698 0.9825777 0.4925986
h4:inflation_expectations_3y 0.2615776 -0.033791303 0.8855963 0.5889932
h4:inflation                 0.2118035 -0.103475093 0.6717979 0.8032815
h4:economic_activity         0.2761625 -0.013372517 0.9538138 0.5205163

$diagnostic_list$`Shock: inflation_expectations_1y`[[5]]
                               R-sqrd. Adj. R-sqrd.    F-stat    p-value
h5:war                       0.4635856   0.24351812 2.1065613 0.02924695
h5:inflation_expectations_1y 0.3454733   0.07694956 1.2865652 0.25367160
h5:inflation_expectations_3y 0.4799390   0.26658060 2.2494499 0.01975165
h5:inflation                 0.2100343  -0.11405413 0.6480772 0.82413194
h5:economic_activity         0.2793708  -0.01627196 0.9449607 0.52953751

$diagnostic_list$`Shock: inflation_expectations_1y`[[6]]
                               R-sqrd.  Adj. R-sqrd.    F-stat     p-value
h6:war                       0.5487725  0.3587820206 2.8884207 0.003665113
h6:inflation_expectations_1y 0.4026317  0.1511082485 1.6007719 0.116173691
h6:inflation_expectations_3y 0.4128736  0.1656624238 1.6701253 0.096888973
h6:inflation                 0.2960584 -0.0003380229 0.9988596 0.478111849
h6:economic_activity         0.2397109 -0.0804108148 0.7488118 0.728394979

$diagnostic_list$`Shock: inflation_expectations_1y`[[7]]
                               R-sqrd. Adj. R-sqrd.    F-stat    p-value
h7:war                       0.3651784   0.09066094 1.3302557 0.23100529
h7:inflation_expectations_1y 0.3587753   0.08148889 1.2938799 0.25188371
h7:inflation_expectations_3y 0.4445920   0.20441559 1.8511060 0.06097837
h7:inflation                 0.2197672  -0.11763080 0.6513589 0.82023941
h7:economic_activity         0.1733791  -0.18407863 0.4850338 0.93906086

$diagnostic_list$`Shock: inflation_expectations_1y`[[8]]
                               R-sqrd. Adj. R-sqrd.    F-stat    p-value
h8:war                       0.2668028  -0.05906258 0.8187516 0.65718600
h8:inflation_expectations_1y 0.5059968   0.28643989 2.3046268 0.01872974
h8:inflation_expectations_3y 0.3309884   0.03364986 1.1131702 0.37972916
h8:inflation                 0.2410125  -0.09631521 0.7144759 0.76127633
h8:economic_activity         0.2588938  -0.07048674 0.7860021 0.69041653

$diagnostic_list$`Shock: inflation_expectations_1y`[[9]]
                               R-sqrd. Adj. R-sqrd.    F-stat    p-value
h9:war                       0.3363015   0.03289642 1.1084241 0.38457437
h9:inflation_expectations_1y 0.4935400   0.26201540 2.1316958 0.03048153
h9:inflation_expectations_3y 0.4282884   0.16693452 1.6387298 0.10951108
h9:inflation                 0.2109891  -0.14970161 0.5849585 0.87381109
h9:economic_activity         0.2684156  -0.06602301 0.8025856 0.67340746

$diagnostic_list$`Shock: inflation_expectations_1y`[[10]]
                                R-sqrd. Adj. R-sqrd.    F-stat    p-value
h10:war                       0.4245160   0.15369999 1.5675440 0.13272588
h10:inflation_expectations_1y 0.5100466   0.27948031 2.2121472 0.02552062
h10:inflation_expectations_3y 0.2717757  -0.07091813 0.7930569 0.68278473
h10:inflation                 0.1927796  -0.18708887 0.5074903 0.92531036
h10:economic_activity         0.3235279   0.00518806 1.0162972 0.46449760

$diagnostic_list$`Shock: inflation_expectations_1y`[[11]]
                                R-sqrd. Adj. R-sqrd.    F-stat     p-value
h11:war                       0.5915376   0.39349525 2.9869246 0.003834256
h11:inflation_expectations_1y 0.4871719   0.23852801 1.9593157 0.050253643
h11:inflation_expectations_3y 0.3584068   0.04733124 1.1521535 0.352750638
h11:inflation                 0.2016776  -0.18538786 0.5210426 0.916652054
h11:economic_activity         0.2675318  -0.08760435 0.7533218 0.722062440

$diagnostic_list$`Shock: inflation_expectations_1y`[[12]]
                                R-sqrd. Adj. R-sqrd.    F-stat     p-value
h12:war                       0.5534004  0.330100546 2.4782840 0.014093411
h12:inflation_expectations_1y 0.5915953  0.387392898 2.8971029 0.005077883
h12:inflation_expectations_3y 0.3353584  0.003037633 1.0091407 0.472410414
h12:inflation                 0.3266163 -0.010075555 0.9700748 0.508322741
h12:economic_activity         0.4491797  0.173769616 1.6309485 0.116736658


$diagnostic_list$`Shock: inflation_expectations_3y`
$diagnostic_list$`Shock: inflation_expectations_3y`[[1]]
                               R-sqrd. Adj. R-sqrd.   F-stat      p-value
h1:war                       0.5031136   0.31822570 2.721181 4.594275e-03
h1:inflation_expectations_1y 0.6320355   0.49511845 4.616193 3.071231e-05
h1:inflation_expectations_3y 0.4438471   0.23690654 2.144805 2.385724e-02
h1:inflation                 0.3828980   0.15327862 1.667534 9.174366e-02
h1:economic_activity         0.3059524   0.04770214 1.184713 3.177305e-01

$diagnostic_list$`Shock: inflation_expectations_3y`[[2]]
                               R-sqrd. Adj. R-sqrd.    F-stat    p-value
h2:war                       0.2339523  -0.05787537 0.8016796 0.67566638
h2:inflation_expectations_1y 0.3935907   0.16257766 1.7037596 0.08405041
h2:inflation_expectations_3y 0.2642204  -0.01607662 0.9426443 0.53098882
h2:inflation                 0.2370971  -0.05353264 0.8158046 0.66105578
h2:economic_activity         0.2852232   0.01292724 1.0474750 0.43117314

$diagnostic_list$`Shock: inflation_expectations_3y`[[3]]
                                R-sqrd. Adj. R-sqrd.    F-stat   p-value
h3:war                       0.25024536  -0.04234181 0.8552848 0.6201061
h3:inflation_expectations_1y 0.34115465   0.08404427 1.3268801 0.2277165
h3:inflation_expectations_3y 0.08154202  -0.27688060 0.2275024 0.9987964
h3:inflation                 0.17547799  -0.14628670 0.5453612 0.9050579
h3:economic_activity         0.26443164  -0.02261943 0.9212007 0.5527137

$diagnostic_list$`Shock: inflation_expectations_3y`[[4]]
                               R-sqrd. Adj. R-sqrd.    F-stat   p-value
h4:war                       0.3485381  0.087953336 1.3375229 0.2230273
h4:inflation_expectations_1y 0.2821409 -0.005002698 0.9825777 0.4925986
h4:inflation_expectations_3y 0.2615776 -0.033791303 0.8855963 0.5889932
h4:inflation                 0.2118035 -0.103475093 0.6717979 0.8032815
h4:economic_activity         0.2761625 -0.013372517 0.9538138 0.5205163

$diagnostic_list$`Shock: inflation_expectations_3y`[[5]]
                               R-sqrd. Adj. R-sqrd.    F-stat    p-value
h5:war                       0.4635856   0.24351812 2.1065613 0.02924695
h5:inflation_expectations_1y 0.3454733   0.07694956 1.2865652 0.25367160
h5:inflation_expectations_3y 0.4799390   0.26658060 2.2494499 0.01975165
h5:inflation                 0.2100343  -0.11405413 0.6480772 0.82413194
h5:economic_activity         0.2793708  -0.01627196 0.9449607 0.52953751

$diagnostic_list$`Shock: inflation_expectations_3y`[[6]]
                               R-sqrd.  Adj. R-sqrd.    F-stat     p-value
h6:war                       0.5487725  0.3587820206 2.8884207 0.003665113
h6:inflation_expectations_1y 0.4026317  0.1511082485 1.6007719 0.116173691
h6:inflation_expectations_3y 0.4128736  0.1656624238 1.6701253 0.096888973
h6:inflation                 0.2960584 -0.0003380229 0.9988596 0.478111849
h6:economic_activity         0.2397109 -0.0804108148 0.7488118 0.728394979

$diagnostic_list$`Shock: inflation_expectations_3y`[[7]]
                               R-sqrd. Adj. R-sqrd.    F-stat    p-value
h7:war                       0.3651784   0.09066094 1.3302557 0.23100529
h7:inflation_expectations_1y 0.3587753   0.08148889 1.2938799 0.25188371
h7:inflation_expectations_3y 0.4445920   0.20441559 1.8511060 0.06097837
h7:inflation                 0.2197672  -0.11763080 0.6513589 0.82023941
h7:economic_activity         0.1733791  -0.18407863 0.4850338 0.93906086

$diagnostic_list$`Shock: inflation_expectations_3y`[[8]]
                               R-sqrd. Adj. R-sqrd.    F-stat    p-value
h8:war                       0.2668028  -0.05906258 0.8187516 0.65718600
h8:inflation_expectations_1y 0.5059968   0.28643989 2.3046268 0.01872974
h8:inflation_expectations_3y 0.3309884   0.03364986 1.1131702 0.37972916
h8:inflation                 0.2410125  -0.09631521 0.7144759 0.76127633
h8:economic_activity         0.2588938  -0.07048674 0.7860021 0.69041653

$diagnostic_list$`Shock: inflation_expectations_3y`[[9]]
                               R-sqrd. Adj. R-sqrd.    F-stat    p-value
h9:war                       0.3363015   0.03289642 1.1084241 0.38457437
h9:inflation_expectations_1y 0.4935400   0.26201540 2.1316958 0.03048153
h9:inflation_expectations_3y 0.4282884   0.16693452 1.6387298 0.10951108
h9:inflation                 0.2109891  -0.14970161 0.5849585 0.87381109
h9:economic_activity         0.2684156  -0.06602301 0.8025856 0.67340746

$diagnostic_list$`Shock: inflation_expectations_3y`[[10]]
                                R-sqrd. Adj. R-sqrd.    F-stat    p-value
h10:war                       0.4245160   0.15369999 1.5675440 0.13272588
h10:inflation_expectations_1y 0.5100466   0.27948031 2.2121472 0.02552062
h10:inflation_expectations_3y 0.2717757  -0.07091813 0.7930569 0.68278473
h10:inflation                 0.1927796  -0.18708887 0.5074903 0.92531036
h10:economic_activity         0.3235279   0.00518806 1.0162972 0.46449760

$diagnostic_list$`Shock: inflation_expectations_3y`[[11]]
                                R-sqrd. Adj. R-sqrd.    F-stat     p-value
h11:war                       0.5915376   0.39349525 2.9869246 0.003834256
h11:inflation_expectations_1y 0.4871719   0.23852801 1.9593157 0.050253643
h11:inflation_expectations_3y 0.3584068   0.04733124 1.1521535 0.352750638
h11:inflation                 0.2016776  -0.18538786 0.5210426 0.916652054
h11:economic_activity         0.2675318  -0.08760435 0.7533218 0.722062440

$diagnostic_list$`Shock: inflation_expectations_3y`[[12]]
                                R-sqrd. Adj. R-sqrd.    F-stat     p-value
h12:war                       0.5534004  0.330100546 2.4782840 0.014093411
h12:inflation_expectations_1y 0.5915953  0.387392898 2.8971029 0.005077883
h12:inflation_expectations_3y 0.3353584  0.003037633 1.0091407 0.472410414
h12:inflation                 0.3266163 -0.010075555 0.9700748 0.508322741
h12:economic_activity         0.4491797  0.173769616 1.6309485 0.116736658


$diagnostic_list$`Shock: inflation`
$diagnostic_list$`Shock: inflation`[[1]]
                               R-sqrd. Adj. R-sqrd.   F-stat      p-value
h1:war                       0.5031136   0.31822570 2.721181 4.594275e-03
h1:inflation_expectations_1y 0.6320355   0.49511845 4.616193 3.071231e-05
h1:inflation_expectations_3y 0.4438471   0.23690654 2.144805 2.385724e-02
h1:inflation                 0.3828980   0.15327862 1.667534 9.174366e-02
h1:economic_activity         0.3059524   0.04770214 1.184713 3.177305e-01

$diagnostic_list$`Shock: inflation`[[2]]
                               R-sqrd. Adj. R-sqrd.    F-stat    p-value
h2:war                       0.2339523  -0.05787537 0.8016796 0.67566638
h2:inflation_expectations_1y 0.3935907   0.16257766 1.7037596 0.08405041
h2:inflation_expectations_3y 0.2642204  -0.01607662 0.9426443 0.53098882
h2:inflation                 0.2370971  -0.05353264 0.8158046 0.66105578
h2:economic_activity         0.2852232   0.01292724 1.0474750 0.43117314

$diagnostic_list$`Shock: inflation`[[3]]
                                R-sqrd. Adj. R-sqrd.    F-stat   p-value
h3:war                       0.25024536  -0.04234181 0.8552848 0.6201061
h3:inflation_expectations_1y 0.34115465   0.08404427 1.3268801 0.2277165
h3:inflation_expectations_3y 0.08154202  -0.27688060 0.2275024 0.9987964
h3:inflation                 0.17547799  -0.14628670 0.5453612 0.9050579
h3:economic_activity         0.26443164  -0.02261943 0.9212007 0.5527137

$diagnostic_list$`Shock: inflation`[[4]]
                               R-sqrd. Adj. R-sqrd.    F-stat   p-value
h4:war                       0.3485381  0.087953336 1.3375229 0.2230273
h4:inflation_expectations_1y 0.2821409 -0.005002698 0.9825777 0.4925986
h4:inflation_expectations_3y 0.2615776 -0.033791303 0.8855963 0.5889932
h4:inflation                 0.2118035 -0.103475093 0.6717979 0.8032815
h4:economic_activity         0.2761625 -0.013372517 0.9538138 0.5205163

$diagnostic_list$`Shock: inflation`[[5]]
                               R-sqrd. Adj. R-sqrd.    F-stat    p-value
h5:war                       0.4635856   0.24351812 2.1065613 0.02924695
h5:inflation_expectations_1y 0.3454733   0.07694956 1.2865652 0.25367160
h5:inflation_expectations_3y 0.4799390   0.26658060 2.2494499 0.01975165
h5:inflation                 0.2100343  -0.11405413 0.6480772 0.82413194
h5:economic_activity         0.2793708  -0.01627196 0.9449607 0.52953751

$diagnostic_list$`Shock: inflation`[[6]]
                               R-sqrd.  Adj. R-sqrd.    F-stat     p-value
h6:war                       0.5487725  0.3587820206 2.8884207 0.003665113
h6:inflation_expectations_1y 0.4026317  0.1511082485 1.6007719 0.116173691
h6:inflation_expectations_3y 0.4128736  0.1656624238 1.6701253 0.096888973
h6:inflation                 0.2960584 -0.0003380229 0.9988596 0.478111849
h6:economic_activity         0.2397109 -0.0804108148 0.7488118 0.728394979

$diagnostic_list$`Shock: inflation`[[7]]
                               R-sqrd. Adj. R-sqrd.    F-stat    p-value
h7:war                       0.3651784   0.09066094 1.3302557 0.23100529
h7:inflation_expectations_1y 0.3587753   0.08148889 1.2938799 0.25188371
h7:inflation_expectations_3y 0.4445920   0.20441559 1.8511060 0.06097837
h7:inflation                 0.2197672  -0.11763080 0.6513589 0.82023941
h7:economic_activity         0.1733791  -0.18407863 0.4850338 0.93906086

$diagnostic_list$`Shock: inflation`[[8]]
                               R-sqrd. Adj. R-sqrd.    F-stat    p-value
h8:war                       0.2668028  -0.05906258 0.8187516 0.65718600
h8:inflation_expectations_1y 0.5059968   0.28643989 2.3046268 0.01872974
h8:inflation_expectations_3y 0.3309884   0.03364986 1.1131702 0.37972916
h8:inflation                 0.2410125  -0.09631521 0.7144759 0.76127633
h8:economic_activity         0.2588938  -0.07048674 0.7860021 0.69041653

$diagnostic_list$`Shock: inflation`[[9]]
                               R-sqrd. Adj. R-sqrd.    F-stat    p-value
h9:war                       0.3363015   0.03289642 1.1084241 0.38457437
h9:inflation_expectations_1y 0.4935400   0.26201540 2.1316958 0.03048153
h9:inflation_expectations_3y 0.4282884   0.16693452 1.6387298 0.10951108
h9:inflation                 0.2109891  -0.14970161 0.5849585 0.87381109
h9:economic_activity         0.2684156  -0.06602301 0.8025856 0.67340746

$diagnostic_list$`Shock: inflation`[[10]]
                                R-sqrd. Adj. R-sqrd.    F-stat    p-value
h10:war                       0.4245160   0.15369999 1.5675440 0.13272588
h10:inflation_expectations_1y 0.5100466   0.27948031 2.2121472 0.02552062
h10:inflation_expectations_3y 0.2717757  -0.07091813 0.7930569 0.68278473
h10:inflation                 0.1927796  -0.18708887 0.5074903 0.92531036
h10:economic_activity         0.3235279   0.00518806 1.0162972 0.46449760

$diagnostic_list$`Shock: inflation`[[11]]
                                R-sqrd. Adj. R-sqrd.    F-stat     p-value
h11:war                       0.5915376   0.39349525 2.9869246 0.003834256
h11:inflation_expectations_1y 0.4871719   0.23852801 1.9593157 0.050253643
h11:inflation_expectations_3y 0.3584068   0.04733124 1.1521535 0.352750638
h11:inflation                 0.2016776  -0.18538786 0.5210426 0.916652054
h11:economic_activity         0.2675318  -0.08760435 0.7533218 0.722062440

$diagnostic_list$`Shock: inflation`[[12]]
                                R-sqrd. Adj. R-sqrd.    F-stat     p-value
h12:war                       0.5534004  0.330100546 2.4782840 0.014093411
h12:inflation_expectations_1y 0.5915953  0.387392898 2.8971029 0.005077883
h12:inflation_expectations_3y 0.3353584  0.003037633 1.0091407 0.472410414
h12:inflation                 0.3266163 -0.010075555 0.9700748 0.508322741
h12:economic_activity         0.4491797  0.173769616 1.6309485 0.116736658


$diagnostic_list$`Shock: economic_activity`
$diagnostic_list$`Shock: economic_activity`[[1]]
                               R-sqrd. Adj. R-sqrd.   F-stat      p-value
h1:war                       0.5031136   0.31822570 2.721181 4.594275e-03
h1:inflation_expectations_1y 0.6320355   0.49511845 4.616193 3.071231e-05
h1:inflation_expectations_3y 0.4438471   0.23690654 2.144805 2.385724e-02
h1:inflation                 0.3828980   0.15327862 1.667534 9.174366e-02
h1:economic_activity         0.3059524   0.04770214 1.184713 3.177305e-01

$diagnostic_list$`Shock: economic_activity`[[2]]
                               R-sqrd. Adj. R-sqrd.    F-stat    p-value
h2:war                       0.2339523  -0.05787537 0.8016796 0.67566638
h2:inflation_expectations_1y 0.3935907   0.16257766 1.7037596 0.08405041
h2:inflation_expectations_3y 0.2642204  -0.01607662 0.9426443 0.53098882
h2:inflation                 0.2370971  -0.05353264 0.8158046 0.66105578
h2:economic_activity         0.2852232   0.01292724 1.0474750 0.43117314

$diagnostic_list$`Shock: economic_activity`[[3]]
                                R-sqrd. Adj. R-sqrd.    F-stat   p-value
h3:war                       0.25024536  -0.04234181 0.8552848 0.6201061
h3:inflation_expectations_1y 0.34115465   0.08404427 1.3268801 0.2277165
h3:inflation_expectations_3y 0.08154202  -0.27688060 0.2275024 0.9987964
h3:inflation                 0.17547799  -0.14628670 0.5453612 0.9050579
h3:economic_activity         0.26443164  -0.02261943 0.9212007 0.5527137

$diagnostic_list$`Shock: economic_activity`[[4]]
                               R-sqrd. Adj. R-sqrd.    F-stat   p-value
h4:war                       0.3485381  0.087953336 1.3375229 0.2230273
h4:inflation_expectations_1y 0.2821409 -0.005002698 0.9825777 0.4925986
h4:inflation_expectations_3y 0.2615776 -0.033791303 0.8855963 0.5889932
h4:inflation                 0.2118035 -0.103475093 0.6717979 0.8032815
h4:economic_activity         0.2761625 -0.013372517 0.9538138 0.5205163

$diagnostic_list$`Shock: economic_activity`[[5]]
                               R-sqrd. Adj. R-sqrd.    F-stat    p-value
h5:war                       0.4635856   0.24351812 2.1065613 0.02924695
h5:inflation_expectations_1y 0.3454733   0.07694956 1.2865652 0.25367160
h5:inflation_expectations_3y 0.4799390   0.26658060 2.2494499 0.01975165
h5:inflation                 0.2100343  -0.11405413 0.6480772 0.82413194
h5:economic_activity         0.2793708  -0.01627196 0.9449607 0.52953751

$diagnostic_list$`Shock: economic_activity`[[6]]
                               R-sqrd.  Adj. R-sqrd.    F-stat     p-value
h6:war                       0.5487725  0.3587820206 2.8884207 0.003665113
h6:inflation_expectations_1y 0.4026317  0.1511082485 1.6007719 0.116173691
h6:inflation_expectations_3y 0.4128736  0.1656624238 1.6701253 0.096888973
h6:inflation                 0.2960584 -0.0003380229 0.9988596 0.478111849
h6:economic_activity         0.2397109 -0.0804108148 0.7488118 0.728394979

$diagnostic_list$`Shock: economic_activity`[[7]]
                               R-sqrd. Adj. R-sqrd.    F-stat    p-value
h7:war                       0.3651784   0.09066094 1.3302557 0.23100529
h7:inflation_expectations_1y 0.3587753   0.08148889 1.2938799 0.25188371
h7:inflation_expectations_3y 0.4445920   0.20441559 1.8511060 0.06097837
h7:inflation                 0.2197672  -0.11763080 0.6513589 0.82023941
h7:economic_activity         0.1733791  -0.18407863 0.4850338 0.93906086

$diagnostic_list$`Shock: economic_activity`[[8]]
                               R-sqrd. Adj. R-sqrd.    F-stat    p-value
h8:war                       0.2668028  -0.05906258 0.8187516 0.65718600
h8:inflation_expectations_1y 0.5059968   0.28643989 2.3046268 0.01872974
h8:inflation_expectations_3y 0.3309884   0.03364986 1.1131702 0.37972916
h8:inflation                 0.2410125  -0.09631521 0.7144759 0.76127633
h8:economic_activity         0.2588938  -0.07048674 0.7860021 0.69041653

$diagnostic_list$`Shock: economic_activity`[[9]]
                               R-sqrd. Adj. R-sqrd.    F-stat    p-value
h9:war                       0.3363015   0.03289642 1.1084241 0.38457437
h9:inflation_expectations_1y 0.4935400   0.26201540 2.1316958 0.03048153
h9:inflation_expectations_3y 0.4282884   0.16693452 1.6387298 0.10951108
h9:inflation                 0.2109891  -0.14970161 0.5849585 0.87381109
h9:economic_activity         0.2684156  -0.06602301 0.8025856 0.67340746

$diagnostic_list$`Shock: economic_activity`[[10]]
                                R-sqrd. Adj. R-sqrd.    F-stat    p-value
h10:war                       0.4245160   0.15369999 1.5675440 0.13272588
h10:inflation_expectations_1y 0.5100466   0.27948031 2.2121472 0.02552062
h10:inflation_expectations_3y 0.2717757  -0.07091813 0.7930569 0.68278473
h10:inflation                 0.1927796  -0.18708887 0.5074903 0.92531036
h10:economic_activity         0.3235279   0.00518806 1.0162972 0.46449760

$diagnostic_list$`Shock: economic_activity`[[11]]
                                R-sqrd. Adj. R-sqrd.    F-stat     p-value
h11:war                       0.5915376   0.39349525 2.9869246 0.003834256
h11:inflation_expectations_1y 0.4871719   0.23852801 1.9593157 0.050253643
h11:inflation_expectations_3y 0.3584068   0.04733124 1.1521535 0.352750638
h11:inflation                 0.2016776  -0.18538786 0.5210426 0.916652054
h11:economic_activity         0.2675318  -0.08760435 0.7533218 0.722062440

$diagnostic_list$`Shock: economic_activity`[[12]]
                                R-sqrd. Adj. R-sqrd.    F-stat     p-value
h12:war                       0.5534004  0.330100546 2.4782840 0.014093411
h12:inflation_expectations_1y 0.5915953  0.387392898 2.8971029 0.005077883
h12:inflation_expectations_3y 0.3353584  0.003037633 1.0091407 0.472410414
h12:inflation                 0.3266163 -0.010075555 0.9700748 0.508322741
h12:economic_activity         0.4491797  0.173769616 1.6309485 0.116736658



$specs
$specs$lags_endog_lin
SC(n) 
    1 

$specs$lags_criterion
[1] NaN

$specs$max_lags
[1] NaN

$specs$trend
[1] 0

$specs$shock_type
[1] 0

$specs$confint
[1] 1.65

$specs$hor
[1] 12

$specs$use_nw
[1] TRUE

$specs$nw_prewhite
[1] FALSE

$specs$adjust_se
[1] FALSE

$specs$use_twosls
[1] FALSE

$specs$contemp_data
$specs$contemp_data$dummy
 [1] 0 0 0 0 0 0 0 0 0 0 0 0 0 0 0 0 0 0 0 0 0 0 0 0 0 0 1 1 1 1 0 1 0 1 0 0 0 0 0 0 0 0 0 0 0 0 0 0 0 0 0 0 0 0 0 0 0 0 0 0
[61] 0

$specs$contemp_data$Jan
 [1] 0 0 0 0 0 0 0 0 0 0 0 1 0 0 0 0 0 0 0 0 0 0 0 1 0 0 0 0 0 0 0 0 0 0 0 1 0 0 0 0 0 0 0 0 0 0 0 1 0 0 0 0 0 0 0 0 0 0 0 1
[61] 0

$specs$contemp_data$Feb
 [1] 1 0 0 0 0 0 0 0 0 0 0 0 1 0 0 0 0 0 0 0 0 0 0 0 1 0 0 0 0 0 0 0 0 0 0 0 1 0 0 0 0 0 0 0 0 0 0 0 1 0 0 0 0 0 0 0 0 0 0 0
[61] 1

$specs$contemp_data$Mar
 [1] 0 1 0 0 0 0 0 0 0 0 0 0 0 1 0 0 0 0 0 0 0 0 0 0 0 1 0 0 0 0 0 0 0 0 0 0 0 1 0 0 0 0 0 0 0 0 0 0 0 1 0 0 0 0 0 0 0 0 0 0
[61] 0

$specs$contemp_data$Apr
 [1] 0 0 1 0 0 0 0 0 0 0 0 0 0 0 1 0 0 0 0 0 0 0 0 0 0 0 1 0 0 0 0 0 0 0 0 0 0 0 1 0 0 0 0 0 0 0 0 0 0 0 1 0 0 0 0 0 0 0 0 0
[61] 0

$specs$contemp_data$May
 [1] 0 0 0 1 0 0 0 0 0 0 0 0 0 0 0 1 0 0 0 0 0 0 0 0 0 0 0 1 0 0 0 0 0 0 0 0 0 0 0 1 0 0 0 0 0 0 0 0 0 0 0 1 0 0 0 0 0 0 0 0
[61] 0

$specs$contemp_data$Jun
 [1] 0 0 0 0 1 0 0 0 0 0 0 0 0 0 0 0 1 0 0 0 0 0 0 0 0 0 0 0 1 0 0 0 0 0 0 0 0 0 0 0 1 0 0 0 0 0 0 0 0 0 0 0 1 0 0 0 0 0 0 0
[61] 0

$specs$contemp_data$Jul
 [1] 0 0 0 0 0 1 0 0 0 0 0 0 0 0 0 0 0 1 0 0 0 0 0 0 0 0 0 0 0 1 0 0 0 0 0 0 0 0 0 0 0 1 0 0 0 0 0 0 0 0 0 0 0 1 0 0 0 0 0 0
[61] 0

$specs$contemp_data$Aug
 [1] 0 0 0 0 0 0 1 0 0 0 0 0 0 0 0 0 0 0 1 0 0 0 0 0 0 0 0 0 0 0 1 0 0 0 0 0 0 0 0 0 0 0 1 0 0 0 0 0 0 0 0 0 0 0 1 0 0 0 0 0
[61] 0

$specs$contemp_data$Sep
 [1] 0 0 0 0 0 0 0 1 0 0 0 0 0 0 0 0 0 0 0 1 0 0 0 0 0 0 0 0 0 0 0 1 0 0 0 0 0 0 0 0 0 0 0 1 0 0 0 0 0 0 0 0 0 0 0 1 0 0 0 0
[61] 0

$specs$contemp_data$Oct
 [1] 0 0 0 0 0 0 0 0 1 0 0 0 0 0 0 0 0 0 0 0 1 0 0 0 0 0 0 0 0 0 0 0 1 0 0 0 0 0 0 0 0 0 0 0 1 0 0 0 0 0 0 0 0 0 0 0 1 0 0 0
[61] 0


$specs$model_type
[1] 0

$specs$starts
[1] 1

$specs$ends
[1] 61

$specs$column_names
[1] "war"                       "inflation_expectations_1y" "inflation_expectations_3y" "inflation"                
[5] "economic_activity"        

$specs$endog
[1] 5

$specs$y_lin
             war inflation_expectations_1y inflation_expectations_3y     inflation economic_activity
2   0.0003712881              -0.093069017              -0.116992518  0.0118791283      0.0132147973
3   0.0005583519              -0.179841030              -0.082446768 -0.0180540196      0.0197042191
4  -0.0007965071               0.042644040              -0.009027443  0.0117895324      0.0091204916
5   0.0030327272               0.038628823              -0.004366708  0.0080067127      0.0256060314
6   0.0014112037               0.037587716               0.047957221 -0.0080781182     -0.0008554676
7   0.0008118313               0.042232388              -0.051764649 -0.0091070197      0.0134624669
8  -0.0014207383               0.066831950               0.083116914  0.0035186802      0.0099315901
9   0.0074566958               0.074361879               0.104697282  0.0072325549      0.0093828680
10  0.0009550622               0.097256869               0.129269948  0.0109363479      0.0019638250
11 -0.0004370282               0.090859949               0.040770491 -0.0256428615      0.0024138617
12 -0.0018991498               0.150130443               0.168118070 -0.0087928721     -0.0039597521
13 -0.0025226391               0.154457901               0.190173118 -0.0192514804      0.0121072497
14  0.0010761698               0.016860856               0.023610225  0.0121350319      0.0036954885
15  0.0024971065               0.081748607               0.155708559  0.0254869151      0.0040989018
16  0.0051879770              -0.092583911               0.021248402  0.0315361282      0.0142325513
17  0.0026823667              -0.193230976              -0.043276262 -0.0135380408     -0.0038460784
18 -0.0029374612               0.067156473               0.059606826 -0.0237050248      0.0003874938
19 -0.0006463989               0.028570973               0.007379959  0.0070212946     -0.0030995371
20 -0.0027192834              -0.110390831              -0.043736816 -0.0008099038     -0.0027487440
21 -0.0014190335              -0.009296058              -0.148649219  0.0022449886      0.0100916736
22 -0.0027321490              -0.137446744              -0.128886832  0.0149056931     -0.0068965871
23  0.0012808538              -0.102682542               0.022526063  0.0056048268     -0.0018302030
24 -0.0016706127               0.085885577               0.040433270  0.0166801358     -0.0053688531
25 -0.0041325168               0.052676001               0.034575991 -0.0032142186      0.0092054021
26 -0.0014128993               0.082834189               0.071948279 -0.0143825022      0.0065049140
27 -0.0119135027               0.059890764              -0.139321440 -0.0765488966     -0.1095376270
28 -0.0039677019               0.110803355               0.054336359 -0.1180561839     -0.8013817712
29 -0.0036577487               0.440086455               0.002754213 -0.0394295123      0.1819834628
30  0.0002611155               0.060988570              -0.180594733  0.0227326525      0.1811371292
31 -0.0008668237               0.192429026               0.022748256  0.0290171471     -0.0032090982
32 -0.0018256690               0.215418333               0.210000612  0.0188797606      0.1242242661
33 -0.0002068193               0.090842219              -0.097192097 -0.0081495346      0.0427062365
34 -0.0013610061              -0.176135374              -0.211683475 -0.0273674729      0.0659089440
35 -0.0038331867              -0.189613815              -0.173824252 -0.0169879726      0.0090416110
36 -0.0020449978              -0.309955966              -0.096708136  0.0137622962     -0.0200398947
37 -0.0004444443              -0.438829199              -0.136241740 -0.0175590348      0.0297735978
38 -0.0033952718              -0.586924618              -0.252722198 -0.0022948550      0.0122939477
39 -0.0031729794              -0.640823289              -0.247849266  0.0090208096      0.0224621217
40 -0.0025958436              -0.744269330              -0.328708352  0.0296218439     -0.0027052872
41 -0.0010814571              -0.331977245               0.061289940  0.0278964532      0.0234591779
42 -0.0029339801               0.239203704              -0.036411180  0.0417894154      0.0133334691
43 -0.0049548313               0.051907720               0.062479848 -0.0037102132      0.0466232530
44 -0.0059058345               0.168972059               0.295863311 -0.0101886004      0.0231090359
45 -0.0048428376               0.091561951               0.448800361 -0.0095415708      0.0349689544
46 -0.0046279250               0.244040498               0.439272896  0.0513660931      0.0238252787
47 -0.0038912137               0.420618875               0.227962584  0.0346746044      0.0237066681
48 -0.0047896534               0.265010741               0.220814479  0.0322088457      0.0235842891
49 -0.0019027549              -0.056457642              -0.282966474  0.0093029159     -0.0110638564
50  0.0359176290               0.063072574               0.047559850  0.0216592661      0.0313075917
51  0.0863735089               0.583575145              -0.006092132  0.0594986810      0.0032570089
52  0.0324737461               0.310877420               0.279880828 -0.0193295446     -0.0042385199
53  0.0040683592               0.535617968               0.326312135  0.0475641271     -0.0153374760
54  0.0007425734               0.756444779               0.145136221  0.0829906319     -0.0114672989
55 -0.0102766368               0.249347053              -0.203776953 -0.0724345513     -0.0001570211
56 -0.0103927619              -0.163336671              -0.538329081 -0.0398569237     -0.0222817013
57 -0.0123452209              -0.387472074              -0.287419250 -0.0177631399     -0.0027547779
58 -0.0129512981               0.208077418               0.011815895 -0.0082045127     -0.0219807589
59 -0.0116061330              -0.407923836              -0.001392901 -0.0432906191     -0.0099343622
60 -0.0161193761              -0.539237661               0.094962482 -0.0521834854     -0.0180533987
61 -0.0150617487              -0.472610574              -0.084508752 -0.0042564185     -0.0088103979

$specs$x_lin
       war_lag_1 inflation_expectations_1y_lag_1 inflation_expectations_3y_lag_1 inflation_lag_1 economic_activity_lag_1
2   0.0005575095                    -0.205402860                    -0.218241259    0.0307655897            0.0097286005
3   0.0003712881                    -0.093069017                    -0.116992518    0.0118791283            0.0132147973
4   0.0005583519                    -0.179841030                    -0.082446768   -0.0180540196            0.0197042191
5  -0.0007965071                     0.042644040                    -0.009027443    0.0117895324            0.0091204916
6   0.0030327272                     0.038628823                    -0.004366708    0.0080067127            0.0256060314
7   0.0014112037                     0.037587716                     0.047957221   -0.0080781182           -0.0008554676
8   0.0008118313                     0.042232388                    -0.051764649   -0.0091070197            0.0134624669
9  -0.0014207383                     0.066831950                     0.083116914    0.0035186802            0.0099315901
10  0.0074566958                     0.074361879                     0.104697282    0.0072325549            0.0093828680
11  0.0009550622                     0.097256869                     0.129269948    0.0109363479            0.0019638250
12 -0.0004370282                     0.090859949                     0.040770491   -0.0256428615            0.0024138617
13 -0.0018991498                     0.150130443                     0.168118070   -0.0087928721           -0.0039597521
14 -0.0025226391                     0.154457901                     0.190173118   -0.0192514804            0.0121072497
15  0.0010761698                     0.016860856                     0.023610225    0.0121350319            0.0036954885
16  0.0024971065                     0.081748607                     0.155708559    0.0254869151            0.0040989018
17  0.0051879770                    -0.092583911                     0.021248402    0.0315361282            0.0142325513
18  0.0026823667                    -0.193230976                    -0.043276262   -0.0135380408           -0.0038460784
19 -0.0029374612                     0.067156473                     0.059606826   -0.0237050248            0.0003874938
20 -0.0006463989                     0.028570973                     0.007379959    0.0070212946           -0.0030995371
21 -0.0027192834                    -0.110390831                    -0.043736816   -0.0008099038           -0.0027487440
22 -0.0014190335                    -0.009296058                    -0.148649219    0.0022449886            0.0100916736
23 -0.0027321490                    -0.137446744                    -0.128886832    0.0149056931           -0.0068965871
24  0.0012808538                    -0.102682542                     0.022526063    0.0056048268           -0.0018302030
25 -0.0016706127                     0.085885577                     0.040433270    0.0166801358           -0.0053688531
26 -0.0041325168                     0.052676001                     0.034575991   -0.0032142186            0.0092054021
27 -0.0014128993                     0.082834189                     0.071948279   -0.0143825022            0.0065049140
28 -0.0119135027                     0.059890764                    -0.139321440   -0.0765488966           -0.1095376270
29 -0.0039677019                     0.110803355                     0.054336359   -0.1180561839           -0.8013817712
30 -0.0036577487                     0.440086455                     0.002754213   -0.0394295123            0.1819834628
31  0.0002611155                     0.060988570                    -0.180594733    0.0227326525            0.1811371292
32 -0.0008668237                     0.192429026                     0.022748256    0.0290171471           -0.0032090982
33 -0.0018256690                     0.215418333                     0.210000612    0.0188797606            0.1242242661
34 -0.0002068193                     0.090842219                    -0.097192097   -0.0081495346            0.0427062365
35 -0.0013610061                    -0.176135374                    -0.211683475   -0.0273674729            0.0659089440
36 -0.0038331867                    -0.189613815                    -0.173824252   -0.0169879726            0.0090416110
37 -0.0020449978                    -0.309955966                    -0.096708136    0.0137622962           -0.0200398947
38 -0.0004444443                    -0.438829199                    -0.136241740   -0.0175590348            0.0297735978
39 -0.0033952718                    -0.586924618                    -0.252722198   -0.0022948550            0.0122939477
40 -0.0031729794                    -0.640823289                    -0.247849266    0.0090208096            0.0224621217
41 -0.0025958436                    -0.744269330                    -0.328708352    0.0296218439           -0.0027052872
42 -0.0010814571                    -0.331977245                     0.061289940    0.0278964532            0.0234591779
43 -0.0029339801                     0.239203704                    -0.036411180    0.0417894154            0.0133334691
44 -0.0049548313                     0.051907720                     0.062479848   -0.0037102132            0.0466232530
45 -0.0059058345                     0.168972059                     0.295863311   -0.0101886004            0.0231090359
46 -0.0048428376                     0.091561951                     0.448800361   -0.0095415708            0.0349689544
47 -0.0046279250                     0.244040498                     0.439272896    0.0513660931            0.0238252787
48 -0.0038912137                     0.420618875                     0.227962584    0.0346746044            0.0237066681
49 -0.0047896534                     0.265010741                     0.220814479    0.0322088457            0.0235842891
50 -0.0019027549                    -0.056457642                    -0.282966474    0.0093029159           -0.0110638564
51  0.0359176290                     0.063072574                     0.047559850    0.0216592661            0.0313075917
52  0.0863735089                     0.583575145                    -0.006092132    0.0594986810            0.0032570089
53  0.0324737461                     0.310877420                     0.279880828   -0.0193295446           -0.0042385199
54  0.0040683592                     0.535617968                     0.326312135    0.0475641271           -0.0153374760
55  0.0007425734                     0.756444779                     0.145136221    0.0829906319           -0.0114672989
56 -0.0102766368                     0.249347053                    -0.203776953   -0.0724345513           -0.0001570211
57 -0.0103927619                    -0.163336671                    -0.538329081   -0.0398569237           -0.0222817013
58 -0.0123452209                    -0.387472074                    -0.287419250   -0.0177631399           -0.0027547779
59 -0.0129512981                     0.208077418                     0.011815895   -0.0082045127           -0.0219807589
60 -0.0116061330                    -0.407923836                    -0.001392901   -0.0432906191           -0.0099343622
61 -0.0161193761                    -0.539237661                     0.094962482   -0.0521834854           -0.0180533987
   dummy Jan Feb Mar Apr May Jun Jul Aug Sep Oct
2      0   0   0   1   0   0   0   0   0   0   0
3      0   0   0   0   1   0   0   0   0   0   0
4      0   0   0   0   0   1   0   0   0   0   0
5      0   0   0   0   0   0   1   0   0   0   0
6      0   0   0   0   0   0   0   1   0   0   0
7      0   0   0   0   0   0   0   0   1   0   0
8      0   0   0   0   0   0   0   0   0   1   0
9      0   0   0   0   0   0   0   0   0   0   1
10     0   0   0   0   0   0   0   0   0   0   0
11     0   0   0   0   0   0   0   0   0   0   0
12     0   1   0   0   0   0   0   0   0   0   0
13     0   0   1   0   0   0   0   0   0   0   0
14     0   0   0   1   0   0   0   0   0   0   0
15     0   0   0   0   1   0   0   0   0   0   0
16     0   0   0   0   0   1   0   0   0   0   0
17     0   0   0   0   0   0   1   0   0   0   0
18     0   0   0   0   0   0   0   1   0   0   0
19     0   0   0   0   0   0   0   0   1   0   0
20     0   0   0   0   0   0   0   0   0   1   0
21     0   0   0   0   0   0   0   0   0   0   1
22     0   0   0   0   0   0   0   0   0   0   0
23     0   0   0   0   0   0   0   0   0   0   0
24     0   1   0   0   0   0   0   0   0   0   0
25     0   0   1   0   0   0   0   0   0   0   0
26     0   0   0   1   0   0   0   0   0   0   0
27     1   0   0   0   1   0   0   0   0   0   0
28     1   0   0   0   0   1   0   0   0   0   0
29     1   0   0   0   0   0   1   0   0   0   0
30     1   0   0   0   0   0   0   1   0   0   0
31     0   0   0   0   0   0   0   0   1   0   0
32     1   0   0   0   0   0   0   0   0   1   0
33     0   0   0   0   0   0   0   0   0   0   1
34     1   0   0   0   0   0   0   0   0   0   0
35     0   0   0   0   0   0   0   0   0   0   0
36     0   1   0   0   0   0   0   0   0   0   0
37     0   0   1   0   0   0   0   0   0   0   0
38     0   0   0   1   0   0   0   0   0   0   0
39     0   0   0   0   1   0   0   0   0   0   0
40     0   0   0   0   0   1   0   0   0   0   0
41     0   0   0   0   0   0   1   0   0   0   0
42     0   0   0   0   0   0   0   1   0   0   0
43     0   0   0   0   0   0   0   0   1   0   0
44     0   0   0   0   0   0   0   0   0   1   0
45     0   0   0   0   0   0   0   0   0   0   1
46     0   0   0   0   0   0   0   0   0   0   0
47     0   0   0   0   0   0   0   0   0   0   0
48     0   1   0   0   0   0   0   0   0   0   0
49     0   0   1   0   0   0   0   0   0   0   0
50     0   0   0   1   0   0   0   0   0   0   0
51     0   0   0   0   1   0   0   0   0   0   0
52     0   0   0   0   0   1   0   0   0   0   0
53     0   0   0   0   0   0   1   0   0   0   0
54     0   0   0   0   0   0   0   1   0   0   0
55     0   0   0   0   0   0   0   0   1   0   0
56     0   0   0   0   0   0   0   0   0   1   0
57     0   0   0   0   0   0   0   0   0   0   1
58     0   0   0   0   0   0   0   0   0   0   0
59     0   0   0   0   0   0   0   0   0   0   0
60     0   1   0   0   0   0   0   0   0   0   0
61     0   0   1   0   0   0   0   0   0   0   0


attr(,"class")
[1] "lpirfs_lin_obj"
