[1] "war"                  "djn level estimation"
                   1             2             3             4             5             6
AIC(n) -2.551175e+01 -2.571121e+01 -2.603113e+01 -2.690215e+01 -2.738835e+01 -2.857150e+01
HQ(n)  -2.430432e+01 -2.414865e+01 -2.411345e+01 -2.462934e+01 -2.476042e+01 -2.558843e+01
SC(n)  -2.238095e+01 -2.165957e+01 -2.105867e+01 -2.100886e+01 -2.057424e+01 -2.083656e+01
FPE(n)  9.299196e-12  8.764646e-12  8.108799e-12  5.050412e-12  5.924211e-12  5.359955e-12
                   1             2             3             4             5             6
AIC(n) -2.551175e+01 -2.571121e+01 -2.603113e+01 -2.690215e+01 -2.738835e+01 -2.857150e+01
HQ(n)  -2.430432e+01 -2.414865e+01 -2.411345e+01 -2.462934e+01 -2.476042e+01 -2.558843e+01
SC(n)  -2.238095e+01 -2.165957e+01 -2.105867e+01 -2.100886e+01 -2.057424e+01 -2.083656e+01
FPE(n)  9.299196e-12  8.764646e-12  8.108799e-12  5.050412e-12  5.924211e-12  5.359955e-12
$irf_lin_mean
, , 1

             [,1]         [,2]         [,3]          [,4]          [,5]          [,6]          [,7]          [,8]
[1,]  0.010840101 0.0006975776 -0.003451952 -0.0009654762 -0.0007375842 -0.0003088363 -0.0009938601 -9.874411e-05
[2,]  0.070794644 0.0166329624  0.010915935  0.0620822006  0.0218978321 -0.0443174248 -0.0594670486  7.916362e-02
[3,]  0.003713034 0.0283761864  0.027486210  0.0324160378 -0.0052348849 -0.0855441048 -0.0212768844  2.228333e-02
[4,]  0.009460815 0.0013577631  0.003823631  0.0165660174  0.0037299413 -0.0019068760  0.0005659680  7.451812e-03
[5,] -0.012731244 0.0342067612  0.008532691 -0.0006842523  0.0071352646 -0.0094406682  0.0011973159  3.608293e-03
              [,9]         [,10]         [,11]        [,12]        [,13]
[1,]  0.0002923735 -3.905219e-04 -0.0007944077 -0.001066723  0.002709901
[2,] -0.0254959959 -5.611887e-02 -0.0214764476  0.003412459  0.251605409
[3,]  0.0079048689  1.710220e-02 -0.0271236511  0.019023313 -0.065892022
[4,]  0.0035920725 -4.668715e-03  0.0001957421  0.010783253  0.030680066
[5,] -0.0010607990  7.860231e-06  0.0064083365  0.033842093 -0.072019539

, , 2

             [,1]          [,2]         [,3]          [,4]         [,5]         [,6]          [,7]         [,8]
[1,]  0.000000000 -0.0004655391 -0.001543095  0.0009058758  0.003117290  0.001770511 -0.0001145316  0.000707857
[2,]  0.212761987  0.0450457289 -0.007286949  0.0668145032  0.081530445  0.050614739  0.0397816631  0.026579659
[3,]  0.104554903  0.0024373007 -0.004610165  0.0014626131  0.028997668 -0.007298735  0.0181465085 -0.010927373
[4,]  0.007575251  0.0073940412  0.001637938  0.0079166905  0.010361778  0.009492095  0.0119309179  0.018712010
[5,] -0.017825341  0.0137660871  0.006988779 -0.0031956693 -0.007216286  0.015140780  0.0272743904 -0.004833077
              [,9]        [,10]         [,11]        [,12]         [,13]
[1,]  0.0005850373  0.003623139 -0.0008592906 -0.004890465 -0.0006165095
[2,] -0.0028277310 -0.014509898  0.0097082774 -0.021138783 -0.0658264880
[3,] -0.0113460507 -0.052921017 -0.0184960514 -0.029770596 -0.0593544036
[4,]  0.0134861462  0.011969402  0.0092452028  0.014638053  0.0202897973
[5,]  0.0304652862  0.008572991 -0.0191220557  0.036982285  0.0195682205

, , 3

             [,1]         [,2]         [,3]          [,4]          [,5]         [,6]         [,7]          [,8]         [,9]
[1,]  0.000000000 0.0008838389 -0.003659113 -0.0004294563 -0.0008219016  0.002623859  0.004841598 -0.0008726027 -0.001176307
[2,]  0.000000000 0.1278782025 -0.053188008  0.0434835016 -0.0111267865  0.022726052  0.117920137 -0.0079717497  0.072854676
[3,]  0.169830263 0.0077585718  0.009934799 -0.0220381314 -0.0266089845  0.033166396  0.026218500  0.0791000144 -0.014985120
[4,] -0.003220394 0.0064682716 -0.001984069 -0.0034289260  0.0018439009 -0.005079014  0.004447157  0.0072594064  0.012822582
[5,] -0.003438303 0.0175356498  0.002033070 -0.0086712010  0.0184874529 -0.026260473 -0.008248272  0.0392000717  0.020982609
            [,10]        [,11]         [,12]         [,13]
[1,] -0.002342222  0.003925186  8.956098e-06 -0.0024904378
[2,] -0.011466522  0.130471949 -2.744432e-04  0.0061582267
[3,]  0.062595134 -0.012380173 -4.588156e-02 -0.0100471437
[4,]  0.010555602  0.012294123  6.830206e-03 -0.0002946456
[5,]  0.018005152 -0.008760522  1.260972e-02  0.0119909469

, , 4

           [,1]         [,2]          [,3]          [,4]          [,5]          [,6]          [,7]        [,8]          [,9]
[1,] 0.00000000 -0.000548526 -0.0003345724 -5.573844e-05 -0.0006319708 -0.0001662644 -0.0009543719 -0.00106789 -6.498962e-05
[2,] 0.00000000  0.018226015  0.0285692368 -2.493495e-02 -0.0015664553 -0.0010412789 -0.0048809609 -0.02987367 -1.257451e-02
[3,] 0.00000000 -0.006995846 -0.0167315495 -3.135556e-02 -0.0118931420  0.0164224510  0.0033721921 -0.02218115 -2.536404e-02
[4,] 0.02869523  0.017456291  0.0103814887  6.974714e-03  0.0087693751  0.0103947581  0.0104603223  0.01169105  1.291430e-02
[5,] 0.05441380  0.013314059 -0.0118239311  1.061277e-02  0.0127504729 -0.0048374853 -0.0059849573  0.02234015  6.369266e-03
             [,10]       [,11]        [,12]        [,13]
[1,]  1.247103e-05 0.001999843  0.001290942 -0.002390636
[2,]  1.218230e-02 0.025106539  0.025313875  0.001794861
[3,] -5.904165e-03 0.013256695  0.003047751  0.019766643
[4,]  1.462206e-02 0.017421102  0.008990467 -0.002196747
[5,]  1.352040e-02 0.026487091 -0.007028948 -0.017394279

, , 5

           [,1]          [,2]         [,3]          [,4]          [,5]          [,6]         [,7]        [,8]          [,9]
[1,] 0.00000000 -1.685765e-05 -0.001291919  0.0003943281  0.0001929757 -4.363358e-05 0.0005391011 0.001227394 -0.0006147094
[2,] 0.00000000 -3.105420e-02  0.097734871  0.0220138480 -0.0315752548  3.813879e-04 0.0769660895 0.026237359  0.0466417200
[3,] 0.00000000  2.189808e-02  0.073204413 -0.0145402425 -0.0435126713  3.161938e-02 0.0332507359 0.024033254  0.0186296634
[4,] 0.00000000 -4.670744e-04 -0.002374933 -0.0034061357 -0.0056490746 -4.205005e-03 0.0068193868 0.004004306 -0.0019049764
[5,] 0.09164722 -9.953911e-03 -0.024133294  0.0110029428 -0.0067218099  3.923062e-03 0.0038689324 0.003540250  0.0137055324
             [,10]         [,11]       [,12]         [,13]
[1,] -0.0024087882  0.0016269334 0.002052769 -0.0002720381
[2,] -0.0073411327  0.0553734106 0.051169408  0.0574663077
[3,]  0.0031278210  0.0253023478 0.000881264  0.0362681275
[4,] -0.0004128816  0.0006751103 0.004352385  0.0005597651
[5,]  0.0004780179 -0.0074989431 0.019547556 -0.0284513532


$irf_lin_low
, , 1

             [,1]         [,2]         [,3]         [,4]         [,5]         [,6]         [,7]         [,8]         [,9]
[1,]  0.010840101 -0.004145653 -0.008268942 -0.004069424 -0.004465511 -0.002732077 -0.003671229 -0.002025301 -0.002088799
[2,]  0.070794644 -0.051691469 -0.063969236 -0.017524018 -0.057422431 -0.133053987 -0.134808029  0.006455054 -0.095872488
[3,]  0.003713034 -0.023228445 -0.022232571 -0.033517820 -0.057824714 -0.135053595 -0.084992526 -0.030141869 -0.038100143
[4,]  0.009460815 -0.010557359 -0.007804755  0.008390535 -0.007616234 -0.013032679 -0.009258424 -0.002665799 -0.004200603
[5,] -0.012731244 -0.004352604 -0.015273325 -0.012989029 -0.018461693 -0.042070542 -0.023654740 -0.026008807 -0.015137237
            [,10]        [,11]        [,12]        [,13]
[1,] -0.003966871 -0.005721174 -0.004319653 -0.006766367
[2,] -0.157484658 -0.089706831 -0.160829213  0.118105650
[3,] -0.032398034 -0.096827296 -0.090199469 -0.270544402
[4,] -0.016812393 -0.014711501 -0.009501941  0.004642676
[5,] -0.021061153 -0.036824846 -0.042621097 -0.146412839

, , 2

             [,1]         [,2]         [,3]         [,4]          [,5]         [,6]         [,7]         [,8]         [,9]
[1,]  0.000000000 -0.005561060 -0.005802195 -0.003069925 -3.428595e-03 -0.003549057 -0.004858390 -0.003269264 -0.003720584
[2,]  0.212761987 -0.054449779 -0.104660195 -0.015405748  7.771705e-05 -0.075010241 -0.067451485 -0.097236818 -0.115835885
[3,]  0.104554903 -0.077541533 -0.085560585 -0.080482369 -3.532206e-02 -0.088796093 -0.071919703 -0.104643694 -0.094407138
[4,]  0.007575251 -0.002965235 -0.010211710 -0.005148536 -6.660379e-03 -0.006617405 -0.003432335  0.003716579  0.001784136
[5,] -0.017825341 -0.019693380 -0.025404703 -0.024622904 -5.373468e-02 -0.037292290 -0.024236807 -0.062935976 -0.005108359
            [,10]        [,11]        [,12]        [,13]
[1,] -0.002694005 -0.009263346 -0.009058475 -0.003181954
[2,] -0.166487401 -0.095581062 -0.204176446 -0.162750749
[3,] -0.132309022 -0.101220781 -0.157600073 -0.139828758
[4,] -0.005780736 -0.007344406 -0.002236392  0.001286849
[5,] -0.029359836 -0.077879045 -0.032742766 -0.025585045

, , 3

             [,1]          [,2]         [,3]         [,4]          [,5]          [,6]         [,7]          [,8]
[1,]  0.000000000 -0.0021105259 -0.007160892 -0.002456224 -0.0029984421 -0.0009059265  0.002314304 -0.0031380502
[2,]  0.000000000  0.0863249342 -0.110333737  0.001498988 -0.0533668543 -0.0227592188  0.069237206 -0.0654345854
[3,]  0.169830263 -0.0361830334 -0.027479822 -0.058012122 -0.0585706272 -0.0014567482 -0.013263385  0.0444940064
[4,] -0.003220394  0.0009238601 -0.008791109 -0.010139304 -0.0053545996 -0.0122353870 -0.000979785  0.0009913149
[5,] -0.003438303 -0.0044534109 -0.016982569 -0.027052648  0.0007082157 -0.0569048935 -0.021291944  0.0058740837
             [,9]        [,10]         [,11]         [,12]        [,13]
[1,] -0.002697761 -0.004903494  0.0001441302 -0.0014574244 -0.003682701
[2,]  0.011090401 -0.070607938  0.0745050077 -0.0744093877 -0.062967168
[3,] -0.055128897  0.017143198 -0.0599355964 -0.0943565165 -0.041618504
[4,]  0.003907335  0.004192365  0.0057718993 -0.0009920268 -0.010762570
[5,] -0.002185047 -0.002427419 -0.0236137620 -0.0071263353  0.003009195

, , 4

           [,1]         [,2]         [,3]         [,4]         [,5]         [,6]         [,7]         [,8]         [,9]
[1,] 0.00000000 -0.003660588 -0.004261138 -0.002636885 -0.003451616 -0.002712712 -0.003954782 -0.003592920 -0.002090938
[2,] 0.00000000 -0.054579580 -0.053962950 -0.103305631 -0.060849732 -0.086908933 -0.072287380 -0.104212682 -0.075768367
[3,] 0.00000000 -0.063944468 -0.068250716 -0.080321295 -0.058267783 -0.020826831 -0.034312745 -0.072961750 -0.070370883
[4,] 0.02869523  0.005289687 -0.005165493 -0.003211546 -0.001329627 -0.003107758 -0.002149564  0.002273785  0.004312697
[5,] 0.05441380 -0.020191880 -0.039311165 -0.005582452 -0.009907743 -0.022199213 -0.031033725  0.002236851 -0.010185103
            [,10]        [,11]        [,12]        [,13]
[1,] -0.003565450 -0.002497409 -0.002658054 -0.004785023
[2,] -0.083027038 -0.054324114 -0.114920796 -0.052617383
[3,] -0.064059043 -0.054964426 -0.060062353 -0.057262673
[4,]  0.001815611  0.007136178 -0.002798318 -0.010967700
[5,] -0.012137978 -0.017242154 -0.052798090 -0.060697452

, , 5

           [,1]         [,2]         [,3]          [,4]          [,5]         [,6]          [,7]          [,8]         [,9]
[1,] 0.00000000 -0.001224058 -0.003134124 -0.0005610038 -0.0008024553 -0.001174424 -0.0006473043  0.0002863525 -0.001423837
[2,] 0.00000000 -0.069407791  0.049942430 -0.0124205588 -0.0539990847 -0.031043787  0.0443633586 -0.0082152602  0.016174771
[3,] 0.00000000 -0.010067810  0.051943678 -0.0354833963 -0.0681654356  0.018983086  0.0212788754 -0.0001100711  0.003004756
[4,] 0.00000000 -0.008035694 -0.012896984 -0.0075826084 -0.0091785078 -0.010585547  0.0004714774 -0.0016016078 -0.006797688
[5,] 0.09164722 -0.031635424 -0.044791055  0.0036448571 -0.0117715547 -0.006191293 -0.0101317194 -0.0018054226  0.001556729
            [,10]         [,11]         [,12]        [,13]
[1,] -0.003933344  0.0004229789 -0.0009625348 -0.001759306
[2,] -0.043201559  0.0163011071 -0.0039768023  0.023221536
[3,] -0.034127164 -0.0092354690 -0.0315038125  0.002728353
[4,] -0.005092492 -0.0033287662 -0.0019196105 -0.006664190
[5,] -0.006240150 -0.0233357090 -0.0037428888 -0.067886915


$irf_lin_up
, , 1

             [,1]        [,2]        [,3]        [,4]        [,5]         [,6]        [,7]        [,8]        [,9]
[1,]  0.010840101 0.005540808 0.001365037 0.002138472 0.002990342  0.002114405 0.001683509 0.001827813 0.002673546
[2,]  0.070794644 0.084957394 0.085801105 0.141688419 0.101218095  0.044419138 0.015873932 0.151872196 0.044880497
[3,]  0.003713034 0.079980818 0.077204991 0.098349896 0.047354944 -0.036034614 0.042438757 0.074708523 0.053909881
[4,]  0.009460815 0.013272885 0.015452017 0.024741500 0.015076117  0.009218927 0.010390360 0.017569423 0.011384748
[5,] -0.012731244 0.072766127 0.032338706 0.011620524 0.032732223  0.023189206 0.026049372 0.033225394 0.013015639
           [,10]       [,11]       [,12]       [,13]
[1,] 0.003185827 0.004132358 0.002186206 0.012186169
[2,] 0.045246914 0.046753936 0.167654131 0.385105167
[3,] 0.066602442 0.042579994 0.128246094 0.138760358
[4,] 0.007474962 0.015102986 0.031068446 0.056717456
[5,] 0.021076874 0.049641519 0.110305283 0.002373762

, , 2

             [,1]        [,2]        [,3]        [,4]        [,5]        [,6]        [,7]        [,8]        [,9]
[1,]  0.000000000 0.004629982 0.002716004 0.004881676 0.009663174 0.007090079 0.004629327 0.004684978 0.004890659
[2,]  0.212761987 0.144541237 0.090086297 0.149034754 0.162983173 0.176239719 0.147014811 0.150396136 0.110180423
[3,]  0.104554903 0.082416134 0.076340256 0.083407595 0.093317399 0.074198623 0.108212720 0.082788948 0.071715036
[4,]  0.007575251 0.017753317 0.013487585 0.020981917 0.027383935 0.025601595 0.027294171 0.033707440 0.025188157
[5,] -0.017825341 0.047225554 0.039382261 0.018231566 0.039302106 0.067573850 0.078785588 0.053269822 0.066038931
           [,10]       [,11]         [,12]       [,13]
[1,] 0.009940284 0.007544764 -0.0007224555 0.001948936
[2,] 0.137467605 0.114997617  0.1618988813 0.031097773
[3,] 0.026466989 0.064228678  0.0980588801 0.021119951
[4,] 0.029719541 0.025834811  0.0315124970 0.039292746
[5,] 0.046505819 0.039634933  0.1067073354 0.064721485

, , 3

             [,1]        [,2]          [,3]        [,4]        [,5]        [,6]        [,7]        [,8]         [,9]
[1,]  0.000000000 0.003878204 -0.0001573346 0.001597311 0.001354639 0.006153644 0.007368891 0.001392845 0.0003451458
[2,]  0.000000000 0.169431471  0.0039577217 0.085468016 0.031113281 0.068211323 0.166603069 0.049491086 0.1346189507
[3,]  0.169830263 0.051700177  0.0473494204 0.013935859 0.005352658 0.067789539 0.065700385 0.113706022 0.0251586568
[4,] -0.003220394 0.012012683  0.0048229713 0.003281452 0.009042401 0.002077359 0.009874099 0.013527498 0.0217378284
[5,] -0.003438303 0.039524711  0.0210487091 0.009710246 0.036266690 0.004383948 0.004795400 0.072526060 0.0441502640
            [,10]       [,11]       [,12]        [,13]
[1,] 0.0002190495 0.007706241 0.001475337 -0.001298175
[2,] 0.0476748932 0.186438891 0.073860501  0.075283622
[3,] 0.1080470696 0.035175251 0.002593406  0.021524216
[4,] 0.0169188393 0.018816347 0.014652438  0.010173279
[5,] 0.0384377221 0.006092718 0.032345771  0.020972699

, , 4

           [,1]        [,2]        [,3]        [,4]        [,5]        [,6]        [,7]        [,8]        [,9]       [,10]
[1,] 0.00000000 0.002563536 0.003591993 0.002525408 0.002187674 0.002380184 0.002046039 0.001457141 0.001960959 0.003590392
[2,] 0.00000000 0.091031610 0.111101423 0.053435730 0.057716821 0.084826375 0.062525458 0.044465336 0.050619337 0.107391648
[3,] 0.00000000 0.049952777 0.034787617 0.017610183 0.034481499 0.053671733 0.041057129 0.028599449 0.019642810 0.052250713
[4,] 0.02869523 0.029622895 0.025928470 0.017160975 0.018868377 0.023897274 0.023070208 0.021108318 0.021515910 0.027428501
[5,] 0.05441380 0.046819997 0.015663303 0.026807994 0.035408689 0.012524243 0.019063811 0.042443449 0.022923635 0.039178777
           [,11]       [,12]        [,13]
[1,] 0.006497096 0.005239938 3.750989e-06
[2,] 0.104537193 0.165548547 5.620711e-02
[3,] 0.081477817 0.066157856 9.679596e-02
[4,] 0.027706026 0.020779251 6.574206e-03
[5,] 0.070216336 0.038740194 2.590889e-02

, , 5

           [,1]        [,2]          [,3]        [,4]         [,5]        [,6]        [,7]        [,8]         [,9]
[1,] 0.00000000 0.001190342  0.0005502867 0.001349660  0.001188407 0.001087157 0.001725507 0.002168435 0.0001944184
[2,] 0.00000000 0.007299384  0.1455273115 0.056448255 -0.009151425 0.031806563 0.109568820 0.060689979 0.0771086685
[3,] 0.00000000 0.053863961  0.0944651486 0.006402911 -0.018859907 0.044255677 0.045222596 0.048176578 0.0342545706
[4,] 0.00000000 0.007101545  0.0081471180 0.000770337 -0.002119641 0.002175537 0.013167296 0.009610220 0.0029877355
[5,] 0.09164722 0.011727601 -0.0034755329 0.018361029 -0.001672065 0.014037418 0.017869584 0.008885924 0.0258543354
             [,10]       [,11]       [,12]      [,13]
[1,] -0.0008842328 0.002830888 0.005068073 0.00121523
[2,]  0.0285192933 0.094445714 0.106315619 0.09171108
[3,]  0.0403828061 0.059840165 0.033266341 0.06980790
[4,]  0.0042667292 0.004678987 0.010624380 0.00778372
[5,]  0.0071961856 0.008337823 0.042838000 0.01098421


$diagnostic_list
$diagnostic_list$`Shock: war`
$diagnostic_list$`Shock: war`[[1]]
                               R-sqrd. Adj. R-sqrd.    F-stat     p-value
h1:war                       0.1859412   -0.1241765 0.5995827 0.866032706
h1:inflation_expectations_1y 0.3545119    0.1086117 1.4416900 0.169328352
h1:inflation_expectations_3y 0.1536989   -0.1687015 0.4767329 0.945060327
h1:inflation                 0.5191151    0.3359209 2.8336870 0.003496085
h1:economic_activity         0.3635014    0.1210257 1.4991252 0.145769290

$diagnostic_list$`Shock: war`[[2]]
                               R-sqrd.  Adj. R-sqrd.    F-stat   p-value
h2:war                       0.3796247  0.1375269982 1.5680641 0.1225889
h2:inflation_expectations_1y 0.3150830  0.0477983733 1.1788295 0.3239398
h2:inflation_expectations_3y 0.2850112  0.0059911149 1.0214720 0.4554736
h2:inflation                 0.2202986 -0.0839750738 0.7240147 0.7539905
h2:economic_activity         0.2807768  0.0001043046 1.0003716 0.4752110

$diagnostic_list$`Shock: war`[[3]]
                               R-sqrd. Adj. R-sqrd.    F-stat   p-value
h3:war                       0.1828054  -0.14407245 0.5592468 0.8951553
h3:inflation_expectations_1y 0.3162278   0.04271888 1.1561883 0.3419650
h3:inflation_expectations_3y 0.1686079  -0.16394898 0.5070047 0.9283326
h3:inflation                 0.3228162   0.05194264 1.1917598 0.3154707
h3:economic_activity         0.3005384   0.02075372 1.0741775 0.4089136

$diagnostic_list$`Shock: war`[[4]]
                               R-sqrd. Adj. R-sqrd.    F-stat   p-value
h4:war                       0.2628652 -0.039549049 0.8692223 0.6057904
h4:inflation_expectations_1y 0.2647431 -0.036900809 0.8776676 0.5971607
h4:inflation_expectations_3y 0.2284305 -0.088110860 0.7216450 0.7555752
h4:inflation                 0.2315332 -0.083735192 0.7344003 0.7430482
h4:economic_activity         0.2935241  0.003687772 1.0127236 0.4646565

$diagnostic_list$`Shock: war`[[5]]
                               R-sqrd. Adj. R-sqrd.    F-stat   p-value
h5:war                       0.1403171  -0.22165462 0.3876466 0.9777032
h5:inflation_expectations_1y 0.2169216  -0.11279559 0.6579020 0.8149327
h5:inflation_expectations_3y 0.3850392   0.12610837 1.4870349 0.1556445
h5:inflation                 0.2949641  -0.00189309 0.9936229 0.4830292
h5:economic_activity         0.2220186  -0.10555250 0.6777723 0.7968711

$diagnostic_list$`Shock: war`[[6]]
                               R-sqrd. Adj. R-sqrd.    F-stat   p-value
h6:war                       0.3346201    0.0468883 1.1629583 0.3398872
h6:inflation_expectations_1y 0.3910364    0.1277008 1.4849356 0.1579209
h6:inflation_expectations_3y 0.1943139   -0.1540909 0.5577244 0.8947684
h6:inflation                 0.2633162   -0.0552497 0.8265675 0.6493524
h6:economic_activity         0.1479918   -0.2204442 0.4016758 0.9733853

$diagnostic_list$`Shock: war`[[7]]
                               R-sqrd. Adj. R-sqrd.    F-stat   p-value
h7:war                       0.2115895  -0.13881510 0.6038434 0.8596862
h7:inflation_expectations_1y 0.3173936   0.01401298 1.0461894 0.4363306
h7:inflation_expectations_3y 0.3175946   0.01430332 1.0471603 0.4354749
h7:inflation                 0.3771559   0.10033629 1.3624609 0.2152258
h7:economic_activity         0.3531159   0.06561187 1.2282120 0.2947409

$diagnostic_list$`Shock: war`[[8]]
                               R-sqrd. Adj. R-sqrd.    F-stat   p-value
h8:war                       0.2038402 -0.160118579 0.5600640 0.8920407
h8:inflation_expectations_1y 0.2236457 -0.131259055 0.6301570 0.8374683
h8:inflation_expectations_3y 0.2430178 -0.103031225 0.7022641 0.7724758
h8:inflation                 0.2859639 -0.040452609 0.8760706 0.5990459
h8:economic_activity         0.3155557  0.002666931 1.0085236 0.4708981

$diagnostic_list$`Shock: war`[[9]]
                               R-sqrd. Adj. R-sqrd.    F-stat   p-value
h9:war                       0.3095156  -0.01541828 0.9525495 0.5239571
h9:inflation_expectations_1y 0.2932216  -0.03937995 0.8816002 0.5935893
h9:inflation_expectations_3y 0.2997610  -0.02976317 0.9096784 0.5656958
h9:inflation                 0.3381985   0.02676257 1.0859328 0.4040297
h9:economic_activity         0.2814466  -0.05669618 0.8323307 0.6431596

$diagnostic_list$`Shock: war`[[10]]
                                R-sqrd. Adj. R-sqrd.    F-stat   p-value
h10:war                       0.2750671  -0.07641558 0.7825907 0.6929963
h10:inflation_expectations_1y 0.3531608   0.03954178 1.1260822 0.3727411
h10:inflation_expectations_3y 0.2562254  -0.10439263 0.7105174 0.7636075
h10:inflation                 0.3340101   0.01110597 1.0343940 0.4491013
h10:economic_activity         0.3100037  -0.02453999 0.9266464 0.5493490

$diagnostic_list$`Shock: war`[[11]]
                                R-sqrd. Adj. R-sqrd.    F-stat   p-value
h11:war                       0.3178063  -0.02329054 0.9317187 0.5447813
h11:inflation_expectations_1y 0.2895283  -0.06570756 0.8150312 0.6602701
h11:inflation_expectations_3y 0.1857145  -0.22142819 0.4561411 0.9508682
h11:inflation                 0.2972562  -0.05411566 0.8459875 0.6292723
h11:economic_activity         0.3603990   0.04059847 1.1269493 0.3732892

$diagnostic_list$`Shock: war`[[12]]
                                R-sqrd. Adj. R-sqrd.    F-stat   p-value
h12:war                       0.2373801  -0.15623010 0.6030843 0.8570924
h12:inflation_expectations_1y 0.3156640  -0.03754169 0.8937115 0.5820293
h12:inflation_expectations_3y 0.2936927  -0.07085300 0.8056403 0.6694398
h12:inflation                 0.3090175  -0.04761866 0.8664783 0.6088723
h12:economic_activity         0.3626552   0.03370308 1.1024559 0.3938521


$diagnostic_list$`Shock: inflation_expectations_1y`
$diagnostic_list$`Shock: inflation_expectations_1y`[[1]]
                               R-sqrd. Adj. R-sqrd.    F-stat     p-value
h1:war                       0.1859412   -0.1241765 0.5995827 0.866032706
h1:inflation_expectations_1y 0.3545119    0.1086117 1.4416900 0.169328352
h1:inflation_expectations_3y 0.1536989   -0.1687015 0.4767329 0.945060327
h1:inflation                 0.5191151    0.3359209 2.8336870 0.003496085
h1:economic_activity         0.3635014    0.1210257 1.4991252 0.145769290

$diagnostic_list$`Shock: inflation_expectations_1y`[[2]]
                               R-sqrd.  Adj. R-sqrd.    F-stat   p-value
h2:war                       0.3796247  0.1375269982 1.5680641 0.1225889
h2:inflation_expectations_1y 0.3150830  0.0477983733 1.1788295 0.3239398
h2:inflation_expectations_3y 0.2850112  0.0059911149 1.0214720 0.4554736
h2:inflation                 0.2202986 -0.0839750738 0.7240147 0.7539905
h2:economic_activity         0.2807768  0.0001043046 1.0003716 0.4752110

$diagnostic_list$`Shock: inflation_expectations_1y`[[3]]
                               R-sqrd. Adj. R-sqrd.    F-stat   p-value
h3:war                       0.1828054  -0.14407245 0.5592468 0.8951553
h3:inflation_expectations_1y 0.3162278   0.04271888 1.1561883 0.3419650
h3:inflation_expectations_3y 0.1686079  -0.16394898 0.5070047 0.9283326
h3:inflation                 0.3228162   0.05194264 1.1917598 0.3154707
h3:economic_activity         0.3005384   0.02075372 1.0741775 0.4089136

$diagnostic_list$`Shock: inflation_expectations_1y`[[4]]
                               R-sqrd. Adj. R-sqrd.    F-stat   p-value
h4:war                       0.2628652 -0.039549049 0.8692223 0.6057904
h4:inflation_expectations_1y 0.2647431 -0.036900809 0.8776676 0.5971607
h4:inflation_expectations_3y 0.2284305 -0.088110860 0.7216450 0.7555752
h4:inflation                 0.2315332 -0.083735192 0.7344003 0.7430482
h4:economic_activity         0.2935241  0.003687772 1.0127236 0.4646565

$diagnostic_list$`Shock: inflation_expectations_1y`[[5]]
                               R-sqrd. Adj. R-sqrd.    F-stat   p-value
h5:war                       0.1403171  -0.22165462 0.3876466 0.9777032
h5:inflation_expectations_1y 0.2169216  -0.11279559 0.6579020 0.8149327
h5:inflation_expectations_3y 0.3850392   0.12610837 1.4870349 0.1556445
h5:inflation                 0.2949641  -0.00189309 0.9936229 0.4830292
h5:economic_activity         0.2220186  -0.10555250 0.6777723 0.7968711

$diagnostic_list$`Shock: inflation_expectations_1y`[[6]]
                               R-sqrd. Adj. R-sqrd.    F-stat   p-value
h6:war                       0.3346201    0.0468883 1.1629583 0.3398872
h6:inflation_expectations_1y 0.3910364    0.1277008 1.4849356 0.1579209
h6:inflation_expectations_3y 0.1943139   -0.1540909 0.5577244 0.8947684
h6:inflation                 0.2633162   -0.0552497 0.8265675 0.6493524
h6:economic_activity         0.1479918   -0.2204442 0.4016758 0.9733853

$diagnostic_list$`Shock: inflation_expectations_1y`[[7]]
                               R-sqrd. Adj. R-sqrd.    F-stat   p-value
h7:war                       0.2115895  -0.13881510 0.6038434 0.8596862
h7:inflation_expectations_1y 0.3173936   0.01401298 1.0461894 0.4363306
h7:inflation_expectations_3y 0.3175946   0.01430332 1.0471603 0.4354749
h7:inflation                 0.3771559   0.10033629 1.3624609 0.2152258
h7:economic_activity         0.3531159   0.06561187 1.2282120 0.2947409

$diagnostic_list$`Shock: inflation_expectations_1y`[[8]]
                               R-sqrd. Adj. R-sqrd.    F-stat   p-value
h8:war                       0.2038402 -0.160118579 0.5600640 0.8920407
h8:inflation_expectations_1y 0.2236457 -0.131259055 0.6301570 0.8374683
h8:inflation_expectations_3y 0.2430178 -0.103031225 0.7022641 0.7724758
h8:inflation                 0.2859639 -0.040452609 0.8760706 0.5990459
h8:economic_activity         0.3155557  0.002666931 1.0085236 0.4708981

$diagnostic_list$`Shock: inflation_expectations_1y`[[9]]
                               R-sqrd. Adj. R-sqrd.    F-stat   p-value
h9:war                       0.3095156  -0.01541828 0.9525495 0.5239571
h9:inflation_expectations_1y 0.2932216  -0.03937995 0.8816002 0.5935893
h9:inflation_expectations_3y 0.2997610  -0.02976317 0.9096784 0.5656958
h9:inflation                 0.3381985   0.02676257 1.0859328 0.4040297
h9:economic_activity         0.2814466  -0.05669618 0.8323307 0.6431596

$diagnostic_list$`Shock: inflation_expectations_1y`[[10]]
                                R-sqrd. Adj. R-sqrd.    F-stat   p-value
h10:war                       0.2750671  -0.07641558 0.7825907 0.6929963
h10:inflation_expectations_1y 0.3531608   0.03954178 1.1260822 0.3727411
h10:inflation_expectations_3y 0.2562254  -0.10439263 0.7105174 0.7636075
h10:inflation                 0.3340101   0.01110597 1.0343940 0.4491013
h10:economic_activity         0.3100037  -0.02453999 0.9266464 0.5493490

$diagnostic_list$`Shock: inflation_expectations_1y`[[11]]
                                R-sqrd. Adj. R-sqrd.    F-stat   p-value
h11:war                       0.3178063  -0.02329054 0.9317187 0.5447813
h11:inflation_expectations_1y 0.2895283  -0.06570756 0.8150312 0.6602701
h11:inflation_expectations_3y 0.1857145  -0.22142819 0.4561411 0.9508682
h11:inflation                 0.2972562  -0.05411566 0.8459875 0.6292723
h11:economic_activity         0.3603990   0.04059847 1.1269493 0.3732892

$diagnostic_list$`Shock: inflation_expectations_1y`[[12]]
                                R-sqrd. Adj. R-sqrd.    F-stat   p-value
h12:war                       0.2373801  -0.15623010 0.6030843 0.8570924
h12:inflation_expectations_1y 0.3156640  -0.03754169 0.8937115 0.5820293
h12:inflation_expectations_3y 0.2936927  -0.07085300 0.8056403 0.6694398
h12:inflation                 0.3090175  -0.04761866 0.8664783 0.6088723
h12:economic_activity         0.3626552   0.03370308 1.1024559 0.3938521


$diagnostic_list$`Shock: inflation_expectations_3y`
$diagnostic_list$`Shock: inflation_expectations_3y`[[1]]
                               R-sqrd. Adj. R-sqrd.    F-stat     p-value
h1:war                       0.1859412   -0.1241765 0.5995827 0.866032706
h1:inflation_expectations_1y 0.3545119    0.1086117 1.4416900 0.169328352
h1:inflation_expectations_3y 0.1536989   -0.1687015 0.4767329 0.945060327
h1:inflation                 0.5191151    0.3359209 2.8336870 0.003496085
h1:economic_activity         0.3635014    0.1210257 1.4991252 0.145769290

$diagnostic_list$`Shock: inflation_expectations_3y`[[2]]
                               R-sqrd.  Adj. R-sqrd.    F-stat   p-value
h2:war                       0.3796247  0.1375269982 1.5680641 0.1225889
h2:inflation_expectations_1y 0.3150830  0.0477983733 1.1788295 0.3239398
h2:inflation_expectations_3y 0.2850112  0.0059911149 1.0214720 0.4554736
h2:inflation                 0.2202986 -0.0839750738 0.7240147 0.7539905
h2:economic_activity         0.2807768  0.0001043046 1.0003716 0.4752110

$diagnostic_list$`Shock: inflation_expectations_3y`[[3]]
                               R-sqrd. Adj. R-sqrd.    F-stat   p-value
h3:war                       0.1828054  -0.14407245 0.5592468 0.8951553
h3:inflation_expectations_1y 0.3162278   0.04271888 1.1561883 0.3419650
h3:inflation_expectations_3y 0.1686079  -0.16394898 0.5070047 0.9283326
h3:inflation                 0.3228162   0.05194264 1.1917598 0.3154707
h3:economic_activity         0.3005384   0.02075372 1.0741775 0.4089136

$diagnostic_list$`Shock: inflation_expectations_3y`[[4]]
                               R-sqrd. Adj. R-sqrd.    F-stat   p-value
h4:war                       0.2628652 -0.039549049 0.8692223 0.6057904
h4:inflation_expectations_1y 0.2647431 -0.036900809 0.8776676 0.5971607
h4:inflation_expectations_3y 0.2284305 -0.088110860 0.7216450 0.7555752
h4:inflation                 0.2315332 -0.083735192 0.7344003 0.7430482
h4:economic_activity         0.2935241  0.003687772 1.0127236 0.4646565

$diagnostic_list$`Shock: inflation_expectations_3y`[[5]]
                               R-sqrd. Adj. R-sqrd.    F-stat   p-value
h5:war                       0.1403171  -0.22165462 0.3876466 0.9777032
h5:inflation_expectations_1y 0.2169216  -0.11279559 0.6579020 0.8149327
h5:inflation_expectations_3y 0.3850392   0.12610837 1.4870349 0.1556445
h5:inflation                 0.2949641  -0.00189309 0.9936229 0.4830292
h5:economic_activity         0.2220186  -0.10555250 0.6777723 0.7968711

$diagnostic_list$`Shock: inflation_expectations_3y`[[6]]
                               R-sqrd. Adj. R-sqrd.    F-stat   p-value
h6:war                       0.3346201    0.0468883 1.1629583 0.3398872
h6:inflation_expectations_1y 0.3910364    0.1277008 1.4849356 0.1579209
h6:inflation_expectations_3y 0.1943139   -0.1540909 0.5577244 0.8947684
h6:inflation                 0.2633162   -0.0552497 0.8265675 0.6493524
h6:economic_activity         0.1479918   -0.2204442 0.4016758 0.9733853

$diagnostic_list$`Shock: inflation_expectations_3y`[[7]]
                               R-sqrd. Adj. R-sqrd.    F-stat   p-value
h7:war                       0.2115895  -0.13881510 0.6038434 0.8596862
h7:inflation_expectations_1y 0.3173936   0.01401298 1.0461894 0.4363306
h7:inflation_expectations_3y 0.3175946   0.01430332 1.0471603 0.4354749
h7:inflation                 0.3771559   0.10033629 1.3624609 0.2152258
h7:economic_activity         0.3531159   0.06561187 1.2282120 0.2947409

$diagnostic_list$`Shock: inflation_expectations_3y`[[8]]
                               R-sqrd. Adj. R-sqrd.    F-stat   p-value
h8:war                       0.2038402 -0.160118579 0.5600640 0.8920407
h8:inflation_expectations_1y 0.2236457 -0.131259055 0.6301570 0.8374683
h8:inflation_expectations_3y 0.2430178 -0.103031225 0.7022641 0.7724758
h8:inflation                 0.2859639 -0.040452609 0.8760706 0.5990459
h8:economic_activity         0.3155557  0.002666931 1.0085236 0.4708981

$diagnostic_list$`Shock: inflation_expectations_3y`[[9]]
                               R-sqrd. Adj. R-sqrd.    F-stat   p-value
h9:war                       0.3095156  -0.01541828 0.9525495 0.5239571
h9:inflation_expectations_1y 0.2932216  -0.03937995 0.8816002 0.5935893
h9:inflation_expectations_3y 0.2997610  -0.02976317 0.9096784 0.5656958
h9:inflation                 0.3381985   0.02676257 1.0859328 0.4040297
h9:economic_activity         0.2814466  -0.05669618 0.8323307 0.6431596

$diagnostic_list$`Shock: inflation_expectations_3y`[[10]]
                                R-sqrd. Adj. R-sqrd.    F-stat   p-value
h10:war                       0.2750671  -0.07641558 0.7825907 0.6929963
h10:inflation_expectations_1y 0.3531608   0.03954178 1.1260822 0.3727411
h10:inflation_expectations_3y 0.2562254  -0.10439263 0.7105174 0.7636075
h10:inflation                 0.3340101   0.01110597 1.0343940 0.4491013
h10:economic_activity         0.3100037  -0.02453999 0.9266464 0.5493490

$diagnostic_list$`Shock: inflation_expectations_3y`[[11]]
                                R-sqrd. Adj. R-sqrd.    F-stat   p-value
h11:war                       0.3178063  -0.02329054 0.9317187 0.5447813
h11:inflation_expectations_1y 0.2895283  -0.06570756 0.8150312 0.6602701
h11:inflation_expectations_3y 0.1857145  -0.22142819 0.4561411 0.9508682
h11:inflation                 0.2972562  -0.05411566 0.8459875 0.6292723
h11:economic_activity         0.3603990   0.04059847 1.1269493 0.3732892

$diagnostic_list$`Shock: inflation_expectations_3y`[[12]]
                                R-sqrd. Adj. R-sqrd.    F-stat   p-value
h12:war                       0.2373801  -0.15623010 0.6030843 0.8570924
h12:inflation_expectations_1y 0.3156640  -0.03754169 0.8937115 0.5820293
h12:inflation_expectations_3y 0.2936927  -0.07085300 0.8056403 0.6694398
h12:inflation                 0.3090175  -0.04761866 0.8664783 0.6088723
h12:economic_activity         0.3626552   0.03370308 1.1024559 0.3938521


$diagnostic_list$`Shock: inflation`
$diagnostic_list$`Shock: inflation`[[1]]
                               R-sqrd. Adj. R-sqrd.    F-stat     p-value
h1:war                       0.1859412   -0.1241765 0.5995827 0.866032706
h1:inflation_expectations_1y 0.3545119    0.1086117 1.4416900 0.169328352
h1:inflation_expectations_3y 0.1536989   -0.1687015 0.4767329 0.945060327
h1:inflation                 0.5191151    0.3359209 2.8336870 0.003496085
h1:economic_activity         0.3635014    0.1210257 1.4991252 0.145769290

$diagnostic_list$`Shock: inflation`[[2]]
                               R-sqrd.  Adj. R-sqrd.    F-stat   p-value
h2:war                       0.3796247  0.1375269982 1.5680641 0.1225889
h2:inflation_expectations_1y 0.3150830  0.0477983733 1.1788295 0.3239398
h2:inflation_expectations_3y 0.2850112  0.0059911149 1.0214720 0.4554736
h2:inflation                 0.2202986 -0.0839750738 0.7240147 0.7539905
h2:economic_activity         0.2807768  0.0001043046 1.0003716 0.4752110

$diagnostic_list$`Shock: inflation`[[3]]
                               R-sqrd. Adj. R-sqrd.    F-stat   p-value
h3:war                       0.1828054  -0.14407245 0.5592468 0.8951553
h3:inflation_expectations_1y 0.3162278   0.04271888 1.1561883 0.3419650
h3:inflation_expectations_3y 0.1686079  -0.16394898 0.5070047 0.9283326
h3:inflation                 0.3228162   0.05194264 1.1917598 0.3154707
h3:economic_activity         0.3005384   0.02075372 1.0741775 0.4089136

$diagnostic_list$`Shock: inflation`[[4]]
                               R-sqrd. Adj. R-sqrd.    F-stat   p-value
h4:war                       0.2628652 -0.039549049 0.8692223 0.6057904
h4:inflation_expectations_1y 0.2647431 -0.036900809 0.8776676 0.5971607
h4:inflation_expectations_3y 0.2284305 -0.088110860 0.7216450 0.7555752
h4:inflation                 0.2315332 -0.083735192 0.7344003 0.7430482
h4:economic_activity         0.2935241  0.003687772 1.0127236 0.4646565

$diagnostic_list$`Shock: inflation`[[5]]
                               R-sqrd. Adj. R-sqrd.    F-stat   p-value
h5:war                       0.1403171  -0.22165462 0.3876466 0.9777032
h5:inflation_expectations_1y 0.2169216  -0.11279559 0.6579020 0.8149327
h5:inflation_expectations_3y 0.3850392   0.12610837 1.4870349 0.1556445
h5:inflation                 0.2949641  -0.00189309 0.9936229 0.4830292
h5:economic_activity         0.2220186  -0.10555250 0.6777723 0.7968711

$diagnostic_list$`Shock: inflation`[[6]]
                               R-sqrd. Adj. R-sqrd.    F-stat   p-value
h6:war                       0.3346201    0.0468883 1.1629583 0.3398872
h6:inflation_expectations_1y 0.3910364    0.1277008 1.4849356 0.1579209
h6:inflation_expectations_3y 0.1943139   -0.1540909 0.5577244 0.8947684
h6:inflation                 0.2633162   -0.0552497 0.8265675 0.6493524
h6:economic_activity         0.1479918   -0.2204442 0.4016758 0.9733853

$diagnostic_list$`Shock: inflation`[[7]]
                               R-sqrd. Adj. R-sqrd.    F-stat   p-value
h7:war                       0.2115895  -0.13881510 0.6038434 0.8596862
h7:inflation_expectations_1y 0.3173936   0.01401298 1.0461894 0.4363306
h7:inflation_expectations_3y 0.3175946   0.01430332 1.0471603 0.4354749
h7:inflation                 0.3771559   0.10033629 1.3624609 0.2152258
h7:economic_activity         0.3531159   0.06561187 1.2282120 0.2947409

$diagnostic_list$`Shock: inflation`[[8]]
                               R-sqrd. Adj. R-sqrd.    F-stat   p-value
h8:war                       0.2038402 -0.160118579 0.5600640 0.8920407
h8:inflation_expectations_1y 0.2236457 -0.131259055 0.6301570 0.8374683
h8:inflation_expectations_3y 0.2430178 -0.103031225 0.7022641 0.7724758
h8:inflation                 0.2859639 -0.040452609 0.8760706 0.5990459
h8:economic_activity         0.3155557  0.002666931 1.0085236 0.4708981

$diagnostic_list$`Shock: inflation`[[9]]
                               R-sqrd. Adj. R-sqrd.    F-stat   p-value
h9:war                       0.3095156  -0.01541828 0.9525495 0.5239571
h9:inflation_expectations_1y 0.2932216  -0.03937995 0.8816002 0.5935893
h9:inflation_expectations_3y 0.2997610  -0.02976317 0.9096784 0.5656958
h9:inflation                 0.3381985   0.02676257 1.0859328 0.4040297
h9:economic_activity         0.2814466  -0.05669618 0.8323307 0.6431596

$diagnostic_list$`Shock: inflation`[[10]]
                                R-sqrd. Adj. R-sqrd.    F-stat   p-value
h10:war                       0.2750671  -0.07641558 0.7825907 0.6929963
h10:inflation_expectations_1y 0.3531608   0.03954178 1.1260822 0.3727411
h10:inflation_expectations_3y 0.2562254  -0.10439263 0.7105174 0.7636075
h10:inflation                 0.3340101   0.01110597 1.0343940 0.4491013
h10:economic_activity         0.3100037  -0.02453999 0.9266464 0.5493490

$diagnostic_list$`Shock: inflation`[[11]]
                                R-sqrd. Adj. R-sqrd.    F-stat   p-value
h11:war                       0.3178063  -0.02329054 0.9317187 0.5447813
h11:inflation_expectations_1y 0.2895283  -0.06570756 0.8150312 0.6602701
h11:inflation_expectations_3y 0.1857145  -0.22142819 0.4561411 0.9508682
h11:inflation                 0.2972562  -0.05411566 0.8459875 0.6292723
h11:economic_activity         0.3603990   0.04059847 1.1269493 0.3732892

$diagnostic_list$`Shock: inflation`[[12]]
                                R-sqrd. Adj. R-sqrd.    F-stat   p-value
h12:war                       0.2373801  -0.15623010 0.6030843 0.8570924
h12:inflation_expectations_1y 0.3156640  -0.03754169 0.8937115 0.5820293
h12:inflation_expectations_3y 0.2936927  -0.07085300 0.8056403 0.6694398
h12:inflation                 0.3090175  -0.04761866 0.8664783 0.6088723
h12:economic_activity         0.3626552   0.03370308 1.1024559 0.3938521


$diagnostic_list$`Shock: economic_activity`
$diagnostic_list$`Shock: economic_activity`[[1]]
                               R-sqrd. Adj. R-sqrd.    F-stat     p-value
h1:war                       0.1859412   -0.1241765 0.5995827 0.866032706
h1:inflation_expectations_1y 0.3545119    0.1086117 1.4416900 0.169328352
h1:inflation_expectations_3y 0.1536989   -0.1687015 0.4767329 0.945060327
h1:inflation                 0.5191151    0.3359209 2.8336870 0.003496085
h1:economic_activity         0.3635014    0.1210257 1.4991252 0.145769290

$diagnostic_list$`Shock: economic_activity`[[2]]
                               R-sqrd.  Adj. R-sqrd.    F-stat   p-value
h2:war                       0.3796247  0.1375269982 1.5680641 0.1225889
h2:inflation_expectations_1y 0.3150830  0.0477983733 1.1788295 0.3239398
h2:inflation_expectations_3y 0.2850112  0.0059911149 1.0214720 0.4554736
h2:inflation                 0.2202986 -0.0839750738 0.7240147 0.7539905
h2:economic_activity         0.2807768  0.0001043046 1.0003716 0.4752110

$diagnostic_list$`Shock: economic_activity`[[3]]
                               R-sqrd. Adj. R-sqrd.    F-stat   p-value
h3:war                       0.1828054  -0.14407245 0.5592468 0.8951553
h3:inflation_expectations_1y 0.3162278   0.04271888 1.1561883 0.3419650
h3:inflation_expectations_3y 0.1686079  -0.16394898 0.5070047 0.9283326
h3:inflation                 0.3228162   0.05194264 1.1917598 0.3154707
h3:economic_activity         0.3005384   0.02075372 1.0741775 0.4089136

$diagnostic_list$`Shock: economic_activity`[[4]]
                               R-sqrd. Adj. R-sqrd.    F-stat   p-value
h4:war                       0.2628652 -0.039549049 0.8692223 0.6057904
h4:inflation_expectations_1y 0.2647431 -0.036900809 0.8776676 0.5971607
h4:inflation_expectations_3y 0.2284305 -0.088110860 0.7216450 0.7555752
h4:inflation                 0.2315332 -0.083735192 0.7344003 0.7430482
h4:economic_activity         0.2935241  0.003687772 1.0127236 0.4646565

$diagnostic_list$`Shock: economic_activity`[[5]]
                               R-sqrd. Adj. R-sqrd.    F-stat   p-value
h5:war                       0.1403171  -0.22165462 0.3876466 0.9777032
h5:inflation_expectations_1y 0.2169216  -0.11279559 0.6579020 0.8149327
h5:inflation_expectations_3y 0.3850392   0.12610837 1.4870349 0.1556445
h5:inflation                 0.2949641  -0.00189309 0.9936229 0.4830292
h5:economic_activity         0.2220186  -0.10555250 0.6777723 0.7968711

$diagnostic_list$`Shock: economic_activity`[[6]]
                               R-sqrd. Adj. R-sqrd.    F-stat   p-value
h6:war                       0.3346201    0.0468883 1.1629583 0.3398872
h6:inflation_expectations_1y 0.3910364    0.1277008 1.4849356 0.1579209
h6:inflation_expectations_3y 0.1943139   -0.1540909 0.5577244 0.8947684
h6:inflation                 0.2633162   -0.0552497 0.8265675 0.6493524
h6:economic_activity         0.1479918   -0.2204442 0.4016758 0.9733853

$diagnostic_list$`Shock: economic_activity`[[7]]
                               R-sqrd. Adj. R-sqrd.    F-stat   p-value
h7:war                       0.2115895  -0.13881510 0.6038434 0.8596862
h7:inflation_expectations_1y 0.3173936   0.01401298 1.0461894 0.4363306
h7:inflation_expectations_3y 0.3175946   0.01430332 1.0471603 0.4354749
h7:inflation                 0.3771559   0.10033629 1.3624609 0.2152258
h7:economic_activity         0.3531159   0.06561187 1.2282120 0.2947409

$diagnostic_list$`Shock: economic_activity`[[8]]
                               R-sqrd. Adj. R-sqrd.    F-stat   p-value
h8:war                       0.2038402 -0.160118579 0.5600640 0.8920407
h8:inflation_expectations_1y 0.2236457 -0.131259055 0.6301570 0.8374683
h8:inflation_expectations_3y 0.2430178 -0.103031225 0.7022641 0.7724758
h8:inflation                 0.2859639 -0.040452609 0.8760706 0.5990459
h8:economic_activity         0.3155557  0.002666931 1.0085236 0.4708981

$diagnostic_list$`Shock: economic_activity`[[9]]
                               R-sqrd. Adj. R-sqrd.    F-stat   p-value
h9:war                       0.3095156  -0.01541828 0.9525495 0.5239571
h9:inflation_expectations_1y 0.2932216  -0.03937995 0.8816002 0.5935893
h9:inflation_expectations_3y 0.2997610  -0.02976317 0.9096784 0.5656958
h9:inflation                 0.3381985   0.02676257 1.0859328 0.4040297
h9:economic_activity         0.2814466  -0.05669618 0.8323307 0.6431596

$diagnostic_list$`Shock: economic_activity`[[10]]
                                R-sqrd. Adj. R-sqrd.    F-stat   p-value
h10:war                       0.2750671  -0.07641558 0.7825907 0.6929963
h10:inflation_expectations_1y 0.3531608   0.03954178 1.1260822 0.3727411
h10:inflation_expectations_3y 0.2562254  -0.10439263 0.7105174 0.7636075
h10:inflation                 0.3340101   0.01110597 1.0343940 0.4491013
h10:economic_activity         0.3100037  -0.02453999 0.9266464 0.5493490

$diagnostic_list$`Shock: economic_activity`[[11]]
                                R-sqrd. Adj. R-sqrd.    F-stat   p-value
h11:war                       0.3178063  -0.02329054 0.9317187 0.5447813
h11:inflation_expectations_1y 0.2895283  -0.06570756 0.8150312 0.6602701
h11:inflation_expectations_3y 0.1857145  -0.22142819 0.4561411 0.9508682
h11:inflation                 0.2972562  -0.05411566 0.8459875 0.6292723
h11:economic_activity         0.3603990   0.04059847 1.1269493 0.3732892

$diagnostic_list$`Shock: economic_activity`[[12]]
                                R-sqrd. Adj. R-sqrd.    F-stat   p-value
h12:war                       0.2373801  -0.15623010 0.6030843 0.8570924
h12:inflation_expectations_1y 0.3156640  -0.03754169 0.8937115 0.5820293
h12:inflation_expectations_3y 0.2936927  -0.07085300 0.8056403 0.6694398
h12:inflation                 0.3090175  -0.04761866 0.8664783 0.6088723
h12:economic_activity         0.3626552   0.03370308 1.1024559 0.3938521



$specs
$specs$lags_endog_lin
SC(n) 
    1 

$specs$lags_criterion
[1] NaN

$specs$max_lags
[1] NaN

$specs$trend
[1] 0

$specs$shock_type
[1] 0

$specs$confint
[1] 1.65

$specs$hor
[1] 12

$specs$use_nw
[1] TRUE

$specs$nw_prewhite
[1] FALSE

$specs$adjust_se
[1] FALSE

$specs$use_twosls
[1] FALSE

$specs$contemp_data
$specs$contemp_data$dummy
 [1] 0 0 0 0 0 0 0 0 0 0 0 0 0 0 0 0 0 0 0 0 0 0 0 0 0 1 1 1 1 0 1 0 1 0 0 0 0 0 0 0 0 0 0 0 0 0 0 0 0 0 0 0 0 0 0 0 0 0 0 0

$specs$contemp_data$Jan
 [1] 0 0 0 0 0 0 0 0 0 0 0 1 0 0 0 0 0 0 0 0 0 0 0 1 0 0 0 0 0 0 0 0 0 0 0 1 0 0 0 0 0 0 0 0 0 0 0 1 0 0 0 0 0 0 0 0 0 0 0 1

$specs$contemp_data$Feb
 [1] 1 0 0 0 0 0 0 0 0 0 0 0 1 0 0 0 0 0 0 0 0 0 0 0 1 0 0 0 0 0 0 0 0 0 0 0 1 0 0 0 0 0 0 0 0 0 0 0 1 0 0 0 0 0 0 0 0 0 0 0

$specs$contemp_data$Mar
 [1] 0 1 0 0 0 0 0 0 0 0 0 0 0 1 0 0 0 0 0 0 0 0 0 0 0 1 0 0 0 0 0 0 0 0 0 0 0 1 0 0 0 0 0 0 0 0 0 0 0 1 0 0 0 0 0 0 0 0 0 0

$specs$contemp_data$Apr
 [1] 0 0 1 0 0 0 0 0 0 0 0 0 0 0 1 0 0 0 0 0 0 0 0 0 0 0 1 0 0 0 0 0 0 0 0 0 0 0 1 0 0 0 0 0 0 0 0 0 0 0 1 0 0 0 0 0 0 0 0 0

$specs$contemp_data$May
 [1] 0 0 0 1 0 0 0 0 0 0 0 0 0 0 0 1 0 0 0 0 0 0 0 0 0 0 0 1 0 0 0 0 0 0 0 0 0 0 0 1 0 0 0 0 0 0 0 0 0 0 0 1 0 0 0 0 0 0 0 0

$specs$contemp_data$Jun
 [1] 0 0 0 0 1 0 0 0 0 0 0 0 0 0 0 0 1 0 0 0 0 0 0 0 0 0 0 0 1 0 0 0 0 0 0 0 0 0 0 0 1 0 0 0 0 0 0 0 0 0 0 0 1 0 0 0 0 0 0 0

$specs$contemp_data$Jul
 [1] 0 0 0 0 0 1 0 0 0 0 0 0 0 0 0 0 0 1 0 0 0 0 0 0 0 0 0 0 0 1 0 0 0 0 0 0 0 0 0 0 0 1 0 0 0 0 0 0 0 0 0 0 0 1 0 0 0 0 0 0

$specs$contemp_data$Aug
 [1] 0 0 0 0 0 0 1 0 0 0 0 0 0 0 0 0 0 0 1 0 0 0 0 0 0 0 0 0 0 0 1 0 0 0 0 0 0 0 0 0 0 0 1 0 0 0 0 0 0 0 0 0 0 0 1 0 0 0 0 0

$specs$contemp_data$Sep
 [1] 0 0 0 0 0 0 0 1 0 0 0 0 0 0 0 0 0 0 0 1 0 0 0 0 0 0 0 0 0 0 0 1 0 0 0 0 0 0 0 0 0 0 0 1 0 0 0 0 0 0 0 0 0 0 0 1 0 0 0 0

$specs$contemp_data$Oct
 [1] 0 0 0 0 0 0 0 0 1 0 0 0 0 0 0 0 0 0 0 0 1 0 0 0 0 0 0 0 0 0 0 0 1 0 0 0 0 0 0 0 0 0 0 0 1 0 0 0 0 0 0 0 0 0 0 0 1 0 0 0


$specs$model_type
[1] 0

$specs$starts
[1] 1

$specs$ends
[1] 60

$specs$column_names
[1] "war"                       "inflation_expectations_1y" "inflation_expectations_3y" "inflation"                
[5] "economic_activity"        

$specs$endog
[1] 5

$specs$y_lin
             war inflation_expectations_1y inflation_expectations_3y    inflation economic_activity
2  -9.964198e-05              -0.079620123               0.023733377  0.002310570        0.03672057
3  -1.640762e-03               0.228555441               0.061933756  0.031662657        0.02660601
4   3.544898e-03               0.000000000              -0.007986784  0.027403122        0.04356130
5  -1.903455e-03               0.000000000               0.038039923  0.010862582        0.01757053
6  -8.775927e-04               0.001872778              -0.116087914  0.009406502        0.03236078
7  -2.505497e-03               0.017283440               0.116087914  0.021640425        0.02930438
8   8.611570e-03              -0.004920721               0.000000000  0.025003951        0.02923299
9  -6.758735e-03               0.004920721               0.000000000  0.028405410        0.02229492
10 -1.637861e-03              -0.030053139              -0.116087914 -0.008420605        0.02323041
11 -1.693847e-03               0.030053139               0.096931696  0.008246918        0.01734758
12 -8.384749e-04              -0.030053139              -0.010896921 -0.002323999        0.03391158
13  3.403058e-03              -0.176372051              -0.201508284  0.029025084        0.02600387
14  1.246634e-03               0.022861719               0.095972538  0.042416785        0.02691934
15  2.540317e-03              -0.218312263              -0.170893431  0.048586660        0.03757401
16 -2.629886e-03              -0.145042181              -0.100185633  0.003720327        0.02002637
17 -5.714795e-03               0.217070103               0.069105387 -0.006141925        0.02480201
18  2.228650e-03              -0.079553127              -0.083071947  0.024993882        0.02186920
19 -2.099898e-03              -0.176150560              -0.077933550  0.017681720        0.02278745
20  1.311310e-03               0.069185972              -0.126637936  0.021370449        0.03620964
21 -1.261711e-03              -0.153448343               0.004080772  0.034784574        0.01981848
22  4.106751e-03               0.017366648               0.142476082  0.026361361        0.02549842
23 -2.813797e-03               0.180090904               0.016174078  0.038444527        0.02259084
24 -2.278732e-03              -0.031989813               0.000000000  0.019694440        0.03781474
25  2.949556e-03               0.041871071               0.051145554  0.009814561        0.03578346
26 -1.022322e-02               0.000000000              -0.189331532 -0.050912346       -0.07956922
27  8.271000e-03               0.085786104               0.223972082 -0.090824177       -0.77070172
28  6.819229e-04               0.376688957              -0.012976170 -0.010450429        0.21339722
29  4.335985e-03              -0.318598032              -0.136598825  0.053592068        0.21330076
30 -6.678184e-04               0.206044197               0.257966757  0.061866907        0.02971606
31 -4.579783e-04               0.112553835               0.249140978  0.053808986        0.15791953
32  2.157992e-03              -0.019156218              -0.238733053  0.028930510        0.07717705
33 -5.795543e-04              -0.144741774              -0.040002584  0.011918979        0.10115859
34 -1.864970e-03               0.126406431               0.117631912  0.024543630        0.04507153
35  2.424825e-03               0.037491560               0.161103725  0.057557700        0.01677041
36  2.262964e-03               0.046669483               0.047342062  0.028496735        0.06736316
37 -2.266583e-03               0.044214964              -0.028185844  0.045997380        0.05066022
38  9.243277e-04               0.153371334               0.092952490  0.059503194        0.06160136
39  1.292510e-03               0.115923882               0.005092859  0.082225516        0.03720211
40  2.238281e-03               0.639820337               0.471664906  0.082531234        0.06412900
41 -1.125220e-03               0.801745415              -0.022792339  0.098347464        0.05475905
42 -1.295363e-03               0.040705204               0.164751053  0.054649100        0.08879717
43 -2.328493e-04               0.337376595               0.287992716  0.049840953        0.06602323
44  1.767795e-03               0.130341530               0.194323301  0.052018077        0.07861505
45  8.997449e-04               0.343297958               0.017191887  0.114305741        0.06819482
46  1.394506e-03               0.346533298              -0.199976921  0.098833469        0.06879133
47 -2.751822e-04              -0.009726048              -0.011199951  0.097421769        0.06937609
48  3.467784e-03              -0.201833725              -0.522751808  0.075404740        0.03542764
49  3.835064e-02               0.211559772               0.297553301  0.088488916        0.07849205
50  5.092713e-02               0.583898067              -0.099878550  0.126900569        0.05112829
51 -5.349190e-02              -0.238460541               0.227452993  0.048497289        0.04431433
52 -2.805586e-02               0.230577469              -0.023298502  0.115684054        0.03389257
53 -3.025951e-03               0.199839592              -0.260592937  0.151285219        0.03843642
54 -1.075988e-02              -0.552228928              -0.436033010 -0.004064650        0.05041760
55  1.120539e-04              -0.477911472              -0.427183867  0.028517738        0.02896168
56 -1.747118e-03              -0.304920197               0.154703379  0.050566174        0.04915587
57 -4.163191e-04               0.503497124               0.200692415  0.060045147        0.03059615
58  1.525309e-03              -0.715742588              -0.113289595  0.024858721        0.04330825
59 -4.338107e-03              -0.235079288              -0.004589558  0.015857387        0.03585464
60  1.231127e-03              -0.038488865              -0.280791283  0.063675095        0.04576300

$specs$x_lin
       war_lag_1 inflation_expectations_1y_lag_1 inflation_expectations_3y_lag_1 inflation_lag_1 economic_activity_lag_1
2  -4.732081e-04                     0.119915485                     0.090704918     0.032745451              0.02976223
3  -9.964198e-05                    -0.079620123                     0.023733377     0.002310570              0.03672057
4  -1.640762e-03                     0.228555441                     0.061933756     0.031662657              0.02660601
5   3.544898e-03                     0.000000000                    -0.007986784     0.027403122              0.04356130
6  -1.903455e-03                     0.000000000                     0.038039923     0.010862582              0.01757053
7  -8.775927e-04                     0.001872778                    -0.116087914     0.009406502              0.03236078
8  -2.505497e-03                     0.017283440                     0.116087914     0.021640425              0.02930438
9   8.611570e-03                    -0.004920721                     0.000000000     0.025003951              0.02923299
10 -6.758735e-03                     0.004920721                     0.000000000     0.028405410              0.02229492
11 -1.637861e-03                    -0.030053139                    -0.116087914    -0.008420605              0.02323041
12 -1.693847e-03                     0.030053139                     0.096931696     0.008246918              0.01734758
13 -8.384749e-04                    -0.030053139                    -0.010896921    -0.002323999              0.03391158
14  3.403058e-03                    -0.176372051                    -0.201508284     0.029025084              0.02600387
15  1.246634e-03                     0.022861719                     0.095972538     0.042416785              0.02691934
16  2.540317e-03                    -0.218312263                    -0.170893431     0.048586660              0.03757401
17 -2.629886e-03                    -0.145042181                    -0.100185633     0.003720327              0.02002637
18 -5.714795e-03                     0.217070103                     0.069105387    -0.006141925              0.02480201
19  2.228650e-03                    -0.079553127                    -0.083071947     0.024993882              0.02186920
20 -2.099898e-03                    -0.176150560                    -0.077933550     0.017681720              0.02278745
21  1.311310e-03                     0.069185972                    -0.126637936     0.021370449              0.03620964
22 -1.261711e-03                    -0.153448343                     0.004080772     0.034784574              0.01981848
23  4.106751e-03                     0.017366648                     0.142476082     0.026361361              0.02549842
24 -2.813797e-03                     0.180090904                     0.016174078     0.038444527              0.02259084
25 -2.278732e-03                    -0.031989813                     0.000000000     0.019694440              0.03781474
26  2.949556e-03                     0.041871071                     0.051145554     0.009814561              0.03578346
27 -1.022322e-02                     0.000000000                    -0.189331532    -0.050912346             -0.07956922
28  8.271000e-03                     0.085786104                     0.223972082    -0.090824177             -0.77070172
29  6.819229e-04                     0.376688957                    -0.012976170    -0.010450429              0.21339722
30  4.335985e-03                    -0.318598032                    -0.136598825     0.053592068              0.21330076
31 -6.678184e-04                     0.206044197                     0.257966757     0.061866907              0.02971606
32 -4.579783e-04                     0.112553835                     0.249140978     0.053808986              0.15791953
33  2.157992e-03                    -0.019156218                    -0.238733053     0.028930510              0.07717705
34 -5.795543e-04                    -0.144741774                    -0.040002584     0.011918979              0.10115859
35 -1.864970e-03                     0.126406431                     0.117631912     0.024543630              0.04507153
36  2.424825e-03                     0.037491560                     0.161103725     0.057557700              0.01677041
37  2.262964e-03                     0.046669483                     0.047342062     0.028496735              0.06736316
38 -2.266583e-03                     0.044214964                    -0.028185844     0.045997380              0.05066022
39  9.243277e-04                     0.153371334                     0.092952490     0.059503194              0.06160136
40  1.292510e-03                     0.115923882                     0.005092859     0.082225516              0.03720211
41  2.238281e-03                     0.639820337                     0.471664906     0.082531234              0.06412900
42 -1.125220e-03                     0.801745415                    -0.022792339     0.098347464              0.05475905
43 -1.295363e-03                     0.040705204                     0.164751053     0.054649100              0.08879717
44 -2.328493e-04                     0.337376595                     0.287992716     0.049840953              0.06602323
45  1.767795e-03                     0.130341530                     0.194323301     0.052018077              0.07861505
46  8.997449e-04                     0.343297958                     0.017191887     0.114305741              0.06819482
47  1.394506e-03                     0.346533298                    -0.199976921     0.098833469              0.06879133
48 -2.751822e-04                    -0.009726048                    -0.011199951     0.097421769              0.06937609
49  3.467784e-03                    -0.201833725                    -0.522751808     0.075404740              0.03542764
50  3.835064e-02                     0.211559772                     0.297553301     0.088488916              0.07849205
51  5.092713e-02                     0.583898067                    -0.099878550     0.126900569              0.05112829
52 -5.349190e-02                    -0.238460541                     0.227452993     0.048497289              0.04431433
53 -2.805586e-02                     0.230577469                    -0.023298502     0.115684054              0.03389257
54 -3.025951e-03                     0.199839592                    -0.260592937     0.151285219              0.03843642
55 -1.075988e-02                    -0.552228928                    -0.436033010    -0.004064650              0.05041760
56  1.120539e-04                    -0.477911472                    -0.427183867     0.028517738              0.02896168
57 -1.747118e-03                    -0.304920197                     0.154703379     0.050566174              0.04915587
58 -4.163191e-04                     0.503497124                     0.200692415     0.060045147              0.03059615
59  1.525309e-03                    -0.715742588                    -0.113289595     0.024858721              0.04330825
60 -4.338107e-03                    -0.235079288                    -0.004589558     0.015857387              0.03585464
   dummy Jan Feb Mar Apr May Jun Jul Aug Sep Oct
2      0   0   0   1   0   0   0   0   0   0   0
3      0   0   0   0   1   0   0   0   0   0   0
4      0   0   0   0   0   1   0   0   0   0   0
5      0   0   0   0   0   0   1   0   0   0   0
6      0   0   0   0   0   0   0   1   0   0   0
7      0   0   0   0   0   0   0   0   1   0   0
8      0   0   0   0   0   0   0   0   0   1   0
9      0   0   0   0   0   0   0   0   0   0   1
10     0   0   0   0   0   0   0   0   0   0   0
11     0   0   0   0   0   0   0   0   0   0   0
12     0   1   0   0   0   0   0   0   0   0   0
13     0   0   1   0   0   0   0   0   0   0   0
14     0   0   0   1   0   0   0   0   0   0   0
15     0   0   0   0   1   0   0   0   0   0   0
16     0   0   0   0   0   1   0   0   0   0   0
17     0   0   0   0   0   0   1   0   0   0   0
18     0   0   0   0   0   0   0   1   0   0   0
19     0   0   0   0   0   0   0   0   1   0   0
20     0   0   0   0   0   0   0   0   0   1   0
21     0   0   0   0   0   0   0   0   0   0   1
22     0   0   0   0   0   0   0   0   0   0   0
23     0   0   0   0   0   0   0   0   0   0   0
24     0   1   0   0   0   0   0   0   0   0   0
25     0   0   1   0   0   0   0   0   0   0   0
26     1   0   0   1   0   0   0   0   0   0   0
27     1   0   0   0   1   0   0   0   0   0   0
28     1   0   0   0   0   1   0   0   0   0   0
29     1   0   0   0   0   0   1   0   0   0   0
30     0   0   0   0   0   0   0   1   0   0   0
31     1   0   0   0   0   0   0   0   1   0   0
32     0   0   0   0   0   0   0   0   0   1   0
33     1   0   0   0   0   0   0   0   0   0   1
34     0   0   0   0   0   0   0   0   0   0   0
35     0   0   0   0   0   0   0   0   0   0   0
36     0   1   0   0   0   0   0   0   0   0   0
37     0   0   1   0   0   0   0   0   0   0   0
38     0   0   0   1   0   0   0   0   0   0   0
39     0   0   0   0   1   0   0   0   0   0   0
40     0   0   0   0   0   1   0   0   0   0   0
41     0   0   0   0   0   0   1   0   0   0   0
42     0   0   0   0   0   0   0   1   0   0   0
43     0   0   0   0   0   0   0   0   1   0   0
44     0   0   0   0   0   0   0   0   0   1   0
45     0   0   0   0   0   0   0   0   0   0   1
46     0   0   0   0   0   0   0   0   0   0   0
47     0   0   0   0   0   0   0   0   0   0   0
48     0   1   0   0   0   0   0   0   0   0   0
49     0   0   1   0   0   0   0   0   0   0   0
50     0   0   0   1   0   0   0   0   0   0   0
51     0   0   0   0   1   0   0   0   0   0   0
52     0   0   0   0   0   1   0   0   0   0   0
53     0   0   0   0   0   0   1   0   0   0   0
54     0   0   0   0   0   0   0   1   0   0   0
55     0   0   0   0   0   0   0   0   1   0   0
56     0   0   0   0   0   0   0   0   0   1   0
57     0   0   0   0   0   0   0   0   0   0   1
58     0   0   0   0   0   0   0   0   0   0   0
59     0   0   0   0   0   0   0   0   0   0   0
60     0   1   0   0   0   0   0   0   0   0   0


attr(,"class")
[1] "lpirfs_lin_obj"
