[1] "supply_chain"         "djn level estimation"
                   1             2             3             4             5             6
AIC(n) -2.501054e+01 -2.530492e+01 -2.547926e+01 -2.618030e+01 -2.832371e+01 -2.917619e+01
HQ(n)  -2.380311e+01 -2.374236e+01 -2.356157e+01 -2.390749e+01 -2.569577e+01 -2.619313e+01
SC(n)  -2.187973e+01 -2.125329e+01 -2.050680e+01 -2.028702e+01 -2.150959e+01 -2.144125e+01
FPE(n)  1.535042e-11  1.315779e-11  1.408101e-11  1.039493e-11  2.324940e-12  2.927832e-12
                   1             2             3             4             5             6
AIC(n) -2.501054e+01 -2.530492e+01 -2.547926e+01 -2.618030e+01 -2.832371e+01 -2.917619e+01
HQ(n)  -2.380311e+01 -2.374236e+01 -2.356157e+01 -2.390749e+01 -2.569577e+01 -2.619313e+01
SC(n)  -2.187973e+01 -2.125329e+01 -2.050680e+01 -2.028702e+01 -2.150959e+01 -2.144125e+01
FPE(n)  1.535042e-11  1.315779e-11  1.408101e-11  1.039493e-11  2.324940e-12  2.927832e-12
$irf_lin_mean
, , 1

            [,1]          [,2]         [,3]          [,4]          [,5]          [,6]          [,7]         [,8]
[1,] 0.011889021 -0.0004648458 -0.002744815 -0.0003274569  0.0031426539 -0.0001494793  0.0021185846 0.0006275849
[2,] 0.006952690  0.0901508282  0.046319812 -0.0060151283  0.0371491150  0.0957089945 -0.0008328501 0.0064910929
[3,] 0.032095649  0.0379409381  0.037486782 -0.0321563418  0.0272151269  0.0280854336 -0.0090305902 0.0313315840
[4,] 0.004068193  0.0068325619  0.006960335 -0.0001873570  0.0000736789  0.0045367583  0.0016768551 0.0067576087
[5,] 0.014125086  0.0049186767  0.024163113  0.0033437319 -0.0179842722 -0.0152808484  0.0213895322 0.0132163499
             [,9]         [,10]        [,11]        [,12]        [,13]
[1,] -0.001124147  0.0021881005 -0.001368006 -0.000588779 -0.001722083
[2,]  0.126326098  0.0003849931 -0.017481159 -0.003731446  0.083074796
[3,]  0.056875681 -0.0035476770 -0.056186005 -0.029107946  0.039373337
[4,]  0.021295048  0.0099424216  0.003370894  0.006395215  0.008333861
[5,]  0.005556462  0.0261633880 -0.004696447  0.006286107  0.009022056

, , 2

             [,1]         [,2]          [,3]         [,4]         [,5]          [,6]         [,7]          [,8]
[1,]  0.000000000 0.0006253414 -0.0006879709  0.001624810  0.001525855 -0.0009079424 -0.003801133 -0.0009227822
[2,]  0.200492351 0.0323518075 -0.0092707766  0.076486206  0.070330117  0.0136256784  0.013983415  0.0490868212
[3,]  0.086801589 0.0039131362 -0.0027045148  0.014610204  0.018396367 -0.0381579762  0.008969696 -0.0033640073
[4,]  0.009027554 0.0062530212  0.0018643127  0.011902337  0.009937197  0.0065664655  0.009945422  0.0175000043
[5,] -0.020448719 0.0201423892  0.0056919631 -0.003290944 -0.001038200  0.0112608484  0.020528120 -0.0036948544
              [,9]        [,10]         [,11]         [,12]        [,13]
[1,]  0.0006690969 -0.003610804 -3.033467e-03  0.0007228865 -0.003125455
[2,] -0.0216494220 -0.029534401  2.493727e-05 -0.0207670469 -0.078812544
[3,] -0.0118946259 -0.038883414 -1.994036e-02 -0.0220725103 -0.059283346
[4,]  0.0105851487  0.007840595  8.018669e-03  0.0134647934  0.017835433
[5,]  0.0246803620  0.005004358 -1.435784e-02  0.0329834304  0.019246136

, , 3

              [,1]         [,2]          [,3]          [,4]          [,5]         [,6]         [,7]          [,8]
[1,]  0.0000000000  0.004023444  0.0001235405 -0.0006422891 -0.0007104337  0.006750513 -0.001104666 -0.0004298094
[2,]  0.0000000000  0.105339246 -0.0568225853  0.0404192616 -0.0200666591  0.017913113  0.135713665 -0.0172124928
[3,]  0.1684247123 -0.001770786  0.0055465316 -0.0211271253 -0.0325245682  0.045892615  0.034457542  0.0722016533
[4,] -0.0066254970  0.004304057 -0.0047017548 -0.0065747894  0.0009121738 -0.005635915  0.004737675  0.0057521500
[5,]  0.0005767223  0.010229326 -0.0055808949 -0.0088834107  0.0190774716 -0.019696216 -0.008841650  0.0347334168
             [,9]       [,10]        [,11]        [,12]         [,13]
[1,]  0.001039272 0.003243269 -0.002097189  0.001201534 -3.935288e-04
[2,]  0.067870881 0.002600959  0.142124397  0.006361134  1.346684e-02
[3,] -0.019530384 0.050514675  0.001912436 -0.040016600 -1.384369e-02
[4,]  0.009686346 0.011020152  0.010789314  0.006779766 -1.559768e-05
[5,]  0.022913637 0.015087394 -0.011707247  0.019933734  6.777102e-03

, , 4

           [,1]          [,2]         [,3]         [,4]         [,5]          [,6]          [,7]         [,8]          [,9]
[1,] 0.00000000 -0.0009618833 -0.001750953 -0.001007815 -0.001043907  0.0007348628 -0.0002473145 -0.000750989 -0.0001962825
[2,] 0.00000000  0.0193889489  0.016413494 -0.028727485  0.001414107  0.0003031512 -0.0118005793 -0.036541746 -0.0234143391
[3,] 0.00000000 -0.0107161223 -0.025886630 -0.030045777 -0.007116649  0.0155177088  0.0005360901 -0.027357788 -0.0308365636
[4,] 0.02877865  0.0174515119  0.010502570  0.007082183  0.009546625  0.0112059678  0.0098869705  0.011209169  0.0123553003
[5,] 0.04429674  0.0144938690 -0.009963457  0.009371297  0.013830061 -0.0045647564 -0.0064402596  0.021616623  0.0049755694
            [,10]         [,11]        [,12]        [,13]
[1,] 0.0023040584 -3.679823e-06 -0.004136797 -0.002453507
[2,] 0.0058377697  2.651640e-02  0.024147826  0.009993413
[3,] 0.0003588651  1.232557e-02  0.009852375  0.005994950
[4,] 0.0131432871  1.646939e-02  0.009123435 -0.001198453
[5,] 0.0119845251  2.915761e-02 -0.004393766 -0.023239897

, , 5

           [,1]         [,2]         [,3]          [,4]         [,5]         [,6]         [,7]        [,8]         [,9]
[1,] 0.00000000 -0.001027502  0.003209610  0.0003805935 -0.001789716  0.002708692 0.0018381071 0.001770477 -0.002959989
[2,] 0.00000000 -0.048103399  0.089531761  0.0153255643 -0.038289168 -0.008865468 0.0909566167 0.012046479  0.030106836
[3,] 0.00000000  0.009112671  0.060110807 -0.0162237268 -0.047830367  0.042018482 0.0406151863 0.012800949  0.005786529
[4,] 0.00000000 -0.000317867 -0.003666343 -0.0053677664 -0.005135774 -0.003586352 0.0079729038 0.003479553 -0.004357538
[5,] 0.09538462 -0.015647283 -0.031353859  0.0111745099 -0.004051434  0.009419517 0.0007998001 0.001726893  0.015552242
             [,10]        [,11]       [,12]        [,13]
[1,]  0.0001587767  0.002379373 0.001927288 -0.001781896
[2,]  0.0122197067  0.066493799 0.053198800  0.014831646
[3,] -0.0117511389  0.043146863 0.002075233  0.036145514
[4,]  0.0022300905  0.002047935 0.003258767 -0.003472383
[5,] -0.0017777113 -0.007374003 0.016306430 -0.023004582


$irf_lin_low
, , 1

            [,1]        [,2]         [,3]         [,4]          [,5]         [,6]         [,7]         [,8]         [,9]
[1,] 0.011889021 -0.00402023 -0.006127845 -0.003114792  0.0005595011 -0.002740478 -0.002075676 -0.002782465 -0.005405951
[2,] 0.006952690  0.02242716 -0.019640402 -0.092849873 -0.0519282342  0.035854553 -0.078244571 -0.071758721  0.073383055
[3,] 0.032095649 -0.02573204 -0.015514356 -0.108783396 -0.0186320266 -0.041276593 -0.060731145 -0.001653534  0.010440376
[4,] 0.004068193 -0.00311686 -0.005491777 -0.009357870 -0.0117889388 -0.008435953 -0.011755986 -0.003626076  0.013726841
[5,] 0.014125086 -0.02130832 -0.017752224 -0.015005649 -0.0572760187 -0.054349904 -0.019981177 -0.005126850 -0.012353091
             [,10]        [,11]        [,12]         [,13]
[1,] -0.0004790169 -0.005860262 -0.003790297 -0.0052307398
[2,] -0.0619452640 -0.103029373 -0.109094536 -0.0130975720
[3,] -0.0613523437 -0.101503064 -0.080746366  0.0055029922
[4,] -0.0007685415 -0.006108355 -0.002966624 -0.0001166313
[5,] -0.0101051399 -0.027368426 -0.012668516 -0.0199082938

, , 2

             [,1]         [,2]         [,3]          [,4]         [,5]         [,6]         [,7]         [,8]         [,9]
[1,]  0.000000000 -0.004705823 -0.006066252 -0.0024709615 -0.003906429 -0.006298960 -0.009657871 -0.005814280 -0.004744852
[2,]  0.200492351 -0.057754022 -0.096888388 -0.0110130007 -0.002488268 -0.082543460 -0.064508890 -0.102290938 -0.103717306
[3,]  0.086801589 -0.068803698 -0.073801794 -0.0581978637 -0.039337428 -0.099766883 -0.052468345 -0.098137852 -0.085216496
[4,]  0.009027554 -0.003903549 -0.009254342 -0.0007099398 -0.005232486 -0.008511868 -0.003778399  0.004393846  0.001791278
[5,] -0.020448719 -0.009294183 -0.020222537 -0.0233986204 -0.041804795 -0.031842558 -0.024387612 -0.053743354 -0.006059560
            [,10]        [,11]         [,12]        [,13]
[1,] -0.007223401 -0.008165456 -0.0037065916 -0.006457325
[2,] -0.161207147 -0.089783317 -0.1671685866 -0.178408684
[3,] -0.114312328 -0.089658679 -0.1472490571 -0.108318766
[4,] -0.009258765 -0.006304042 -0.0009612235 -0.002950995
[5,] -0.032205130 -0.069091934 -0.0228502665 -0.023096595

, , 3

              [,1]         [,2]         [,3]          [,4]          [,5]         [,6]          [,7]          [,8]
[1,]  0.0000000000  0.001469719 -0.001891826 -0.0029237465 -0.0032914186  0.004103816 -0.0039498306 -0.0034258407
[2,]  0.0000000000  0.068107327 -0.106324550 -0.0007266289 -0.0530962185 -0.013069099  0.1041064286 -0.0817708097
[3,]  0.1684247123 -0.037222710 -0.026761139 -0.0488986307 -0.0600356160  0.024045278  0.0009828278  0.0407323414
[4,] -0.0066254970 -0.001207432 -0.012230868 -0.0123228795 -0.0048812464 -0.011493042  0.0001921605  0.0005327411
[5,]  0.0005767223 -0.008913180 -0.025032514 -0.0268879538  0.0007834419 -0.043796307 -0.0229965644  0.0052656915
              [,9]         [,10]        [,11]        [,12]        [,13]
[1,] -0.0020063851  0.0002352299 -0.003917141 -0.001035806 -0.001983528
[2,]  0.0184877351 -0.0394946113  0.087811755 -0.045677536 -0.036005123
[3,] -0.0497936401 -0.0006493340 -0.030574518 -0.089743451 -0.040830442
[4,]  0.0028851229  0.0066549635  0.005538341  0.001475802 -0.008933077
[5,]  0.0003286352 -0.0017897528 -0.022592640  0.004965773  0.001355688

, , 4

           [,1]         [,2]         [,3]         [,4]          [,5]          [,6]         [,7]         [,8]         [,9]
[1,] 0.00000000 -0.004410549 -0.004312542 -0.003607317 -3.630717e-03 -2.274658e-03 -0.003804657 -0.003621001 -0.003764412
[2,] 0.00000000 -0.044395643 -0.057198664 -0.114339320 -5.486405e-02 -6.532296e-02 -0.077289390 -0.111875926 -0.076272102
[3,] 0.00000000 -0.067048941 -0.083046114 -0.082525509 -5.096640e-02 -2.823838e-02 -0.036081560 -0.070042934 -0.079076136
[4,] 0.02877865  0.007051527 -0.003426762 -0.004569614  3.970535e-05 -9.365538e-05 -0.001622056  0.002219912  0.005050946
[5,] 0.04429674 -0.022558309 -0.034831768 -0.006941716 -1.000879e-02 -2.392567e-02 -0.027359123  0.001184500 -0.011043200
             [,10]        [,11]        [,12]        [,13]
[1,]  0.0003101120 -0.003104695 -0.007822958 -0.004634070
[2,] -0.0866845893 -0.044821531 -0.087136454 -0.046484031
[3,] -0.0520895878 -0.040411557 -0.057086564 -0.035824973
[4,]  0.0002039676  0.005404351 -0.002121757 -0.009722747
[5,] -0.0152167109 -0.013869633 -0.038104441 -0.063790195

, , 5

           [,1]         [,2]         [,3]         [,4]         [,5]         [,6]          [,7]          [,8]         [,9]
[1,] 0.00000000 -0.002598064  0.001823636 -0.001044706 -0.002869751  0.001268059 -0.0000974996 -0.0001075341 -0.004582239
[2,] 0.00000000 -0.085518695  0.044909633 -0.027581534 -0.064164083 -0.038818912  0.0532037582 -0.0257904618 -0.007744130
[3,] 0.00000000 -0.022805665  0.031991593 -0.042282072 -0.075145731  0.019455079  0.0246151749 -0.0134594725 -0.013180913
[4,] 0.00000000 -0.007396838 -0.014948667 -0.011349444 -0.008775701 -0.010246091  0.0016284291 -0.0024815359 -0.009917637
[5,] 0.09538462 -0.043050272 -0.054882399  0.002409821 -0.012092166 -0.003099416 -0.0116641830 -0.0034584183  0.002178874
            [,10]         [,11]         [,12]        [,13]
[1,] -0.001445848 -5.695876e-05 -0.0002001534 -0.003614199
[2,] -0.023637279  2.080727e-02 -0.0003106500 -0.027455448
[3,] -0.048543278  9.802870e-03 -0.0332513799  0.013217007
[4,] -0.003838227 -3.322032e-03 -0.0042678417 -0.010043523
[5,] -0.011931789 -2.233106e-02 -0.0045954602 -0.062049238


$irf_lin_up
, , 1

            [,1]        [,2]         [,3]        [,4]        [,5]        [,6]        [,7]        [,8]        [,9]
[1,] 0.011889021 0.003090539 0.0006382155 0.002459878 0.005725807 0.002441519 0.006312845 0.004037634 0.003157657
[2,] 0.006952690 0.157874501 0.1122800258 0.080819616 0.126226464 0.155563436 0.076578871 0.084740907 0.179269140
[3,] 0.032095649 0.101613918 0.0904879195 0.044470713 0.073062280 0.097447460 0.042669965 0.064316702 0.103310985
[4,] 0.004068193 0.016781984 0.0194124475 0.008983156 0.011936297 0.017509469 0.015109696 0.017141294 0.028863254
[5,] 0.014125086 0.031145676 0.0660784497 0.021693113 0.021307474 0.023788207 0.062760242 0.031559550 0.023466015
           [,10]        [,11]       [,12]       [,13]
[1,] 0.004855218  0.003124251 0.002612739 0.001786574
[2,] 0.062715250  0.068067055 0.101631645 0.179247163
[3,] 0.054256990 -0.010868945 0.022530475 0.073243682
[4,] 0.020653385  0.012850143 0.015757053 0.016784354
[5,] 0.062431916  0.017975532 0.025240729 0.037952405

, , 2

             [,1]        [,2]       [,3]        [,4]        [,5]        [,6]        [,7]        [,8]        [,9]
[1,]  0.000000000 0.005956506 0.00469031 0.005720582 0.006958138 0.004483075 0.002055605 0.003968715 0.006083046
[2,]  0.200492351 0.122457637 0.07834683 0.163985412 0.143148502 0.109794816 0.092475721 0.200464580 0.060418462
[3,]  0.086801589 0.076629971 0.06839276 0.087418271 0.076130163 0.023450930 0.070407738 0.091409838 0.061427244
[4,]  0.009027554 0.016409592 0.01298297 0.024514614 0.025106879 0.021644799 0.023669244 0.030606163 0.019379019
[5,] -0.020448719 0.049578961 0.03160646 0.016816732 0.039728395 0.054364255 0.065443851 0.046353646 0.055420284
            [,10]       [,11]       [,12]         [,13]
[1,] 1.792952e-06 0.002098523 0.005152365  0.0002064151
[2,] 1.021383e-01 0.089833191 0.125634493  0.0207835968
[3,] 3.654550e-02 0.049777951 0.103104037 -0.0102479262
[4,] 2.493995e-02 0.022341381 0.027890810  0.0386218603
[5,] 4.221385e-02 0.040376249 0.088817127  0.0615888669

, , 3

              [,1]        [,2]         [,3]          [,4]         [,5]         [,6]        [,7]        [,8]        [,9]
[1,]  0.0000000000 0.006577170  0.002138907  0.0016391684  0.001870551 0.0093972105 0.001740499 0.002566222 0.004084929
[2,]  0.0000000000 0.142571165 -0.007320620  0.0815651520  0.012962900 0.0488953249 0.167320901 0.047345824 0.117254028
[3,]  0.1684247123 0.033681138  0.037854202  0.0066443801 -0.005013520 0.0677399521 0.067932256 0.103670965 0.010732871
[4,] -0.0066254970 0.009815546  0.002827358 -0.0008266994  0.006705594 0.0002212128 0.009283190 0.010971559 0.016487570
[5,]  0.0005767223 0.029371832  0.013870724  0.0091211324  0.037371501 0.0044038752 0.005313264 0.064201142 0.045498639
           [,10]         [,11]       [,12]       [,13]
[1,] 0.006251308 -0.0002772376 0.003438875 0.001196470
[2,] 0.044696529  0.1964370390 0.058399804 0.062938807
[3,] 0.101678684  0.0343993907 0.009710251 0.013143066
[4,] 0.015385340  0.0160402858 0.012083730 0.008901882
[5,] 0.031964540 -0.0008218544 0.034901695 0.012198516

, , 4

           [,1]        [,2]         [,3]        [,4]        [,5]        [,6]        [,7]        [,8]        [,9]       [,10]
[1,] 0.00000000 0.002486782 0.0008106364 0.001591686 0.001542904 0.003744384 0.003310028 0.002119023 0.003371847 0.004298005
[2,] 0.00000000 0.083173541 0.0900256530 0.056884350 0.057692260 0.065929262 0.053688232 0.038792434 0.029443424 0.098360129
[3,] 0.00000000 0.045616696 0.0312728537 0.022433956 0.036733098 0.059273800 0.037153740 0.015327358 0.017403009 0.052807318
[4,] 0.02877865 0.027851497 0.0244319011 0.018733980 0.019053546 0.022505591 0.021395997 0.020198426 0.019659655 0.026082607
[5,] 0.04429674 0.051546048 0.0149048532 0.025684310 0.037668914 0.014796159 0.014478604 0.042048745 0.020994339 0.039185761
           [,11]         [,12]         [,13]
[1,] 0.003097335 -0.0004506362 -0.0002729449
[2,] 0.097854321  0.1354321056  0.0664708578
[3,] 0.065062696  0.0767913154  0.0478148733
[4,] 0.027534434  0.0203686272  0.0073258409
[5,] 0.072184860  0.0293169099  0.0173104011

, , 5

           [,1]          [,2]         [,3]         [,4]         [,5]        [,6]        [,7]        [,8]         [,9]
[1,] 0.00000000  0.0005430595  0.004595584 0.0018058932 -0.000709681 0.004149326 0.003773714 0.003648488 -0.001337739
[2,] 0.00000000 -0.0106881040  0.134153890 0.0582326629 -0.012414254 0.021087976 0.128709475 0.049883419  0.067957802
[3,] 0.00000000  0.0410310073  0.088230021 0.0098346184 -0.020515003 0.064581884 0.056615198 0.039061371  0.024753970
[4,] 0.00000000  0.0067611037  0.007615980 0.0006139112 -0.001495847 0.003073387 0.014317378 0.009440643  0.001202561
[5,] 0.09538462  0.0117557055 -0.007825318 0.0199391988  0.003989298 0.021938449 0.013263783 0.006912205  0.028925610
           [,10]       [,11]       [,12]        [,13]
[1,] 0.001763402 0.004815704 0.004054729 5.040672e-05
[2,] 0.048076692 0.112180330 0.106708250 5.711874e-02
[3,] 0.025041001 0.076490857 0.037401845 5.907402e-02
[4,] 0.008298408 0.007417901 0.010785376 3.098756e-03
[5,] 0.008376366 0.007583049 0.037208320 1.604007e-02


$diagnostic_list
$diagnostic_list$`Shock: supply_chain`
$diagnostic_list$`Shock: supply_chain`[[1]]
                               R-sqrd. Adj. R-sqrd.    F-stat     p-value
h1:supply_chain              0.2770007  0.001572378 1.0057088 0.469705351
h1:inflation_expectations_1y 0.4268137  0.208457037 1.9546630 0.041809902
h1:inflation_expectations_3y 0.1676492 -0.149436767 0.5287185 0.916172119
h1:inflation                 0.5163152  0.332054270 2.8020876 0.003817853
h1:economic_activity         0.3105296  0.047874219 1.1822701 0.320448555

$diagnostic_list$`Shock: supply_chain`[[2]]
                               R-sqrd. Adj. R-sqrd.    F-stat   p-value
h2:supply_chain              0.2510244  -0.04125881 0.8588396 0.6164363
h2:inflation_expectations_1y 0.3429408   0.08652744 1.3374530 0.2218468
h2:inflation_expectations_3y 0.2579857  -0.03158083 0.8909376 0.5834439
h2:inflation                 0.2434713  -0.05175940 0.8246815 0.6517476
h2:economic_activity         0.3445605   0.08877921 1.3470904 0.2166075

$diagnostic_list$`Shock: supply_chain`[[3]]
                               R-sqrd. Adj. R-sqrd.    F-stat   p-value
h3:supply_chain              0.2739835  -0.01642311 0.9434479 0.5307358
h3:inflation_expectations_1y 0.2756279  -0.01412088 0.9512651 0.5230217
h3:inflation_expectations_3y 0.1579723  -0.17883883 0.4690233 0.9481069
h3:inflation                 0.2594116  -0.03682378 0.8756942 0.5991228
h3:economic_activity         0.3009433   0.02132064 1.0762479 0.4071258

$diagnostic_list$`Shock: supply_chain`[[4]]
                               R-sqrd. Adj. R-sqrd.    F-stat   p-value
h4:supply_chain              0.2815421 -0.013209817 0.9551833 0.5195068
h4:inflation_expectations_1y 0.2867543 -0.005859362 0.9799758 0.4955186
h4:inflation_expectations_3y 0.2513553 -0.055780976 0.8183836 0.6579923
h4:inflation                 0.2299061 -0.086029917 0.7276983 0.7496488
h4:economic_activity         0.3301559  0.055348107 1.2014066 0.3096263

$diagnostic_list$`Shock: supply_chain`[[5]]
                               R-sqrd. Adj. R-sqrd.    F-stat   p-value
h5:supply_chain              0.3997806  0.147056691 1.5818867 0.1220140
h5:inflation_expectations_1y 0.3011307  0.006869907 1.0233463 0.4554647
h5:inflation_expectations_3y 0.2518372 -0.063178683 0.7994429 0.6772245
h5:inflation                 0.2588434 -0.053222550 0.8294509 0.6465138
h5:economic_activity         0.2133742 -0.117836657 0.6442247 0.8270131

$diagnostic_list$`Shock: supply_chain`[[6]]
                               R-sqrd. Adj. R-sqrd.    F-stat   p-value
h6:supply_chain              0.2690684  -0.04701010 0.8512708 0.6241327
h6:inflation_expectations_1y 0.3893724   0.12531722 1.4745873 0.1620786
h6:inflation_expectations_3y 0.1975721  -0.14942372 0.5693789 0.8864826
h6:inflation                 0.2589272  -0.06153678 0.8079759 0.6683274
h6:economic_activity         0.1851674  -0.16719265 0.5255062 0.9160127

$diagnostic_list$`Shock: supply_chain`[[7]]
                               R-sqrd. Adj. R-sqrd.    F-stat   p-value
h7:supply_chain              0.2220750  -0.12366948 0.6423096 0.8276233
h7:inflation_expectations_1y 0.2376197  -0.10121595 0.7012831 0.7738935
h7:inflation_expectations_3y 0.2671059  -0.05862486 0.8200205 0.6558950
h7:inflation                 0.3821800   0.10759336 1.3918375 0.2004810
h7:economic_activity         0.3496430   0.06059551 1.2096386 0.3073912

$diagnostic_list$`Shock: supply_chain`[[8]]
                               R-sqrd.  Adj. R-sqrd.    F-stat    p-value
h8:supply_chain              0.2638371 -0.0726945375 0.7839890 0.69217766
h8:inflation_expectations_1y 0.4180782  0.1520568470 1.5715963 0.12975927
h8:inflation_expectations_3y 0.3598195  0.0671655159 1.2295049 0.29521707
h8:inflation                 0.4670409  0.2234024783 1.9169427 0.05343275
h8:economic_activity         0.3134452 -0.0004084527 0.9986986 0.47994042

$diagnostic_list$`Shock: supply_chain`[[9]]
                               R-sqrd. Adj. R-sqrd.    F-stat   p-value
h9:supply_chain              0.3628175  0.062966960 1.2099945 0.3097996
h9:inflation_expectations_1y 0.2604577 -0.087562200 0.7483989 0.7273206
h9:inflation_expectations_3y 0.2555675 -0.094753605 0.7295236 0.7458033
h9:inflation                 0.3133904 -0.009719938 0.9699176 0.5074158
h9:economic_activity         0.3154421 -0.006702765 0.9791933 0.4986809

$diagnostic_list$`Shock: supply_chain`[[10]]
                                R-sqrd. Adj. R-sqrd.    F-stat   p-value
h10:supply_chain              0.2702210  -0.08361120 0.7636982 0.7118039
h10:inflation_expectations_1y 0.3883311   0.09176432 1.3094222 0.2488678
h10:inflation_expectations_3y 0.3543703   0.04133775 1.1320558 0.3680915
h10:inflation                 0.3310827   0.00675913 1.0208407 0.4611436
h10:economic_activity         0.3126127  -0.02066594 0.9379920 0.5383607

$diagnostic_list$`Shock: supply_chain`[[11]]
                                R-sqrd. Adj. R-sqrd.    F-stat   p-value
h11:supply_chain              0.3006049  -0.04909259 0.8596141 0.6156632
h11:inflation_expectations_1y 0.2908613  -0.06370799 0.8203229 0.6549695
h11:inflation_expectations_3y 0.1982574  -0.20261397 0.4945661 0.9315291
h11:inflation                 0.2982257  -0.05266143 0.8499192 0.6253419
h11:economic_activity         0.3492831   0.02392471 1.0735334 0.4163981

$diagnostic_list$`Shock: supply_chain`[[12]]
                                R-sqrd. Adj. R-sqrd.    F-stat   p-value
h12:supply_chain              0.3044186 -0.054591111 0.8479397 0.6272793
h12:inflation_expectations_1y 0.3491672  0.013253537 1.0394552 0.4464280
h12:inflation_expectations_3y 0.3343807 -0.009164746 0.9733230 0.5058739
h12:inflation                 0.3313532 -0.013754824 0.9601434 0.5181779
h12:economic_activity         0.3539648  0.020527275 1.0615626 0.4275005


$diagnostic_list$`Shock: inflation_expectations_1y`
$diagnostic_list$`Shock: inflation_expectations_1y`[[1]]
                               R-sqrd. Adj. R-sqrd.    F-stat     p-value
h1:supply_chain              0.2770007  0.001572378 1.0057088 0.469705351
h1:inflation_expectations_1y 0.4268137  0.208457037 1.9546630 0.041809902
h1:inflation_expectations_3y 0.1676492 -0.149436767 0.5287185 0.916172119
h1:inflation                 0.5163152  0.332054270 2.8020876 0.003817853
h1:economic_activity         0.3105296  0.047874219 1.1822701 0.320448555

$diagnostic_list$`Shock: inflation_expectations_1y`[[2]]
                               R-sqrd. Adj. R-sqrd.    F-stat   p-value
h2:supply_chain              0.2510244  -0.04125881 0.8588396 0.6164363
h2:inflation_expectations_1y 0.3429408   0.08652744 1.3374530 0.2218468
h2:inflation_expectations_3y 0.2579857  -0.03158083 0.8909376 0.5834439
h2:inflation                 0.2434713  -0.05175940 0.8246815 0.6517476
h2:economic_activity         0.3445605   0.08877921 1.3470904 0.2166075

$diagnostic_list$`Shock: inflation_expectations_1y`[[3]]
                               R-sqrd. Adj. R-sqrd.    F-stat   p-value
h3:supply_chain              0.2739835  -0.01642311 0.9434479 0.5307358
h3:inflation_expectations_1y 0.2756279  -0.01412088 0.9512651 0.5230217
h3:inflation_expectations_3y 0.1579723  -0.17883883 0.4690233 0.9481069
h3:inflation                 0.2594116  -0.03682378 0.8756942 0.5991228
h3:economic_activity         0.3009433   0.02132064 1.0762479 0.4071258

$diagnostic_list$`Shock: inflation_expectations_1y`[[4]]
                               R-sqrd. Adj. R-sqrd.    F-stat   p-value
h4:supply_chain              0.2815421 -0.013209817 0.9551833 0.5195068
h4:inflation_expectations_1y 0.2867543 -0.005859362 0.9799758 0.4955186
h4:inflation_expectations_3y 0.2513553 -0.055780976 0.8183836 0.6579923
h4:inflation                 0.2299061 -0.086029917 0.7276983 0.7496488
h4:economic_activity         0.3301559  0.055348107 1.2014066 0.3096263

$diagnostic_list$`Shock: inflation_expectations_1y`[[5]]
                               R-sqrd. Adj. R-sqrd.    F-stat   p-value
h5:supply_chain              0.3997806  0.147056691 1.5818867 0.1220140
h5:inflation_expectations_1y 0.3011307  0.006869907 1.0233463 0.4554647
h5:inflation_expectations_3y 0.2518372 -0.063178683 0.7994429 0.6772245
h5:inflation                 0.2588434 -0.053222550 0.8294509 0.6465138
h5:economic_activity         0.2133742 -0.117836657 0.6442247 0.8270131

$diagnostic_list$`Shock: inflation_expectations_1y`[[6]]
                               R-sqrd. Adj. R-sqrd.    F-stat   p-value
h6:supply_chain              0.2690684  -0.04701010 0.8512708 0.6241327
h6:inflation_expectations_1y 0.3893724   0.12531722 1.4745873 0.1620786
h6:inflation_expectations_3y 0.1975721  -0.14942372 0.5693789 0.8864826
h6:inflation                 0.2589272  -0.06153678 0.8079759 0.6683274
h6:economic_activity         0.1851674  -0.16719265 0.5255062 0.9160127

$diagnostic_list$`Shock: inflation_expectations_1y`[[7]]
                               R-sqrd. Adj. R-sqrd.    F-stat   p-value
h7:supply_chain              0.2220750  -0.12366948 0.6423096 0.8276233
h7:inflation_expectations_1y 0.2376197  -0.10121595 0.7012831 0.7738935
h7:inflation_expectations_3y 0.2671059  -0.05862486 0.8200205 0.6558950
h7:inflation                 0.3821800   0.10759336 1.3918375 0.2004810
h7:economic_activity         0.3496430   0.06059551 1.2096386 0.3073912

$diagnostic_list$`Shock: inflation_expectations_1y`[[8]]
                               R-sqrd.  Adj. R-sqrd.    F-stat    p-value
h8:supply_chain              0.2638371 -0.0726945375 0.7839890 0.69217766
h8:inflation_expectations_1y 0.4180782  0.1520568470 1.5715963 0.12975927
h8:inflation_expectations_3y 0.3598195  0.0671655159 1.2295049 0.29521707
h8:inflation                 0.4670409  0.2234024783 1.9169427 0.05343275
h8:economic_activity         0.3134452 -0.0004084527 0.9986986 0.47994042

$diagnostic_list$`Shock: inflation_expectations_1y`[[9]]
                               R-sqrd. Adj. R-sqrd.    F-stat   p-value
h9:supply_chain              0.3628175  0.062966960 1.2099945 0.3097996
h9:inflation_expectations_1y 0.2604577 -0.087562200 0.7483989 0.7273206
h9:inflation_expectations_3y 0.2555675 -0.094753605 0.7295236 0.7458033
h9:inflation                 0.3133904 -0.009719938 0.9699176 0.5074158
h9:economic_activity         0.3154421 -0.006702765 0.9791933 0.4986809

$diagnostic_list$`Shock: inflation_expectations_1y`[[10]]
                                R-sqrd. Adj. R-sqrd.    F-stat   p-value
h10:supply_chain              0.2702210  -0.08361120 0.7636982 0.7118039
h10:inflation_expectations_1y 0.3883311   0.09176432 1.3094222 0.2488678
h10:inflation_expectations_3y 0.3543703   0.04133775 1.1320558 0.3680915
h10:inflation                 0.3310827   0.00675913 1.0208407 0.4611436
h10:economic_activity         0.3126127  -0.02066594 0.9379920 0.5383607

$diagnostic_list$`Shock: inflation_expectations_1y`[[11]]
                                R-sqrd. Adj. R-sqrd.    F-stat   p-value
h11:supply_chain              0.3006049  -0.04909259 0.8596141 0.6156632
h11:inflation_expectations_1y 0.2908613  -0.06370799 0.8203229 0.6549695
h11:inflation_expectations_3y 0.1982574  -0.20261397 0.4945661 0.9315291
h11:inflation                 0.2982257  -0.05266143 0.8499192 0.6253419
h11:economic_activity         0.3492831   0.02392471 1.0735334 0.4163981

$diagnostic_list$`Shock: inflation_expectations_1y`[[12]]
                                R-sqrd. Adj. R-sqrd.    F-stat   p-value
h12:supply_chain              0.3044186 -0.054591111 0.8479397 0.6272793
h12:inflation_expectations_1y 0.3491672  0.013253537 1.0394552 0.4464280
h12:inflation_expectations_3y 0.3343807 -0.009164746 0.9733230 0.5058739
h12:inflation                 0.3313532 -0.013754824 0.9601434 0.5181779
h12:economic_activity         0.3539648  0.020527275 1.0615626 0.4275005


$diagnostic_list$`Shock: inflation_expectations_3y`
$diagnostic_list$`Shock: inflation_expectations_3y`[[1]]
                               R-sqrd. Adj. R-sqrd.    F-stat     p-value
h1:supply_chain              0.2770007  0.001572378 1.0057088 0.469705351
h1:inflation_expectations_1y 0.4268137  0.208457037 1.9546630 0.041809902
h1:inflation_expectations_3y 0.1676492 -0.149436767 0.5287185 0.916172119
h1:inflation                 0.5163152  0.332054270 2.8020876 0.003817853
h1:economic_activity         0.3105296  0.047874219 1.1822701 0.320448555

$diagnostic_list$`Shock: inflation_expectations_3y`[[2]]
                               R-sqrd. Adj. R-sqrd.    F-stat   p-value
h2:supply_chain              0.2510244  -0.04125881 0.8588396 0.6164363
h2:inflation_expectations_1y 0.3429408   0.08652744 1.3374530 0.2218468
h2:inflation_expectations_3y 0.2579857  -0.03158083 0.8909376 0.5834439
h2:inflation                 0.2434713  -0.05175940 0.8246815 0.6517476
h2:economic_activity         0.3445605   0.08877921 1.3470904 0.2166075

$diagnostic_list$`Shock: inflation_expectations_3y`[[3]]
                               R-sqrd. Adj. R-sqrd.    F-stat   p-value
h3:supply_chain              0.2739835  -0.01642311 0.9434479 0.5307358
h3:inflation_expectations_1y 0.2756279  -0.01412088 0.9512651 0.5230217
h3:inflation_expectations_3y 0.1579723  -0.17883883 0.4690233 0.9481069
h3:inflation                 0.2594116  -0.03682378 0.8756942 0.5991228
h3:economic_activity         0.3009433   0.02132064 1.0762479 0.4071258

$diagnostic_list$`Shock: inflation_expectations_3y`[[4]]
                               R-sqrd. Adj. R-sqrd.    F-stat   p-value
h4:supply_chain              0.2815421 -0.013209817 0.9551833 0.5195068
h4:inflation_expectations_1y 0.2867543 -0.005859362 0.9799758 0.4955186
h4:inflation_expectations_3y 0.2513553 -0.055780976 0.8183836 0.6579923
h4:inflation                 0.2299061 -0.086029917 0.7276983 0.7496488
h4:economic_activity         0.3301559  0.055348107 1.2014066 0.3096263

$diagnostic_list$`Shock: inflation_expectations_3y`[[5]]
                               R-sqrd. Adj. R-sqrd.    F-stat   p-value
h5:supply_chain              0.3997806  0.147056691 1.5818867 0.1220140
h5:inflation_expectations_1y 0.3011307  0.006869907 1.0233463 0.4554647
h5:inflation_expectations_3y 0.2518372 -0.063178683 0.7994429 0.6772245
h5:inflation                 0.2588434 -0.053222550 0.8294509 0.6465138
h5:economic_activity         0.2133742 -0.117836657 0.6442247 0.8270131

$diagnostic_list$`Shock: inflation_expectations_3y`[[6]]
                               R-sqrd. Adj. R-sqrd.    F-stat   p-value
h6:supply_chain              0.2690684  -0.04701010 0.8512708 0.6241327
h6:inflation_expectations_1y 0.3893724   0.12531722 1.4745873 0.1620786
h6:inflation_expectations_3y 0.1975721  -0.14942372 0.5693789 0.8864826
h6:inflation                 0.2589272  -0.06153678 0.8079759 0.6683274
h6:economic_activity         0.1851674  -0.16719265 0.5255062 0.9160127

$diagnostic_list$`Shock: inflation_expectations_3y`[[7]]
                               R-sqrd. Adj. R-sqrd.    F-stat   p-value
h7:supply_chain              0.2220750  -0.12366948 0.6423096 0.8276233
h7:inflation_expectations_1y 0.2376197  -0.10121595 0.7012831 0.7738935
h7:inflation_expectations_3y 0.2671059  -0.05862486 0.8200205 0.6558950
h7:inflation                 0.3821800   0.10759336 1.3918375 0.2004810
h7:economic_activity         0.3496430   0.06059551 1.2096386 0.3073912

$diagnostic_list$`Shock: inflation_expectations_3y`[[8]]
                               R-sqrd.  Adj. R-sqrd.    F-stat    p-value
h8:supply_chain              0.2638371 -0.0726945375 0.7839890 0.69217766
h8:inflation_expectations_1y 0.4180782  0.1520568470 1.5715963 0.12975927
h8:inflation_expectations_3y 0.3598195  0.0671655159 1.2295049 0.29521707
h8:inflation                 0.4670409  0.2234024783 1.9169427 0.05343275
h8:economic_activity         0.3134452 -0.0004084527 0.9986986 0.47994042

$diagnostic_list$`Shock: inflation_expectations_3y`[[9]]
                               R-sqrd. Adj. R-sqrd.    F-stat   p-value
h9:supply_chain              0.3628175  0.062966960 1.2099945 0.3097996
h9:inflation_expectations_1y 0.2604577 -0.087562200 0.7483989 0.7273206
h9:inflation_expectations_3y 0.2555675 -0.094753605 0.7295236 0.7458033
h9:inflation                 0.3133904 -0.009719938 0.9699176 0.5074158
h9:economic_activity         0.3154421 -0.006702765 0.9791933 0.4986809

$diagnostic_list$`Shock: inflation_expectations_3y`[[10]]
                                R-sqrd. Adj. R-sqrd.    F-stat   p-value
h10:supply_chain              0.2702210  -0.08361120 0.7636982 0.7118039
h10:inflation_expectations_1y 0.3883311   0.09176432 1.3094222 0.2488678
h10:inflation_expectations_3y 0.3543703   0.04133775 1.1320558 0.3680915
h10:inflation                 0.3310827   0.00675913 1.0208407 0.4611436
h10:economic_activity         0.3126127  -0.02066594 0.9379920 0.5383607

$diagnostic_list$`Shock: inflation_expectations_3y`[[11]]
                                R-sqrd. Adj. R-sqrd.    F-stat   p-value
h11:supply_chain              0.3006049  -0.04909259 0.8596141 0.6156632
h11:inflation_expectations_1y 0.2908613  -0.06370799 0.8203229 0.6549695
h11:inflation_expectations_3y 0.1982574  -0.20261397 0.4945661 0.9315291
h11:inflation                 0.2982257  -0.05266143 0.8499192 0.6253419
h11:economic_activity         0.3492831   0.02392471 1.0735334 0.4163981

$diagnostic_list$`Shock: inflation_expectations_3y`[[12]]
                                R-sqrd. Adj. R-sqrd.    F-stat   p-value
h12:supply_chain              0.3044186 -0.054591111 0.8479397 0.6272793
h12:inflation_expectations_1y 0.3491672  0.013253537 1.0394552 0.4464280
h12:inflation_expectations_3y 0.3343807 -0.009164746 0.9733230 0.5058739
h12:inflation                 0.3313532 -0.013754824 0.9601434 0.5181779
h12:economic_activity         0.3539648  0.020527275 1.0615626 0.4275005


$diagnostic_list$`Shock: inflation`
$diagnostic_list$`Shock: inflation`[[1]]
                               R-sqrd. Adj. R-sqrd.    F-stat     p-value
h1:supply_chain              0.2770007  0.001572378 1.0057088 0.469705351
h1:inflation_expectations_1y 0.4268137  0.208457037 1.9546630 0.041809902
h1:inflation_expectations_3y 0.1676492 -0.149436767 0.5287185 0.916172119
h1:inflation                 0.5163152  0.332054270 2.8020876 0.003817853
h1:economic_activity         0.3105296  0.047874219 1.1822701 0.320448555

$diagnostic_list$`Shock: inflation`[[2]]
                               R-sqrd. Adj. R-sqrd.    F-stat   p-value
h2:supply_chain              0.2510244  -0.04125881 0.8588396 0.6164363
h2:inflation_expectations_1y 0.3429408   0.08652744 1.3374530 0.2218468
h2:inflation_expectations_3y 0.2579857  -0.03158083 0.8909376 0.5834439
h2:inflation                 0.2434713  -0.05175940 0.8246815 0.6517476
h2:economic_activity         0.3445605   0.08877921 1.3470904 0.2166075

$diagnostic_list$`Shock: inflation`[[3]]
                               R-sqrd. Adj. R-sqrd.    F-stat   p-value
h3:supply_chain              0.2739835  -0.01642311 0.9434479 0.5307358
h3:inflation_expectations_1y 0.2756279  -0.01412088 0.9512651 0.5230217
h3:inflation_expectations_3y 0.1579723  -0.17883883 0.4690233 0.9481069
h3:inflation                 0.2594116  -0.03682378 0.8756942 0.5991228
h3:economic_activity         0.3009433   0.02132064 1.0762479 0.4071258

$diagnostic_list$`Shock: inflation`[[4]]
                               R-sqrd. Adj. R-sqrd.    F-stat   p-value
h4:supply_chain              0.2815421 -0.013209817 0.9551833 0.5195068
h4:inflation_expectations_1y 0.2867543 -0.005859362 0.9799758 0.4955186
h4:inflation_expectations_3y 0.2513553 -0.055780976 0.8183836 0.6579923
h4:inflation                 0.2299061 -0.086029917 0.7276983 0.7496488
h4:economic_activity         0.3301559  0.055348107 1.2014066 0.3096263

$diagnostic_list$`Shock: inflation`[[5]]
                               R-sqrd. Adj. R-sqrd.    F-stat   p-value
h5:supply_chain              0.3997806  0.147056691 1.5818867 0.1220140
h5:inflation_expectations_1y 0.3011307  0.006869907 1.0233463 0.4554647
h5:inflation_expectations_3y 0.2518372 -0.063178683 0.7994429 0.6772245
h5:inflation                 0.2588434 -0.053222550 0.8294509 0.6465138
h5:economic_activity         0.2133742 -0.117836657 0.6442247 0.8270131

$diagnostic_list$`Shock: inflation`[[6]]
                               R-sqrd. Adj. R-sqrd.    F-stat   p-value
h6:supply_chain              0.2690684  -0.04701010 0.8512708 0.6241327
h6:inflation_expectations_1y 0.3893724   0.12531722 1.4745873 0.1620786
h6:inflation_expectations_3y 0.1975721  -0.14942372 0.5693789 0.8864826
h6:inflation                 0.2589272  -0.06153678 0.8079759 0.6683274
h6:economic_activity         0.1851674  -0.16719265 0.5255062 0.9160127

$diagnostic_list$`Shock: inflation`[[7]]
                               R-sqrd. Adj. R-sqrd.    F-stat   p-value
h7:supply_chain              0.2220750  -0.12366948 0.6423096 0.8276233
h7:inflation_expectations_1y 0.2376197  -0.10121595 0.7012831 0.7738935
h7:inflation_expectations_3y 0.2671059  -0.05862486 0.8200205 0.6558950
h7:inflation                 0.3821800   0.10759336 1.3918375 0.2004810
h7:economic_activity         0.3496430   0.06059551 1.2096386 0.3073912

$diagnostic_list$`Shock: inflation`[[8]]
                               R-sqrd.  Adj. R-sqrd.    F-stat    p-value
h8:supply_chain              0.2638371 -0.0726945375 0.7839890 0.69217766
h8:inflation_expectations_1y 0.4180782  0.1520568470 1.5715963 0.12975927
h8:inflation_expectations_3y 0.3598195  0.0671655159 1.2295049 0.29521707
h8:inflation                 0.4670409  0.2234024783 1.9169427 0.05343275
h8:economic_activity         0.3134452 -0.0004084527 0.9986986 0.47994042

$diagnostic_list$`Shock: inflation`[[9]]
                               R-sqrd. Adj. R-sqrd.    F-stat   p-value
h9:supply_chain              0.3628175  0.062966960 1.2099945 0.3097996
h9:inflation_expectations_1y 0.2604577 -0.087562200 0.7483989 0.7273206
h9:inflation_expectations_3y 0.2555675 -0.094753605 0.7295236 0.7458033
h9:inflation                 0.3133904 -0.009719938 0.9699176 0.5074158
h9:economic_activity         0.3154421 -0.006702765 0.9791933 0.4986809

$diagnostic_list$`Shock: inflation`[[10]]
                                R-sqrd. Adj. R-sqrd.    F-stat   p-value
h10:supply_chain              0.2702210  -0.08361120 0.7636982 0.7118039
h10:inflation_expectations_1y 0.3883311   0.09176432 1.3094222 0.2488678
h10:inflation_expectations_3y 0.3543703   0.04133775 1.1320558 0.3680915
h10:inflation                 0.3310827   0.00675913 1.0208407 0.4611436
h10:economic_activity         0.3126127  -0.02066594 0.9379920 0.5383607

$diagnostic_list$`Shock: inflation`[[11]]
                                R-sqrd. Adj. R-sqrd.    F-stat   p-value
h11:supply_chain              0.3006049  -0.04909259 0.8596141 0.6156632
h11:inflation_expectations_1y 0.2908613  -0.06370799 0.8203229 0.6549695
h11:inflation_expectations_3y 0.1982574  -0.20261397 0.4945661 0.9315291
h11:inflation                 0.2982257  -0.05266143 0.8499192 0.6253419
h11:economic_activity         0.3492831   0.02392471 1.0735334 0.4163981

$diagnostic_list$`Shock: inflation`[[12]]
                                R-sqrd. Adj. R-sqrd.    F-stat   p-value
h12:supply_chain              0.3044186 -0.054591111 0.8479397 0.6272793
h12:inflation_expectations_1y 0.3491672  0.013253537 1.0394552 0.4464280
h12:inflation_expectations_3y 0.3343807 -0.009164746 0.9733230 0.5058739
h12:inflation                 0.3313532 -0.013754824 0.9601434 0.5181779
h12:economic_activity         0.3539648  0.020527275 1.0615626 0.4275005


$diagnostic_list$`Shock: economic_activity`
$diagnostic_list$`Shock: economic_activity`[[1]]
                               R-sqrd. Adj. R-sqrd.    F-stat     p-value
h1:supply_chain              0.2770007  0.001572378 1.0057088 0.469705351
h1:inflation_expectations_1y 0.4268137  0.208457037 1.9546630 0.041809902
h1:inflation_expectations_3y 0.1676492 -0.149436767 0.5287185 0.916172119
h1:inflation                 0.5163152  0.332054270 2.8020876 0.003817853
h1:economic_activity         0.3105296  0.047874219 1.1822701 0.320448555

$diagnostic_list$`Shock: economic_activity`[[2]]
                               R-sqrd. Adj. R-sqrd.    F-stat   p-value
h2:supply_chain              0.2510244  -0.04125881 0.8588396 0.6164363
h2:inflation_expectations_1y 0.3429408   0.08652744 1.3374530 0.2218468
h2:inflation_expectations_3y 0.2579857  -0.03158083 0.8909376 0.5834439
h2:inflation                 0.2434713  -0.05175940 0.8246815 0.6517476
h2:economic_activity         0.3445605   0.08877921 1.3470904 0.2166075

$diagnostic_list$`Shock: economic_activity`[[3]]
                               R-sqrd. Adj. R-sqrd.    F-stat   p-value
h3:supply_chain              0.2739835  -0.01642311 0.9434479 0.5307358
h3:inflation_expectations_1y 0.2756279  -0.01412088 0.9512651 0.5230217
h3:inflation_expectations_3y 0.1579723  -0.17883883 0.4690233 0.9481069
h3:inflation                 0.2594116  -0.03682378 0.8756942 0.5991228
h3:economic_activity         0.3009433   0.02132064 1.0762479 0.4071258

$diagnostic_list$`Shock: economic_activity`[[4]]
                               R-sqrd. Adj. R-sqrd.    F-stat   p-value
h4:supply_chain              0.2815421 -0.013209817 0.9551833 0.5195068
h4:inflation_expectations_1y 0.2867543 -0.005859362 0.9799758 0.4955186
h4:inflation_expectations_3y 0.2513553 -0.055780976 0.8183836 0.6579923
h4:inflation                 0.2299061 -0.086029917 0.7276983 0.7496488
h4:economic_activity         0.3301559  0.055348107 1.2014066 0.3096263

$diagnostic_list$`Shock: economic_activity`[[5]]
                               R-sqrd. Adj. R-sqrd.    F-stat   p-value
h5:supply_chain              0.3997806  0.147056691 1.5818867 0.1220140
h5:inflation_expectations_1y 0.3011307  0.006869907 1.0233463 0.4554647
h5:inflation_expectations_3y 0.2518372 -0.063178683 0.7994429 0.6772245
h5:inflation                 0.2588434 -0.053222550 0.8294509 0.6465138
h5:economic_activity         0.2133742 -0.117836657 0.6442247 0.8270131

$diagnostic_list$`Shock: economic_activity`[[6]]
                               R-sqrd. Adj. R-sqrd.    F-stat   p-value
h6:supply_chain              0.2690684  -0.04701010 0.8512708 0.6241327
h6:inflation_expectations_1y 0.3893724   0.12531722 1.4745873 0.1620786
h6:inflation_expectations_3y 0.1975721  -0.14942372 0.5693789 0.8864826
h6:inflation                 0.2589272  -0.06153678 0.8079759 0.6683274
h6:economic_activity         0.1851674  -0.16719265 0.5255062 0.9160127

$diagnostic_list$`Shock: economic_activity`[[7]]
                               R-sqrd. Adj. R-sqrd.    F-stat   p-value
h7:supply_chain              0.2220750  -0.12366948 0.6423096 0.8276233
h7:inflation_expectations_1y 0.2376197  -0.10121595 0.7012831 0.7738935
h7:inflation_expectations_3y 0.2671059  -0.05862486 0.8200205 0.6558950
h7:inflation                 0.3821800   0.10759336 1.3918375 0.2004810
h7:economic_activity         0.3496430   0.06059551 1.2096386 0.3073912

$diagnostic_list$`Shock: economic_activity`[[8]]
                               R-sqrd.  Adj. R-sqrd.    F-stat    p-value
h8:supply_chain              0.2638371 -0.0726945375 0.7839890 0.69217766
h8:inflation_expectations_1y 0.4180782  0.1520568470 1.5715963 0.12975927
h8:inflation_expectations_3y 0.3598195  0.0671655159 1.2295049 0.29521707
h8:inflation                 0.4670409  0.2234024783 1.9169427 0.05343275
h8:economic_activity         0.3134452 -0.0004084527 0.9986986 0.47994042

$diagnostic_list$`Shock: economic_activity`[[9]]
                               R-sqrd. Adj. R-sqrd.    F-stat   p-value
h9:supply_chain              0.3628175  0.062966960 1.2099945 0.3097996
h9:inflation_expectations_1y 0.2604577 -0.087562200 0.7483989 0.7273206
h9:inflation_expectations_3y 0.2555675 -0.094753605 0.7295236 0.7458033
h9:inflation                 0.3133904 -0.009719938 0.9699176 0.5074158
h9:economic_activity         0.3154421 -0.006702765 0.9791933 0.4986809

$diagnostic_list$`Shock: economic_activity`[[10]]
                                R-sqrd. Adj. R-sqrd.    F-stat   p-value
h10:supply_chain              0.2702210  -0.08361120 0.7636982 0.7118039
h10:inflation_expectations_1y 0.3883311   0.09176432 1.3094222 0.2488678
h10:inflation_expectations_3y 0.3543703   0.04133775 1.1320558 0.3680915
h10:inflation                 0.3310827   0.00675913 1.0208407 0.4611436
h10:economic_activity         0.3126127  -0.02066594 0.9379920 0.5383607

$diagnostic_list$`Shock: economic_activity`[[11]]
                                R-sqrd. Adj. R-sqrd.    F-stat   p-value
h11:supply_chain              0.3006049  -0.04909259 0.8596141 0.6156632
h11:inflation_expectations_1y 0.2908613  -0.06370799 0.8203229 0.6549695
h11:inflation_expectations_3y 0.1982574  -0.20261397 0.4945661 0.9315291
h11:inflation                 0.2982257  -0.05266143 0.8499192 0.6253419
h11:economic_activity         0.3492831   0.02392471 1.0735334 0.4163981

$diagnostic_list$`Shock: economic_activity`[[12]]
                                R-sqrd. Adj. R-sqrd.    F-stat   p-value
h12:supply_chain              0.3044186 -0.054591111 0.8479397 0.6272793
h12:inflation_expectations_1y 0.3491672  0.013253537 1.0394552 0.4464280
h12:inflation_expectations_3y 0.3343807 -0.009164746 0.9733230 0.5058739
h12:inflation                 0.3313532 -0.013754824 0.9601434 0.5181779
h12:economic_activity         0.3539648  0.020527275 1.0615626 0.4275005



$specs
$specs$lags_endog_lin
SC(n) 
    1 

$specs$lags_criterion
[1] NaN

$specs$max_lags
[1] NaN

$specs$trend
[1] 0

$specs$shock_type
[1] 0

$specs$confint
[1] 1.65

$specs$hor
[1] 12

$specs$use_nw
[1] TRUE

$specs$nw_prewhite
[1] FALSE

$specs$adjust_se
[1] FALSE

$specs$use_twosls
[1] FALSE

$specs$contemp_data
$specs$contemp_data$dummy
 [1] 0 0 0 0 0 0 0 0 0 0 0 0 0 0 0 0 0 0 0 0 0 0 0 0 0 1 1 1 1 0 1 0 1 0 0 0 0 0 0 0 0 0 0 0 0 0 0 0 0 0 0 0 0 0 0 0 0 0 0 0

$specs$contemp_data$Jan
 [1] 0 0 0 0 0 0 0 0 0 0 0 1 0 0 0 0 0 0 0 0 0 0 0 1 0 0 0 0 0 0 0 0 0 0 0 1 0 0 0 0 0 0 0 0 0 0 0 1 0 0 0 0 0 0 0 0 0 0 0 1

$specs$contemp_data$Feb
 [1] 1 0 0 0 0 0 0 0 0 0 0 0 1 0 0 0 0 0 0 0 0 0 0 0 1 0 0 0 0 0 0 0 0 0 0 0 1 0 0 0 0 0 0 0 0 0 0 0 1 0 0 0 0 0 0 0 0 0 0 0

$specs$contemp_data$Mar
 [1] 0 1 0 0 0 0 0 0 0 0 0 0 0 1 0 0 0 0 0 0 0 0 0 0 0 1 0 0 0 0 0 0 0 0 0 0 0 1 0 0 0 0 0 0 0 0 0 0 0 1 0 0 0 0 0 0 0 0 0 0

$specs$contemp_data$Apr
 [1] 0 0 1 0 0 0 0 0 0 0 0 0 0 0 1 0 0 0 0 0 0 0 0 0 0 0 1 0 0 0 0 0 0 0 0 0 0 0 1 0 0 0 0 0 0 0 0 0 0 0 1 0 0 0 0 0 0 0 0 0

$specs$contemp_data$May
 [1] 0 0 0 1 0 0 0 0 0 0 0 0 0 0 0 1 0 0 0 0 0 0 0 0 0 0 0 1 0 0 0 0 0 0 0 0 0 0 0 1 0 0 0 0 0 0 0 0 0 0 0 1 0 0 0 0 0 0 0 0

$specs$contemp_data$Jun
 [1] 0 0 0 0 1 0 0 0 0 0 0 0 0 0 0 0 1 0 0 0 0 0 0 0 0 0 0 0 1 0 0 0 0 0 0 0 0 0 0 0 1 0 0 0 0 0 0 0 0 0 0 0 1 0 0 0 0 0 0 0

$specs$contemp_data$Jul
 [1] 0 0 0 0 0 1 0 0 0 0 0 0 0 0 0 0 0 1 0 0 0 0 0 0 0 0 0 0 0 1 0 0 0 0 0 0 0 0 0 0 0 1 0 0 0 0 0 0 0 0 0 0 0 1 0 0 0 0 0 0

$specs$contemp_data$Aug
 [1] 0 0 0 0 0 0 1 0 0 0 0 0 0 0 0 0 0 0 1 0 0 0 0 0 0 0 0 0 0 0 1 0 0 0 0 0 0 0 0 0 0 0 1 0 0 0 0 0 0 0 0 0 0 0 1 0 0 0 0 0

$specs$contemp_data$Sep
 [1] 0 0 0 0 0 0 0 1 0 0 0 0 0 0 0 0 0 0 0 1 0 0 0 0 0 0 0 0 0 0 0 1 0 0 0 0 0 0 0 0 0 0 0 1 0 0 0 0 0 0 0 0 0 0 0 1 0 0 0 0

$specs$contemp_data$Oct
 [1] 0 0 0 0 0 0 0 0 1 0 0 0 0 0 0 0 0 0 0 0 1 0 0 0 0 0 0 0 0 0 0 0 1 0 0 0 0 0 0 0 0 0 0 0 1 0 0 0 0 0 0 0 0 0 0 0 1 0 0 0


$specs$model_type
[1] 0

$specs$starts
[1] 1

$specs$ends
[1] 60

$specs$column_names
[1] "supply_chain"              "inflation_expectations_1y" "inflation_expectations_3y" "inflation"                
[5] "economic_activity"        

$specs$endog
[1] 5

$specs$y_lin
    supply_chain inflation_expectations_1y inflation_expectations_3y    inflation economic_activity
2   0.0012463884              -0.079620123               0.023733377  0.002310570        0.03672057
3   0.0077591317               0.228555441               0.061933756  0.031662657        0.02660601
4  -0.0134695581               0.000000000              -0.007986784  0.027403122        0.04356130
5   0.0042522070               0.000000000               0.038039923  0.010862582        0.01757053
6   0.0071360221               0.001872778              -0.116087914  0.009406502        0.03236078
7  -0.0054153428               0.017283440               0.116087914  0.021640425        0.02930438
8  -0.0017772784              -0.004920721               0.000000000  0.025003951        0.02923299
9   0.0066079011               0.004920721               0.000000000  0.028405410        0.02229492
10 -0.0001078594              -0.030053139              -0.116087914 -0.008420605        0.02323041
11 -0.0296435771               0.030053139               0.096931696  0.008246918        0.01734758
12 -0.0064742384              -0.030053139              -0.010896921 -0.002323999        0.03391158
13  0.0212994608              -0.176372051              -0.201508284  0.029025084        0.02600387
14 -0.0093359787               0.022861719               0.095972538  0.042416785        0.02691934
15  0.0057929683              -0.218312263              -0.170893431  0.048586660        0.03757401
16 -0.0137983244              -0.145042181              -0.100185633  0.003720327        0.02002637
17  0.0074334144               0.217070103               0.069105387 -0.006141925        0.02480201
18 -0.0116333211              -0.079553127              -0.083071947  0.024993882        0.02186920
19 -0.0015229848              -0.176150560              -0.077933550  0.017681720        0.02278745
20  0.0005953027               0.069185972              -0.126637936  0.021370449        0.03620964
21 -0.0108709923              -0.153448343               0.004080772  0.034784574        0.01981848
22  0.0230697054               0.017366648               0.142476082  0.026361361        0.02549842
23  0.0050352595               0.180090904               0.016174078  0.038444527        0.02259084
24 -0.0016015940              -0.031989813               0.000000000  0.019694440        0.03781474
25 -0.0138944517               0.041871071               0.051145554  0.009814561        0.03578346
26  0.0055395166               0.000000000              -0.189331532 -0.050912346       -0.07956922
27 -0.0036558176               0.085786104               0.223972082 -0.090824177       -0.77070172
28  0.0061000439               0.376688957              -0.012976170 -0.010450429        0.21339722
29 -0.0024403520              -0.318598032              -0.136598825  0.053592068        0.21330076
30  0.0132675899               0.206044197               0.257966757  0.061866907        0.02971606
31  0.0018367528               0.112553835               0.249140978  0.053808986        0.15791953
32 -0.0045656378              -0.019156218              -0.238733053  0.028930510        0.07717705
33  0.0051372687              -0.144741774              -0.040002584  0.011918979        0.10115859
34  0.0013541508               0.126406431               0.117631912  0.024543630        0.04507153
35  0.0090921072               0.037491560               0.161103725  0.057557700        0.01677041
36  0.0023454733               0.046669483               0.047342062  0.028496735        0.06736316
37  0.0039174005               0.044214964              -0.028185844  0.045997380        0.05066022
38  0.0184374202               0.153371334               0.092952490  0.059503194        0.06160136
39  0.0276405193               0.115923882               0.005092859  0.082225516        0.03720211
40 -0.0188651722               0.639820337               0.471664906  0.082531234        0.06412900
41  0.0057812966               0.801745415              -0.022792339  0.098347464        0.05475905
42  0.0065935637               0.040705204               0.164751053  0.054649100        0.08879717
43  0.0030543848               0.337376595               0.287992716  0.049840953        0.06602323
44  0.0150639747               0.130341530               0.194323301  0.052018077        0.07861505
45  0.0399439426               0.343297958               0.017191887  0.114305741        0.06819482
46 -0.0400460010               0.346533298              -0.199976921  0.098833469        0.06879133
47 -0.0223332135              -0.009726048              -0.011199951  0.097421769        0.06937609
48  0.0124045119              -0.201833725              -0.522751808  0.075404740        0.03542764
49  0.0122883865               0.211559772               0.297553301  0.088488916        0.07849205
50 -0.0107787188               0.583898067              -0.099878550  0.126900569        0.05112829
51 -0.0101958300              -0.238460541               0.227452993  0.048497289        0.04431433
52 -0.0153143664               0.230577469              -0.023298502  0.115684054        0.03389257
53 -0.0112472950               0.199839592              -0.260592937  0.151285219        0.03843642
54 -0.0046532723              -0.552228928              -0.436033010 -0.004064650        0.05041760
55 -0.0212039557              -0.477911472              -0.427183867  0.028517738        0.02896168
56  0.0109745400              -0.304920197               0.154703379  0.050566174        0.04915587
57 -0.0013347852               0.503497124               0.200692415  0.060045147        0.03059615
58 -0.0018630331              -0.715742588              -0.113289595  0.024858721        0.04330825
59 -0.0247456333              -0.235079288              -0.004589558  0.015857387        0.03585464
60  0.0147012874              -0.038488865              -0.280791283  0.063675095        0.04576300

$specs$x_lin
   supply_chain_lag_1 inflation_expectations_1y_lag_1 inflation_expectations_3y_lag_1 inflation_lag_1
2        0.0021794741                     0.119915485                     0.090704918     0.032745451
3        0.0012463884                    -0.079620123                     0.023733377     0.002310570
4        0.0077591317                     0.228555441                     0.061933756     0.031662657
5       -0.0134695581                     0.000000000                    -0.007986784     0.027403122
6        0.0042522070                     0.000000000                     0.038039923     0.010862582
7        0.0071360221                     0.001872778                    -0.116087914     0.009406502
8       -0.0054153428                     0.017283440                     0.116087914     0.021640425
9       -0.0017772784                    -0.004920721                     0.000000000     0.025003951
10       0.0066079011                     0.004920721                     0.000000000     0.028405410
11      -0.0001078594                    -0.030053139                    -0.116087914    -0.008420605
12      -0.0296435771                     0.030053139                     0.096931696     0.008246918
13      -0.0064742384                    -0.030053139                    -0.010896921    -0.002323999
14       0.0212994608                    -0.176372051                    -0.201508284     0.029025084
15      -0.0093359787                     0.022861719                     0.095972538     0.042416785
16       0.0057929683                    -0.218312263                    -0.170893431     0.048586660
17      -0.0137983244                    -0.145042181                    -0.100185633     0.003720327
18       0.0074334144                     0.217070103                     0.069105387    -0.006141925
19      -0.0116333211                    -0.079553127                    -0.083071947     0.024993882
20      -0.0015229848                    -0.176150560                    -0.077933550     0.017681720
21       0.0005953027                     0.069185972                    -0.126637936     0.021370449
22      -0.0108709923                    -0.153448343                     0.004080772     0.034784574
23       0.0230697054                     0.017366648                     0.142476082     0.026361361
24       0.0050352595                     0.180090904                     0.016174078     0.038444527
25      -0.0016015940                    -0.031989813                     0.000000000     0.019694440
26      -0.0138944517                     0.041871071                     0.051145554     0.009814561
27       0.0055395166                     0.000000000                    -0.189331532    -0.050912346
28      -0.0036558176                     0.085786104                     0.223972082    -0.090824177
29       0.0061000439                     0.376688957                    -0.012976170    -0.010450429
30      -0.0024403520                    -0.318598032                    -0.136598825     0.053592068
31       0.0132675899                     0.206044197                     0.257966757     0.061866907
32       0.0018367528                     0.112553835                     0.249140978     0.053808986
33      -0.0045656378                    -0.019156218                    -0.238733053     0.028930510
34       0.0051372687                    -0.144741774                    -0.040002584     0.011918979
35       0.0013541508                     0.126406431                     0.117631912     0.024543630
36       0.0090921072                     0.037491560                     0.161103725     0.057557700
37       0.0023454733                     0.046669483                     0.047342062     0.028496735
38       0.0039174005                     0.044214964                    -0.028185844     0.045997380
39       0.0184374202                     0.153371334                     0.092952490     0.059503194
40       0.0276405193                     0.115923882                     0.005092859     0.082225516
41      -0.0188651722                     0.639820337                     0.471664906     0.082531234
42       0.0057812966                     0.801745415                    -0.022792339     0.098347464
43       0.0065935637                     0.040705204                     0.164751053     0.054649100
44       0.0030543848                     0.337376595                     0.287992716     0.049840953
45       0.0150639747                     0.130341530                     0.194323301     0.052018077
46       0.0399439426                     0.343297958                     0.017191887     0.114305741
47      -0.0400460010                     0.346533298                    -0.199976921     0.098833469
48      -0.0223332135                    -0.009726048                    -0.011199951     0.097421769
49       0.0124045119                    -0.201833725                    -0.522751808     0.075404740
50       0.0122883865                     0.211559772                     0.297553301     0.088488916
51      -0.0107787188                     0.583898067                    -0.099878550     0.126900569
52      -0.0101958300                    -0.238460541                     0.227452993     0.048497289
53      -0.0153143664                     0.230577469                    -0.023298502     0.115684054
54      -0.0112472950                     0.199839592                    -0.260592937     0.151285219
55      -0.0046532723                    -0.552228928                    -0.436033010    -0.004064650
56      -0.0212039557                    -0.477911472                    -0.427183867     0.028517738
57       0.0109745400                    -0.304920197                     0.154703379     0.050566174
58      -0.0013347852                     0.503497124                     0.200692415     0.060045147
59      -0.0018630331                    -0.715742588                    -0.113289595     0.024858721
60      -0.0247456333                    -0.235079288                    -0.004589558     0.015857387
   economic_activity_lag_1 dummy Jan Feb Mar Apr May Jun Jul Aug Sep Oct
2               0.02976223     0   0   0   1   0   0   0   0   0   0   0
3               0.03672057     0   0   0   0   1   0   0   0   0   0   0
4               0.02660601     0   0   0   0   0   1   0   0   0   0   0
5               0.04356130     0   0   0   0   0   0   1   0   0   0   0
6               0.01757053     0   0   0   0   0   0   0   1   0   0   0
7               0.03236078     0   0   0   0   0   0   0   0   1   0   0
8               0.02930438     0   0   0   0   0   0   0   0   0   1   0
9               0.02923299     0   0   0   0   0   0   0   0   0   0   1
10              0.02229492     0   0   0   0   0   0   0   0   0   0   0
11              0.02323041     0   0   0   0   0   0   0   0   0   0   0
12              0.01734758     0   1   0   0   0   0   0   0   0   0   0
13              0.03391158     0   0   1   0   0   0   0   0   0   0   0
14              0.02600387     0   0   0   1   0   0   0   0   0   0   0
15              0.02691934     0   0   0   0   1   0   0   0   0   0   0
16              0.03757401     0   0   0   0   0   1   0   0   0   0   0
17              0.02002637     0   0   0   0   0   0   1   0   0   0   0
18              0.02480201     0   0   0   0   0   0   0   1   0   0   0
19              0.02186920     0   0   0   0   0   0   0   0   1   0   0
20              0.02278745     0   0   0   0   0   0   0   0   0   1   0
21              0.03620964     0   0   0   0   0   0   0   0   0   0   1
22              0.01981848     0   0   0   0   0   0   0   0   0   0   0
23              0.02549842     0   0   0   0   0   0   0   0   0   0   0
24              0.02259084     0   1   0   0   0   0   0   0   0   0   0
25              0.03781474     0   0   1   0   0   0   0   0   0   0   0
26              0.03578346     1   0   0   1   0   0   0   0   0   0   0
27             -0.07956922     1   0   0   0   1   0   0   0   0   0   0
28             -0.77070172     1   0   0   0   0   1   0   0   0   0   0
29              0.21339722     1   0   0   0   0   0   1   0   0   0   0
30              0.21330076     0   0   0   0   0   0   0   1   0   0   0
31              0.02971606     1   0   0   0   0   0   0   0   1   0   0
32              0.15791953     0   0   0   0   0   0   0   0   0   1   0
33              0.07717705     1   0   0   0   0   0   0   0   0   0   1
34              0.10115859     0   0   0   0   0   0   0   0   0   0   0
35              0.04507153     0   0   0   0   0   0   0   0   0   0   0
36              0.01677041     0   1   0   0   0   0   0   0   0   0   0
37              0.06736316     0   0   1   0   0   0   0   0   0   0   0
38              0.05066022     0   0   0   1   0   0   0   0   0   0   0
39              0.06160136     0   0   0   0   1   0   0   0   0   0   0
40              0.03720211     0   0   0   0   0   1   0   0   0   0   0
41              0.06412900     0   0   0   0   0   0   1   0   0   0   0
42              0.05475905     0   0   0   0   0   0   0   1   0   0   0
43              0.08879717     0   0   0   0   0   0   0   0   1   0   0
44              0.06602323     0   0   0   0   0   0   0   0   0   1   0
45              0.07861505     0   0   0   0   0   0   0   0   0   0   1
46              0.06819482     0   0   0   0   0   0   0   0   0   0   0
47              0.06879133     0   0   0   0   0   0   0   0   0   0   0
48              0.06937609     0   1   0   0   0   0   0   0   0   0   0
49              0.03542764     0   0   1   0   0   0   0   0   0   0   0
50              0.07849205     0   0   0   1   0   0   0   0   0   0   0
51              0.05112829     0   0   0   0   1   0   0   0   0   0   0
52              0.04431433     0   0   0   0   0   1   0   0   0   0   0
53              0.03389257     0   0   0   0   0   0   1   0   0   0   0
54              0.03843642     0   0   0   0   0   0   0   1   0   0   0
55              0.05041760     0   0   0   0   0   0   0   0   1   0   0
56              0.02896168     0   0   0   0   0   0   0   0   0   1   0
57              0.04915587     0   0   0   0   0   0   0   0   0   0   1
58              0.03059615     0   0   0   0   0   0   0   0   0   0   0
59              0.04330825     0   0   0   0   0   0   0   0   0   0   0
60              0.03585464     0   1   0   0   0   0   0   0   0   0   0


attr(,"class")
[1] "lpirfs_lin_obj"
