[1] "energy"               "djn level estimation"
                   1             2             3             4             5             6
AIC(n) -2.568415e+01 -2.615827e+01 -2.629039e+01 -2.761413e+01 -2.808438e+01 -2.881419e+01
HQ(n)  -2.448449e+01 -2.460577e+01 -2.438504e+01 -2.535595e+01 -2.547335e+01 -2.585032e+01
SC(n)  -2.258191e+01 -2.214361e+01 -2.136330e+01 -2.177462e+01 -2.133244e+01 -2.114983e+01
FPE(n)  7.778497e-12  5.524747e-12  6.074598e-12  2.341461e-12  2.655029e-12  3.418735e-12
                   1             2             3             4             5             6
AIC(n) -2.568415e+01 -2.615827e+01 -2.629039e+01 -2.761413e+01 -2.808438e+01 -2.881419e+01
HQ(n)  -2.448449e+01 -2.460577e+01 -2.438504e+01 -2.535595e+01 -2.547335e+01 -2.585032e+01
SC(n)  -2.258191e+01 -2.214361e+01 -2.136330e+01 -2.177462e+01 -2.133244e+01 -2.114983e+01
FPE(n)  7.778497e-12  5.524747e-12  6.074598e-12  2.341461e-12  2.655029e-12  3.418735e-12
$irf_lin_mean
, , 1

           [,1]        [,2]         [,3]         [,4]         [,5]         [,6]        [,7]        [,8]        [,9]
[1,] 0.01159134 0.007350924  0.004390825  0.004485420  0.004806979 0.0064165414 0.004037111 0.005289406 0.007040415
[2,] 0.05881051 0.065513895  0.131528308  0.143638000  0.169105172 0.1886984585 0.155311199 0.196679509 0.184642714
[3,] 0.04078103 0.079344240  0.098642916  0.127627917  0.125858617 0.1158198523 0.115427757 0.114876793 0.135472460
[4,] 0.01353403 0.004914215  0.002173831 -0.001904577 -0.003088103 0.0026846110 0.003190348 0.010097353 0.005950353
[5,] 0.02515884 0.023970597 -0.008801073 -0.004974095 -0.016988096 0.0007108055 0.014375530 0.010295435 0.008299181
           [,10]       [,11]       [,12]        [,13]
[1,] 0.007952504 0.005594557 0.004142782  0.002414287
[2,] 0.176620594 0.149817552 0.210164362  0.206483224
[3,] 0.093607908 0.097386179 0.106415120  0.112849622
[4,] 0.007491532 0.005566855 0.005534487  0.004627553
[5,] 0.026871495 0.019920930 0.008756311 -0.014651059

, , 2

             [,1]         [,2]        [,3]        [,4]         [,5]          [,6]         [,7]        [,8]          [,9]
[1,]  0.000000000 0.0007522123 0.001251371 0.001474581 0.0003912239  0.0005832036  0.002128048 0.001268921  0.0010900048
[2,]  0.216978669 0.2373080053 0.201551405 0.208231123 0.2450892941  0.2527008254  0.250829481 0.298226327  0.3135668055
[3,]  0.086600107 0.0725643268 0.035550575 0.026051547 0.0570838471  0.0516370436  0.055809832 0.063225284  0.0400587710
[4,]  0.009484577 0.0046926831 0.002126163 0.006700677 0.0070190936  0.0046729861  0.001897171 0.005541548  0.0069914672
[5,] -0.022159990 0.0057765640 0.008041307 0.002053497 0.0104320041 -0.0034313246 -0.004215914 0.004472270 -0.0004675483
            [,10]       [,11]         [,12]        [,13]
[1,]  0.001916547 0.003486072  0.0023035351 0.0007472394
[2,]  0.352563801 0.381442277  0.3899215868 0.4006409496
[3,]  0.061149091 0.054977810  0.0748933817 0.0650774109
[4,]  0.002328618 0.007310957  0.0048852226 0.0033100377
[5,] -0.009862883 0.005222906 -0.0009556326 0.0080093911

, , 3

             [,1]         [,2]        [,3]        [,4]       [,5]        [,6]        [,7]        [,8]        [,9]
[1,]  0.000000000  0.003321548 0.004515861 0.004857125 0.00518330 0.005565361 0.009559039 0.008704318 0.006307111
[2,]  0.000000000  0.060983454 0.061634816 0.107448138 0.11923479 0.169538738 0.306338147 0.368312359 0.369317408
[3,]  0.161869461  0.136594636 0.124836514 0.102531507 0.10442138 0.131503769 0.169931460 0.210088706 0.155859037
[4,] -0.004695246  0.003982601 0.005938573 0.009991550 0.01242637 0.009022410 0.013731752 0.012186662 0.013024405
[5,] -0.012680258 -0.006697175 0.010266938 0.012501947 0.02211254 0.008834977 0.013986664 0.021629202 0.005331257
            [,10]        [,11]         [,12]         [,13]
[1,]  0.004037235  0.004370235  0.0013120505  7.712433e-06
[2,]  0.353131110  0.380177952  0.2573421151  2.175603e-01
[3,]  0.145753917  0.094235900  0.0275219333  1.978226e-02
[4,]  0.008937503  0.005631436  0.0008581104 -2.513573e-03
[5,] -0.014190859 -0.017013783 -0.0013850452  3.852753e-03

, , 4

           [,1]          [,2]          [,3]         [,4]         [,5]          [,6]         [,7]        [,8]        [,9]
[1,] 0.00000000 -0.0006153959  0.0002095634 -0.001860143 -0.003032075  0.0008974394  0.003064759 0.004322473 0.005917138
[2,] 0.00000000 -0.0052887052  0.0172299442  0.016213793  0.078971565  0.1091541023  0.167648913 0.318254500 0.382547501
[3,] 0.00000000  0.0053406452 -0.0139773290 -0.039219318  0.004967178  0.0470428340  0.101212172 0.143213677 0.117732945
[4,] 0.02731587  0.0086425706 -0.0028792791  0.001220035  0.001789548  0.0027248162  0.005112337 0.013345376 0.012720143
[5,] 0.05666342  0.0039501731 -0.0149410256  0.006684911  0.004604704 -0.0114725190 -0.013345547 0.010453672 0.008713436
            [,10]      [,11]       [,12]        [,13]
[1,]  0.008260036 0.01008338 0.008455331  0.006221280
[2,]  0.471935955 0.59486574 0.693223183  0.775312200
[3,]  0.153410411 0.18972580 0.253845062  0.295999198
[4,]  0.008992489 0.01955224 0.014186217  0.002835068
[5,] -0.009195058 0.02489975 0.006408112 -0.015175331

, , 5

           [,1]          [,2]         [,3]         [,4]          [,5]          [,6]        [,7]          [,8]         [,9]
[1,] 0.00000000  0.0004280419  0.001218951 -0.001050082  0.0004541595  0.0022556429 0.001322215  0.0025753300  0.002218285
[2,] 0.00000000 -0.0384908316  0.041690732  0.027740884 -0.0368847750 -0.0479784382 0.031595426 -0.0308099450 -0.027629821
[3,] 0.00000000 -0.0033661076  0.049765063  0.017300041 -0.0442209923 -0.0011196178 0.021078575  0.0102776922  0.013082101
[4,] 0.00000000  0.0037791253  0.002883388 -0.001868086 -0.0012301970  0.0006841291 0.009735431  0.0004208612 -0.002887155
[5,] 0.09338448 -0.0206166729 -0.023184572  0.015463876  0.0003950424  0.0093273824 0.004691194  0.0003864154  0.008472018
             [,10]        [,11]         [,12]        [,13]
[1,]  0.0004350931 -0.001766566 -9.791407e-05  0.002552894
[2,] -0.0604773906 -0.050310193 -6.395977e-02 -0.067464244
[3,] -0.0083645612  0.008741494 -1.964599e-02  0.012461597
[4,]  0.0042826323 -0.001151341 -3.330764e-04 -0.006442230
[5,]  0.0014516183 -0.009661788  4.028775e-03 -0.024970481


$irf_lin_low
, , 1

           [,1]         [,2]         [,3]         [,4]         [,5]         [,6]         [,7]         [,8]         [,9]
[1,] 0.01159134  0.002989044 -0.001611041 -0.002586892 -0.003684253 -0.001845029 -0.005306354 -0.005025802 -0.003809716
[2,] 0.05881051 -0.026900290 -0.038795264 -0.092383081 -0.082585666 -0.146457350 -0.273558758 -0.310855405 -0.357989463
[3,] 0.04078103  0.002875656 -0.022221050 -0.019367195 -0.033770704 -0.065542791 -0.088368580 -0.124069187 -0.111071354
[4,] 0.01353403 -0.008159241 -0.013202581 -0.016985319 -0.014951868 -0.013505418 -0.015806082 -0.008908574 -0.012106985
[5,] 0.02515884 -0.023382348 -0.038264248 -0.029003338 -0.061630878 -0.025452075 -0.027445972 -0.021807058 -0.021031140
            [,10]        [,11]        [,12]        [,13]
[1,] -0.002753169 -0.005879977 -0.007248735 -0.008588843
[2,] -0.396003130 -0.444771448 -0.423678210 -0.429940036
[3,] -0.170650515 -0.154161378 -0.127594895 -0.113196113
[4,] -0.015136111 -0.013525628 -0.014226551 -0.017973087
[5,] -0.032695913 -0.029242933 -0.036022144 -0.058507669

, , 2

             [,1]          [,2]         [,3]         [,4]         [,5]         [,6]         [,7]         [,8]         [,9]
[1,]  0.000000000 -0.0007525815 -0.001198875 -0.001955486 -0.003608966 -0.003931963 -0.003340229 -0.003936080 -0.003314492
[2,]  0.216978669  0.1976327207  0.123732374  0.105649183  0.120669439  0.088123853  0.011581153 -0.067106674 -0.082736539
[3,]  0.086600107  0.0335913566 -0.017354981 -0.038192479 -0.023300646 -0.048252859 -0.065597089 -0.100337996 -0.126195085
[4,]  0.009484577  0.0002483787 -0.002138853  0.001324456  0.001288328 -0.002738807 -0.007618809 -0.004332508 -0.001049772
[5,] -0.022159990 -0.0028934035  0.001508280 -0.009724405 -0.010461987 -0.014449784 -0.020565897 -0.020436801 -0.018864012
           [,10]        [,11]        [,12]        [,13]
[1,] -0.00214758 -0.002728496 -0.003610389 -0.005016370
[2,] -0.02497233  0.005940122 -0.017957339  0.006077925
[3,] -0.10277954 -0.086546267 -0.065086651 -0.068821585
[4,] -0.00922209 -0.002678960 -0.007444868 -0.009228324
[5,] -0.03518498 -0.016065333 -0.028337258 -0.006344420

, , 3

             [,1]         [,2]        [,3]         [,4]        [,5]        [,6]        [,7]        [,8]         [,9]
[1,]  0.000000000  0.002707611 0.003367716 0.0023524262 0.002544315 0.002923568 0.006428624 0.006044907  0.004180919
[2,]  0.000000000  0.046721309 0.028911155 0.0812921812 0.073571890 0.112844183 0.210705048 0.183673300  0.171013997
[3,]  0.161869461  0.114053430 0.099938773 0.0788374872 0.077654004 0.098243940 0.121539630 0.124747554  0.071935960
[4,] -0.004695246  0.002185122 0.005407845 0.0065447870 0.008095057 0.004423155 0.009959858 0.007118931  0.008555159
[5,] -0.012680258 -0.008632434 0.011514282 0.0008278654 0.002071200 0.005924069 0.007318484 0.005133308 -0.007412437
            [,10]         [,11]         [,12]        [,13]
[1,]  0.002413950  0.0014636440 -0.0007880589 -0.001541325
[2,]  0.170796879  0.2142112215  0.0782156063  0.056841457
[3,]  0.060705114  0.0447640042 -0.0304745968 -0.023002144
[4,]  0.004452686 -0.0009689912 -0.0045215536 -0.004187658
[5,] -0.031505217 -0.0220531167 -0.0125496526  0.003654156

, , 4

           [,1]         [,2]         [,3]         [,4]         [,5]         [,6]         [,7]          [,8]         [,9]
[1,] 0.00000000 -0.004302707 -0.004631807 -0.006172595 -0.008516295 -0.004977156 -0.003916143 -0.0030913372 -0.001519320
[2,] 0.00000000 -0.079838289 -0.114138674 -0.183815935 -0.112194300 -0.131151203 -0.164243361 -0.0424642652 -0.013611974
[3,] 0.00000000 -0.053603598 -0.103915139 -0.155069132 -0.119500673 -0.089301506 -0.047074834 -0.0148874505 -0.056854593
[4,] 0.02731587 -0.002880904 -0.016825636 -0.009720552 -0.004454655 -0.007721735 -0.009870210  0.0002182709  0.002180221
[5,] 0.05666342 -0.039504184 -0.044362652 -0.007501243 -0.015733744 -0.033930493 -0.045366942 -0.0106691757 -0.012626860
            [,10]        [,11]         [,12]        [,13]
[1,]  0.001818384  0.002972006  0.0007859697 -0.001968426
[2,]  0.065214866  0.161749387  0.2513635199  0.362598446
[3,] -0.031052794 -0.012676698  0.0886301314  0.129996505
[4,] -0.009704489  0.010530260  0.0007822927 -0.017759567
[5,] -0.041176095 -0.015256710 -0.0305997903 -0.066373882

, , 5

           [,1]         [,2]         [,3]         [,4]         [,5]          [,6]         [,7]          [,8]          [,9]
[1,] 0.00000000 -0.001754780 -0.001429776 -0.003009514 -0.001862977 -1.880832e-05 -0.001425032 -0.0001502475 -0.0011918827
[2,] 0.00000000 -0.074008630 -0.004665723 -0.037511615 -0.094462747 -1.086782e-01 -0.066099901 -0.1072338358 -0.1101850685
[3,] 0.00000000 -0.029547688  0.012942959 -0.028707399 -0.084780453 -3.333616e-02 -0.017631867 -0.0286020648 -0.0349325722
[4,] 0.00000000 -0.003145999 -0.005454578 -0.008191508 -0.003895144 -3.773661e-03  0.004931869 -0.0040342767 -0.0076998021
[5,] 0.09338448 -0.053895585 -0.042564638  0.006749977 -0.008075702  1.924573e-03 -0.008691997 -0.0091111258 -0.0006598319
            [,10]        [,11]        [,12]         [,13]
[1,] -0.002687415 -0.004291781 -0.002874783 -0.0007856591
[2,] -0.164024926 -0.170065121 -0.187630465 -0.1739295332
[3,] -0.068072489 -0.053639151 -0.077153550 -0.0394918471
[4,] -0.003209836 -0.004858492 -0.005048223 -0.0154866597
[5,] -0.010980272 -0.025391677 -0.010916728 -0.0621032906


$irf_lin_up
, , 1

           [,1]       [,2]       [,3]       [,4]        [,5]       [,6]       [,7]       [,8]       [,9]      [,10]
[1,] 0.01159134 0.01171280 0.01039269 0.01155773 0.013298211 0.01467811 0.01338058 0.01560461 0.01789055 0.01865818
[2,] 0.05881051 0.15792808 0.30185188 0.37965908 0.420796010 0.52385427 0.58418116 0.70421442 0.72727489 0.74924432
[3,] 0.04078103 0.15581282 0.21950688 0.27462303 0.285487937 0.29718250 0.31922409 0.35382277 0.38201627 0.35786633
[4,] 0.01353403 0.01798767 0.01755024 0.01317617 0.008775662 0.01887464 0.02218678 0.02910328 0.02400769 0.03011918
[5,] 0.02515884 0.07132354 0.02066210 0.01905515 0.027654687 0.02687369 0.05619703 0.04239793 0.03762950 0.08643890
          [,11]      [,12]      [,13]
[1,] 0.01706909 0.01553430 0.01341742
[2,] 0.74440655 0.84400693 0.84290648
[3,] 0.34893374 0.34042514 0.33889536
[4,] 0.02465934 0.02529552 0.02722819
[5,] 0.06908479 0.05353477 0.02920555

, , 2

             [,1]        [,2]        [,3]        [,4]        [,5]        [,6]        [,7]        [,8]        [,9]
[1,]  0.000000000 0.002257006 0.003701616 0.004904648 0.004391413 0.005098370 0.007596326 0.006473922 0.005494501
[2,]  0.216978669 0.276983290 0.279370436 0.310813062 0.369509149 0.417277797 0.490077810 0.663559328 0.709870150
[3,]  0.086600107 0.111537297 0.088456132 0.090295573 0.137468341 0.151526947 0.177216754 0.226788565 0.206312627
[4,]  0.009484577 0.009136987 0.006391180 0.012076899 0.012749859 0.012084779 0.011413151 0.015415604 0.015032706
[5,] -0.022159990 0.014446532 0.014574333 0.013831400 0.031325995 0.007587135 0.012134070 0.029381341 0.017928916
           [,10]      [,11]       [,12]       [,13]
[1,] 0.005980674 0.00970064 0.008217459 0.006510849
[2,] 0.730099929 0.75694443 0.797800512 0.795203974
[3,] 0.225077720 0.19650189 0.214873415 0.198976407
[4,] 0.013879326 0.01730087 0.017215313 0.015848400
[5,] 0.015459217 0.02651114 0.026425993 0.022363202

, , 3

             [,1]         [,2]        [,3]        [,4]        [,5]        [,6]       [,7]       [,8]        [,9]       [,10]
[1,]  0.000000000  0.003935484 0.005664006 0.007361823 0.007822285 0.008207155 0.01268945 0.01136373 0.008433303 0.005660520
[2,]  0.000000000  0.075245599 0.094358476 0.133604095 0.164897683 0.226233293 0.40197125 0.55295142 0.567620818 0.535465341
[3,]  0.161869461  0.159135841 0.149734256 0.126225527 0.131188756 0.164763599 0.21832329 0.29542986 0.239782114 0.230802720
[4,] -0.004695246  0.005780080 0.006469302 0.013438314 0.016757690 0.013621665 0.01750365 0.01725439 0.017493651 0.013422320
[5,] -0.012680258 -0.004761917 0.009019593 0.024176028 0.042153887 0.011745885 0.02065484 0.03812510 0.018074951 0.003123499
            [,11]       [,12]         [,13]
[1,]  0.007276827 0.003412160  0.0015567499
[2,]  0.546144682 0.436468624  0.3782791168
[3,]  0.143707796 0.085518463  0.0625666730
[4,]  0.012231863 0.006237774 -0.0008394877
[5,] -0.011974450 0.009779562  0.0040513499

, , 4

           [,1]        [,2]        [,3]       [,4]        [,5]        [,6]       [,7]       [,8]       [,9]      [,10]
[1,] 0.00000000 0.003071915 0.005050934 0.00245231 0.002452145 0.006772035 0.01004566 0.01173628 0.01335360 0.01470169
[2,] 0.00000000 0.069260879 0.148598563 0.21624352 0.270137430 0.349459408 0.49954119 0.67897327 0.77870698 0.87865704
[3,] 0.00000000 0.064284889 0.075960481 0.07663050 0.129435028 0.183387174 0.24949918 0.30131481 0.29232048 0.33787361
[4,] 0.02731587 0.020166045 0.011067078 0.01216062 0.008033752 0.013171368 0.02009488 0.02647248 0.02326006 0.02768947
[5,] 0.05666342 0.047404530 0.014480601 0.02087106 0.024943151 0.010985455 0.01867585 0.03157652 0.03005373 0.02278598
          [,11]      [,12]      [,13]
[1,] 0.01719475 0.01612469 0.01441099
[2,] 1.02798209 1.13508285 1.18802595
[3,] 0.39212829 0.41905999 0.46200189
[4,] 0.02857421 0.02759014 0.02342970
[5,] 0.06505620 0.04341601 0.03602322

, , 5

           [,1]         [,2]         [,3]         [,4]         [,5]        [,6]        [,7]        [,8]        [,9]
[1,] 0.00000000  0.002610864  0.003867678 0.0009093501  0.002771297 0.004530094 0.004069462 0.005300907 0.005628453
[2,] 0.00000000 -0.002973033  0.088047188 0.0929933831  0.020693197 0.012721297 0.129290754 0.045613946 0.054925427
[3,] 0.00000000  0.022815473  0.086587166 0.0633074807 -0.003661532 0.031096922 0.059789017 0.049157449 0.061096775
[4,] 0.00000000  0.010704250  0.011221354 0.0044553368  0.001434750 0.005141919 0.014538992 0.004875999 0.001925492
[5,] 0.09338448  0.012662239 -0.003804505 0.0241777747  0.008865787 0.016730192 0.018074384 0.009883957 0.017603869
           [,10]        [,11]       [,12]       [,13]
[1,] 0.003557601 0.0007586482 0.002678955 0.005891448
[2,] 0.043070145 0.0694447357 0.059710921 0.039001046
[3,] 0.051343367 0.0711221393 0.037861563 0.064415041
[4,] 0.011775100 0.0025558099 0.004382070 0.002602201
[5,] 0.013883509 0.0060681010 0.018974278 0.012162330


$diagnostic_list
$diagnostic_list$`Shock: energy`
$diagnostic_list$`Shock: energy`[[1]]
                               R-sqrd. Adj. R-sqrd.     F-stat      p-value
h1:energy                    0.7601083   0.67084627   8.515472 1.033736e-08
h1:inflation_expectations_1y 0.9770541   0.96851608 114.435793 6.633186e-30
h1:inflation_expectations_3y 0.8905326   0.84980054  21.863188 1.389746e-15
h1:inflation                 0.5569072   0.39203548   3.377821 7.419451e-04
h1:economic_activity         0.3277643   0.07763009   1.310354 2.349042e-01

$diagnostic_list$`Shock: energy`[[2]]
                               R-sqrd. Adj. R-sqrd.    F-stat      p-value
h2:energy                    0.5635012   0.39721600  3.388763 7.673939e-04
h2:inflation_expectations_1y 0.9514153   0.93290680 51.404318 2.215883e-22
h2:inflation_expectations_3y 0.7934356   0.71474446 10.082904 1.054512e-09
h2:inflation                 0.4109206   0.18650935  1.831105 5.910074e-02
h2:economic_activity         0.2843694   0.01174819  1.043093 4.351293e-01

$diagnostic_list$`Shock: energy`[[3]]
                               R-sqrd. Adj. R-sqrd.    F-stat      p-value
h3:energy                    0.4665810   0.25841748  2.241416 1.907893e-02
h3:inflation_expectations_1y 0.9269203   0.89840136 32.501946 3.161665e-18
h3:inflation_expectations_3y 0.6929853   0.57317471  5.784006 2.811632e-06
h3:inflation                 0.4348986   0.21437116  1.972084 4.059052e-02
h3:economic_activity         0.2945818   0.01929661  1.070097 4.117547e-01

$diagnostic_list$`Shock: energy`[[4]]
                               R-sqrd. Adj. R-sqrd.    F-stat      p-value
h4:energy                    0.4493167   0.22904344  2.039815 3.433672e-02
h4:inflation_expectations_1y 0.8919902   0.84878630 20.646051 1.940735e-14
h4:inflation_expectations_3y 0.6131806   0.45845280  3.962964 2.038499e-04
h4:inflation                 0.4530263   0.23423687  2.070604 3.152780e-02
h4:economic_activity         0.3360343   0.07044803  1.265255 2.656690e-01

$diagnostic_list$`Shock: energy`[[5]]
                               R-sqrd. Adj. R-sqrd.     F-stat      p-value
h5:energy                    0.4935674   0.28580020  2.3755790 1.397225e-02
h5:inflation_expectations_1y 0.8470078   0.78424170 13.4946800 3.217694e-11
h5:inflation_expectations_3y 0.5524410   0.36882708  3.0087096 2.526813e-03
h5:inflation                 0.3797681   0.12531403  1.4924818 1.521267e-01
h5:economic_activity         0.2794119  -0.01621405  0.9451535 5.293476e-01

$diagnostic_list$`Shock: energy`[[6]]
                               R-sqrd. Adj. R-sqrd.    F-stat      p-value
h6:energy                    0.5028322   0.29349841 2.4020593 1.345703e-02
h6:inflation_expectations_1y 0.8054302   0.72350602 9.8314142 4.902722e-09
h6:inflation_expectations_3y 0.5400579   0.34639810 2.7886937 4.770913e-03
h6:inflation                 0.4562380   0.22728557 1.9927197 4.085119e-02
h6:economic_activity         0.2799115  -0.02328373 0.9232055 5.513557e-01

$diagnostic_list$`Shock: energy`[[7]]
                               R-sqrd. Adj. R-sqrd.    F-stat      p-value
h7:energy                    0.4120069    0.1577396 1.6203692 1.117661e-01
h7:inflation_expectations_1y 0.7533322    0.6466650 7.0624569 4.974029e-07
h7:inflation_expectations_3y 0.4737123    0.2461284 2.0814842 3.294487e-02
h7:inflation                 0.4472233    0.2081847 1.8709249 5.784863e-02
h7:economic_activity         0.1573393   -0.2070544 0.4317838 9.630038e-01

$diagnostic_list$`Shock: energy`[[8]]
                               R-sqrd. Adj. R-sqrd.    F-stat      p-value
h8:energy                    0.3919396   0.12169053 1.4502903 1.737427e-01
h8:inflation_expectations_1y 0.6907360   0.55328539 5.0253385 2.873527e-05
h8:inflation_expectations_3y 0.3603312   0.07603401 1.2674455 2.693640e-01
h8:inflation                 0.3372992   0.04276553 1.1451974 3.544840e-01
h8:economic_activity         0.2668535  -0.05898939 0.8189637 6.569702e-01

$diagnostic_list$`Shock: energy`[[9]]
                               R-sqrd. Adj. R-sqrd.    F-stat      p-value
h9:energy                    0.3994535  0.124917953 1.4550156 0.1733141210
h9:inflation_expectations_1y 0.6370800  0.471173657 3.8399985 0.0004340316
h9:inflation_expectations_3y 0.2571156 -0.082488759 0.7571033 0.7190859198
h9:inflation                 0.2787013 -0.051035285 0.8452241 0.6301963814
h9:economic_activity         0.3172613  0.005152214 1.0165077 0.4636174325

$diagnostic_list$`Shock: energy`[[10]]
                                R-sqrd. Adj. R-sqrd.    F-stat     p-value
h10:energy                    0.3304032  0.015298764 1.0485514 0.435857463
h10:inflation_expectations_1y 0.5924675  0.400687525 3.0893083 0.002797433
h10:inflation_expectations_3y 0.2178516 -0.150218245 0.5918757 0.867905052
h10:inflation                 0.2883303 -0.046573077 0.8609358 0.614313551
h10:economic_activity         0.3143902 -0.008249692 0.9744307 0.503156970

$diagnostic_list$`Shock: energy`[[11]]
                                R-sqrd. Adj. R-sqrd.    F-stat    p-value
h11:energy                    0.2502601  -0.11325020 0.6884539 0.78437365
h11:inflation_expectations_1y 0.5485959   0.32973333 2.5065769 0.01254205
h11:inflation_expectations_3y 0.2473573  -0.11756040 0.6778441 0.79416258
h11:inflation                 0.2176137  -0.16172507 0.5736659 0.88102415
h11:economic_activity         0.2718477  -0.08119579 0.7700120 0.70553521

$diagnostic_list$`Shock: energy`[[12]]
                                R-sqrd. Adj. R-sqrd.    F-stat    p-value
h12:energy                    0.2323672 -0.151449260 0.6054122 0.85593993
h12:inflation_expectations_1y 0.4999113  0.249866884 1.9992902 0.04665288
h12:inflation_expectations_3y 0.3248609 -0.012708688 0.9623524 0.51557460
h12:inflation                 0.1654866 -0.251770076 0.3966063 0.97350870
h12:economic_activity         0.3308578 -0.003713357 0.9889011 0.49084926


$diagnostic_list$`Shock: inflation_expectations_1y`
$diagnostic_list$`Shock: inflation_expectations_1y`[[1]]
                               R-sqrd. Adj. R-sqrd.     F-stat      p-value
h1:energy                    0.7601083   0.67084627   8.515472 1.033736e-08
h1:inflation_expectations_1y 0.9770541   0.96851608 114.435793 6.633186e-30
h1:inflation_expectations_3y 0.8905326   0.84980054  21.863188 1.389746e-15
h1:inflation                 0.5569072   0.39203548   3.377821 7.419451e-04
h1:economic_activity         0.3277643   0.07763009   1.310354 2.349042e-01

$diagnostic_list$`Shock: inflation_expectations_1y`[[2]]
                               R-sqrd. Adj. R-sqrd.    F-stat      p-value
h2:energy                    0.5635012   0.39721600  3.388763 7.673939e-04
h2:inflation_expectations_1y 0.9514153   0.93290680 51.404318 2.215883e-22
h2:inflation_expectations_3y 0.7934356   0.71474446 10.082904 1.054512e-09
h2:inflation                 0.4109206   0.18650935  1.831105 5.910074e-02
h2:economic_activity         0.2843694   0.01174819  1.043093 4.351293e-01

$diagnostic_list$`Shock: inflation_expectations_1y`[[3]]
                               R-sqrd. Adj. R-sqrd.    F-stat      p-value
h3:energy                    0.4665810   0.25841748  2.241416 1.907893e-02
h3:inflation_expectations_1y 0.9269203   0.89840136 32.501946 3.161665e-18
h3:inflation_expectations_3y 0.6929853   0.57317471  5.784006 2.811632e-06
h3:inflation                 0.4348986   0.21437116  1.972084 4.059052e-02
h3:economic_activity         0.2945818   0.01929661  1.070097 4.117547e-01

$diagnostic_list$`Shock: inflation_expectations_1y`[[4]]
                               R-sqrd. Adj. R-sqrd.    F-stat      p-value
h4:energy                    0.4493167   0.22904344  2.039815 3.433672e-02
h4:inflation_expectations_1y 0.8919902   0.84878630 20.646051 1.940735e-14
h4:inflation_expectations_3y 0.6131806   0.45845280  3.962964 2.038499e-04
h4:inflation                 0.4530263   0.23423687  2.070604 3.152780e-02
h4:economic_activity         0.3360343   0.07044803  1.265255 2.656690e-01

$diagnostic_list$`Shock: inflation_expectations_1y`[[5]]
                               R-sqrd. Adj. R-sqrd.     F-stat      p-value
h5:energy                    0.4935674   0.28580020  2.3755790 1.397225e-02
h5:inflation_expectations_1y 0.8470078   0.78424170 13.4946800 3.217694e-11
h5:inflation_expectations_3y 0.5524410   0.36882708  3.0087096 2.526813e-03
h5:inflation                 0.3797681   0.12531403  1.4924818 1.521267e-01
h5:economic_activity         0.2794119  -0.01621405  0.9451535 5.293476e-01

$diagnostic_list$`Shock: inflation_expectations_1y`[[6]]
                               R-sqrd. Adj. R-sqrd.    F-stat      p-value
h6:energy                    0.5028322   0.29349841 2.4020593 1.345703e-02
h6:inflation_expectations_1y 0.8054302   0.72350602 9.8314142 4.902722e-09
h6:inflation_expectations_3y 0.5400579   0.34639810 2.7886937 4.770913e-03
h6:inflation                 0.4562380   0.22728557 1.9927197 4.085119e-02
h6:economic_activity         0.2799115  -0.02328373 0.9232055 5.513557e-01

$diagnostic_list$`Shock: inflation_expectations_1y`[[7]]
                               R-sqrd. Adj. R-sqrd.    F-stat      p-value
h7:energy                    0.4120069    0.1577396 1.6203692 1.117661e-01
h7:inflation_expectations_1y 0.7533322    0.6466650 7.0624569 4.974029e-07
h7:inflation_expectations_3y 0.4737123    0.2461284 2.0814842 3.294487e-02
h7:inflation                 0.4472233    0.2081847 1.8709249 5.784863e-02
h7:economic_activity         0.1573393   -0.2070544 0.4317838 9.630038e-01

$diagnostic_list$`Shock: inflation_expectations_1y`[[8]]
                               R-sqrd. Adj. R-sqrd.    F-stat      p-value
h8:energy                    0.3919396   0.12169053 1.4502903 1.737427e-01
h8:inflation_expectations_1y 0.6907360   0.55328539 5.0253385 2.873527e-05
h8:inflation_expectations_3y 0.3603312   0.07603401 1.2674455 2.693640e-01
h8:inflation                 0.3372992   0.04276553 1.1451974 3.544840e-01
h8:economic_activity         0.2668535  -0.05898939 0.8189637 6.569702e-01

$diagnostic_list$`Shock: inflation_expectations_1y`[[9]]
                               R-sqrd. Adj. R-sqrd.    F-stat      p-value
h9:energy                    0.3994535  0.124917953 1.4550156 0.1733141210
h9:inflation_expectations_1y 0.6370800  0.471173657 3.8399985 0.0004340316
h9:inflation_expectations_3y 0.2571156 -0.082488759 0.7571033 0.7190859198
h9:inflation                 0.2787013 -0.051035285 0.8452241 0.6301963814
h9:economic_activity         0.3172613  0.005152214 1.0165077 0.4636174325

$diagnostic_list$`Shock: inflation_expectations_1y`[[10]]
                                R-sqrd. Adj. R-sqrd.    F-stat     p-value
h10:energy                    0.3304032  0.015298764 1.0485514 0.435857463
h10:inflation_expectations_1y 0.5924675  0.400687525 3.0893083 0.002797433
h10:inflation_expectations_3y 0.2178516 -0.150218245 0.5918757 0.867905052
h10:inflation                 0.2883303 -0.046573077 0.8609358 0.614313551
h10:economic_activity         0.3143902 -0.008249692 0.9744307 0.503156970

$diagnostic_list$`Shock: inflation_expectations_1y`[[11]]
                                R-sqrd. Adj. R-sqrd.    F-stat    p-value
h11:energy                    0.2502601  -0.11325020 0.6884539 0.78437365
h11:inflation_expectations_1y 0.5485959   0.32973333 2.5065769 0.01254205
h11:inflation_expectations_3y 0.2473573  -0.11756040 0.6778441 0.79416258
h11:inflation                 0.2176137  -0.16172507 0.5736659 0.88102415
h11:economic_activity         0.2718477  -0.08119579 0.7700120 0.70553521

$diagnostic_list$`Shock: inflation_expectations_1y`[[12]]
                                R-sqrd. Adj. R-sqrd.    F-stat    p-value
h12:energy                    0.2323672 -0.151449260 0.6054122 0.85593993
h12:inflation_expectations_1y 0.4999113  0.249866884 1.9992902 0.04665288
h12:inflation_expectations_3y 0.3248609 -0.012708688 0.9623524 0.51557460
h12:inflation                 0.1654866 -0.251770076 0.3966063 0.97350870
h12:economic_activity         0.3308578 -0.003713357 0.9889011 0.49084926


$diagnostic_list$`Shock: inflation_expectations_3y`
$diagnostic_list$`Shock: inflation_expectations_3y`[[1]]
                               R-sqrd. Adj. R-sqrd.     F-stat      p-value
h1:energy                    0.7601083   0.67084627   8.515472 1.033736e-08
h1:inflation_expectations_1y 0.9770541   0.96851608 114.435793 6.633186e-30
h1:inflation_expectations_3y 0.8905326   0.84980054  21.863188 1.389746e-15
h1:inflation                 0.5569072   0.39203548   3.377821 7.419451e-04
h1:economic_activity         0.3277643   0.07763009   1.310354 2.349042e-01

$diagnostic_list$`Shock: inflation_expectations_3y`[[2]]
                               R-sqrd. Adj. R-sqrd.    F-stat      p-value
h2:energy                    0.5635012   0.39721600  3.388763 7.673939e-04
h2:inflation_expectations_1y 0.9514153   0.93290680 51.404318 2.215883e-22
h2:inflation_expectations_3y 0.7934356   0.71474446 10.082904 1.054512e-09
h2:inflation                 0.4109206   0.18650935  1.831105 5.910074e-02
h2:economic_activity         0.2843694   0.01174819  1.043093 4.351293e-01

$diagnostic_list$`Shock: inflation_expectations_3y`[[3]]
                               R-sqrd. Adj. R-sqrd.    F-stat      p-value
h3:energy                    0.4665810   0.25841748  2.241416 1.907893e-02
h3:inflation_expectations_1y 0.9269203   0.89840136 32.501946 3.161665e-18
h3:inflation_expectations_3y 0.6929853   0.57317471  5.784006 2.811632e-06
h3:inflation                 0.4348986   0.21437116  1.972084 4.059052e-02
h3:economic_activity         0.2945818   0.01929661  1.070097 4.117547e-01

$diagnostic_list$`Shock: inflation_expectations_3y`[[4]]
                               R-sqrd. Adj. R-sqrd.    F-stat      p-value
h4:energy                    0.4493167   0.22904344  2.039815 3.433672e-02
h4:inflation_expectations_1y 0.8919902   0.84878630 20.646051 1.940735e-14
h4:inflation_expectations_3y 0.6131806   0.45845280  3.962964 2.038499e-04
h4:inflation                 0.4530263   0.23423687  2.070604 3.152780e-02
h4:economic_activity         0.3360343   0.07044803  1.265255 2.656690e-01

$diagnostic_list$`Shock: inflation_expectations_3y`[[5]]
                               R-sqrd. Adj. R-sqrd.     F-stat      p-value
h5:energy                    0.4935674   0.28580020  2.3755790 1.397225e-02
h5:inflation_expectations_1y 0.8470078   0.78424170 13.4946800 3.217694e-11
h5:inflation_expectations_3y 0.5524410   0.36882708  3.0087096 2.526813e-03
h5:inflation                 0.3797681   0.12531403  1.4924818 1.521267e-01
h5:economic_activity         0.2794119  -0.01621405  0.9451535 5.293476e-01

$diagnostic_list$`Shock: inflation_expectations_3y`[[6]]
                               R-sqrd. Adj. R-sqrd.    F-stat      p-value
h6:energy                    0.5028322   0.29349841 2.4020593 1.345703e-02
h6:inflation_expectations_1y 0.8054302   0.72350602 9.8314142 4.902722e-09
h6:inflation_expectations_3y 0.5400579   0.34639810 2.7886937 4.770913e-03
h6:inflation                 0.4562380   0.22728557 1.9927197 4.085119e-02
h6:economic_activity         0.2799115  -0.02328373 0.9232055 5.513557e-01

$diagnostic_list$`Shock: inflation_expectations_3y`[[7]]
                               R-sqrd. Adj. R-sqrd.    F-stat      p-value
h7:energy                    0.4120069    0.1577396 1.6203692 1.117661e-01
h7:inflation_expectations_1y 0.7533322    0.6466650 7.0624569 4.974029e-07
h7:inflation_expectations_3y 0.4737123    0.2461284 2.0814842 3.294487e-02
h7:inflation                 0.4472233    0.2081847 1.8709249 5.784863e-02
h7:economic_activity         0.1573393   -0.2070544 0.4317838 9.630038e-01

$diagnostic_list$`Shock: inflation_expectations_3y`[[8]]
                               R-sqrd. Adj. R-sqrd.    F-stat      p-value
h8:energy                    0.3919396   0.12169053 1.4502903 1.737427e-01
h8:inflation_expectations_1y 0.6907360   0.55328539 5.0253385 2.873527e-05
h8:inflation_expectations_3y 0.3603312   0.07603401 1.2674455 2.693640e-01
h8:inflation                 0.3372992   0.04276553 1.1451974 3.544840e-01
h8:economic_activity         0.2668535  -0.05898939 0.8189637 6.569702e-01

$diagnostic_list$`Shock: inflation_expectations_3y`[[9]]
                               R-sqrd. Adj. R-sqrd.    F-stat      p-value
h9:energy                    0.3994535  0.124917953 1.4550156 0.1733141210
h9:inflation_expectations_1y 0.6370800  0.471173657 3.8399985 0.0004340316
h9:inflation_expectations_3y 0.2571156 -0.082488759 0.7571033 0.7190859198
h9:inflation                 0.2787013 -0.051035285 0.8452241 0.6301963814
h9:economic_activity         0.3172613  0.005152214 1.0165077 0.4636174325

$diagnostic_list$`Shock: inflation_expectations_3y`[[10]]
                                R-sqrd. Adj. R-sqrd.    F-stat     p-value
h10:energy                    0.3304032  0.015298764 1.0485514 0.435857463
h10:inflation_expectations_1y 0.5924675  0.400687525 3.0893083 0.002797433
h10:inflation_expectations_3y 0.2178516 -0.150218245 0.5918757 0.867905052
h10:inflation                 0.2883303 -0.046573077 0.8609358 0.614313551
h10:economic_activity         0.3143902 -0.008249692 0.9744307 0.503156970

$diagnostic_list$`Shock: inflation_expectations_3y`[[11]]
                                R-sqrd. Adj. R-sqrd.    F-stat    p-value
h11:energy                    0.2502601  -0.11325020 0.6884539 0.78437365
h11:inflation_expectations_1y 0.5485959   0.32973333 2.5065769 0.01254205
h11:inflation_expectations_3y 0.2473573  -0.11756040 0.6778441 0.79416258
h11:inflation                 0.2176137  -0.16172507 0.5736659 0.88102415
h11:economic_activity         0.2718477  -0.08119579 0.7700120 0.70553521

$diagnostic_list$`Shock: inflation_expectations_3y`[[12]]
                                R-sqrd. Adj. R-sqrd.    F-stat    p-value
h12:energy                    0.2323672 -0.151449260 0.6054122 0.85593993
h12:inflation_expectations_1y 0.4999113  0.249866884 1.9992902 0.04665288
h12:inflation_expectations_3y 0.3248609 -0.012708688 0.9623524 0.51557460
h12:inflation                 0.1654866 -0.251770076 0.3966063 0.97350870
h12:economic_activity         0.3308578 -0.003713357 0.9889011 0.49084926


$diagnostic_list$`Shock: inflation`
$diagnostic_list$`Shock: inflation`[[1]]
                               R-sqrd. Adj. R-sqrd.     F-stat      p-value
h1:energy                    0.7601083   0.67084627   8.515472 1.033736e-08
h1:inflation_expectations_1y 0.9770541   0.96851608 114.435793 6.633186e-30
h1:inflation_expectations_3y 0.8905326   0.84980054  21.863188 1.389746e-15
h1:inflation                 0.5569072   0.39203548   3.377821 7.419451e-04
h1:economic_activity         0.3277643   0.07763009   1.310354 2.349042e-01

$diagnostic_list$`Shock: inflation`[[2]]
                               R-sqrd. Adj. R-sqrd.    F-stat      p-value
h2:energy                    0.5635012   0.39721600  3.388763 7.673939e-04
h2:inflation_expectations_1y 0.9514153   0.93290680 51.404318 2.215883e-22
h2:inflation_expectations_3y 0.7934356   0.71474446 10.082904 1.054512e-09
h2:inflation                 0.4109206   0.18650935  1.831105 5.910074e-02
h2:economic_activity         0.2843694   0.01174819  1.043093 4.351293e-01

$diagnostic_list$`Shock: inflation`[[3]]
                               R-sqrd. Adj. R-sqrd.    F-stat      p-value
h3:energy                    0.4665810   0.25841748  2.241416 1.907893e-02
h3:inflation_expectations_1y 0.9269203   0.89840136 32.501946 3.161665e-18
h3:inflation_expectations_3y 0.6929853   0.57317471  5.784006 2.811632e-06
h3:inflation                 0.4348986   0.21437116  1.972084 4.059052e-02
h3:economic_activity         0.2945818   0.01929661  1.070097 4.117547e-01

$diagnostic_list$`Shock: inflation`[[4]]
                               R-sqrd. Adj. R-sqrd.    F-stat      p-value
h4:energy                    0.4493167   0.22904344  2.039815 3.433672e-02
h4:inflation_expectations_1y 0.8919902   0.84878630 20.646051 1.940735e-14
h4:inflation_expectations_3y 0.6131806   0.45845280  3.962964 2.038499e-04
h4:inflation                 0.4530263   0.23423687  2.070604 3.152780e-02
h4:economic_activity         0.3360343   0.07044803  1.265255 2.656690e-01

$diagnostic_list$`Shock: inflation`[[5]]
                               R-sqrd. Adj. R-sqrd.     F-stat      p-value
h5:energy                    0.4935674   0.28580020  2.3755790 1.397225e-02
h5:inflation_expectations_1y 0.8470078   0.78424170 13.4946800 3.217694e-11
h5:inflation_expectations_3y 0.5524410   0.36882708  3.0087096 2.526813e-03
h5:inflation                 0.3797681   0.12531403  1.4924818 1.521267e-01
h5:economic_activity         0.2794119  -0.01621405  0.9451535 5.293476e-01

$diagnostic_list$`Shock: inflation`[[6]]
                               R-sqrd. Adj. R-sqrd.    F-stat      p-value
h6:energy                    0.5028322   0.29349841 2.4020593 1.345703e-02
h6:inflation_expectations_1y 0.8054302   0.72350602 9.8314142 4.902722e-09
h6:inflation_expectations_3y 0.5400579   0.34639810 2.7886937 4.770913e-03
h6:inflation                 0.4562380   0.22728557 1.9927197 4.085119e-02
h6:economic_activity         0.2799115  -0.02328373 0.9232055 5.513557e-01

$diagnostic_list$`Shock: inflation`[[7]]
                               R-sqrd. Adj. R-sqrd.    F-stat      p-value
h7:energy                    0.4120069    0.1577396 1.6203692 1.117661e-01
h7:inflation_expectations_1y 0.7533322    0.6466650 7.0624569 4.974029e-07
h7:inflation_expectations_3y 0.4737123    0.2461284 2.0814842 3.294487e-02
h7:inflation                 0.4472233    0.2081847 1.8709249 5.784863e-02
h7:economic_activity         0.1573393   -0.2070544 0.4317838 9.630038e-01

$diagnostic_list$`Shock: inflation`[[8]]
                               R-sqrd. Adj. R-sqrd.    F-stat      p-value
h8:energy                    0.3919396   0.12169053 1.4502903 1.737427e-01
h8:inflation_expectations_1y 0.6907360   0.55328539 5.0253385 2.873527e-05
h8:inflation_expectations_3y 0.3603312   0.07603401 1.2674455 2.693640e-01
h8:inflation                 0.3372992   0.04276553 1.1451974 3.544840e-01
h8:economic_activity         0.2668535  -0.05898939 0.8189637 6.569702e-01

$diagnostic_list$`Shock: inflation`[[9]]
                               R-sqrd. Adj. R-sqrd.    F-stat      p-value
h9:energy                    0.3994535  0.124917953 1.4550156 0.1733141210
h9:inflation_expectations_1y 0.6370800  0.471173657 3.8399985 0.0004340316
h9:inflation_expectations_3y 0.2571156 -0.082488759 0.7571033 0.7190859198
h9:inflation                 0.2787013 -0.051035285 0.8452241 0.6301963814
h9:economic_activity         0.3172613  0.005152214 1.0165077 0.4636174325

$diagnostic_list$`Shock: inflation`[[10]]
                                R-sqrd. Adj. R-sqrd.    F-stat     p-value
h10:energy                    0.3304032  0.015298764 1.0485514 0.435857463
h10:inflation_expectations_1y 0.5924675  0.400687525 3.0893083 0.002797433
h10:inflation_expectations_3y 0.2178516 -0.150218245 0.5918757 0.867905052
h10:inflation                 0.2883303 -0.046573077 0.8609358 0.614313551
h10:economic_activity         0.3143902 -0.008249692 0.9744307 0.503156970

$diagnostic_list$`Shock: inflation`[[11]]
                                R-sqrd. Adj. R-sqrd.    F-stat    p-value
h11:energy                    0.2502601  -0.11325020 0.6884539 0.78437365
h11:inflation_expectations_1y 0.5485959   0.32973333 2.5065769 0.01254205
h11:inflation_expectations_3y 0.2473573  -0.11756040 0.6778441 0.79416258
h11:inflation                 0.2176137  -0.16172507 0.5736659 0.88102415
h11:economic_activity         0.2718477  -0.08119579 0.7700120 0.70553521

$diagnostic_list$`Shock: inflation`[[12]]
                                R-sqrd. Adj. R-sqrd.    F-stat    p-value
h12:energy                    0.2323672 -0.151449260 0.6054122 0.85593993
h12:inflation_expectations_1y 0.4999113  0.249866884 1.9992902 0.04665288
h12:inflation_expectations_3y 0.3248609 -0.012708688 0.9623524 0.51557460
h12:inflation                 0.1654866 -0.251770076 0.3966063 0.97350870
h12:economic_activity         0.3308578 -0.003713357 0.9889011 0.49084926


$diagnostic_list$`Shock: economic_activity`
$diagnostic_list$`Shock: economic_activity`[[1]]
                               R-sqrd. Adj. R-sqrd.     F-stat      p-value
h1:energy                    0.7601083   0.67084627   8.515472 1.033736e-08
h1:inflation_expectations_1y 0.9770541   0.96851608 114.435793 6.633186e-30
h1:inflation_expectations_3y 0.8905326   0.84980054  21.863188 1.389746e-15
h1:inflation                 0.5569072   0.39203548   3.377821 7.419451e-04
h1:economic_activity         0.3277643   0.07763009   1.310354 2.349042e-01

$diagnostic_list$`Shock: economic_activity`[[2]]
                               R-sqrd. Adj. R-sqrd.    F-stat      p-value
h2:energy                    0.5635012   0.39721600  3.388763 7.673939e-04
h2:inflation_expectations_1y 0.9514153   0.93290680 51.404318 2.215883e-22
h2:inflation_expectations_3y 0.7934356   0.71474446 10.082904 1.054512e-09
h2:inflation                 0.4109206   0.18650935  1.831105 5.910074e-02
h2:economic_activity         0.2843694   0.01174819  1.043093 4.351293e-01

$diagnostic_list$`Shock: economic_activity`[[3]]
                               R-sqrd. Adj. R-sqrd.    F-stat      p-value
h3:energy                    0.4665810   0.25841748  2.241416 1.907893e-02
h3:inflation_expectations_1y 0.9269203   0.89840136 32.501946 3.161665e-18
h3:inflation_expectations_3y 0.6929853   0.57317471  5.784006 2.811632e-06
h3:inflation                 0.4348986   0.21437116  1.972084 4.059052e-02
h3:economic_activity         0.2945818   0.01929661  1.070097 4.117547e-01

$diagnostic_list$`Shock: economic_activity`[[4]]
                               R-sqrd. Adj. R-sqrd.    F-stat      p-value
h4:energy                    0.4493167   0.22904344  2.039815 3.433672e-02
h4:inflation_expectations_1y 0.8919902   0.84878630 20.646051 1.940735e-14
h4:inflation_expectations_3y 0.6131806   0.45845280  3.962964 2.038499e-04
h4:inflation                 0.4530263   0.23423687  2.070604 3.152780e-02
h4:economic_activity         0.3360343   0.07044803  1.265255 2.656690e-01

$diagnostic_list$`Shock: economic_activity`[[5]]
                               R-sqrd. Adj. R-sqrd.     F-stat      p-value
h5:energy                    0.4935674   0.28580020  2.3755790 1.397225e-02
h5:inflation_expectations_1y 0.8470078   0.78424170 13.4946800 3.217694e-11
h5:inflation_expectations_3y 0.5524410   0.36882708  3.0087096 2.526813e-03
h5:inflation                 0.3797681   0.12531403  1.4924818 1.521267e-01
h5:economic_activity         0.2794119  -0.01621405  0.9451535 5.293476e-01

$diagnostic_list$`Shock: economic_activity`[[6]]
                               R-sqrd. Adj. R-sqrd.    F-stat      p-value
h6:energy                    0.5028322   0.29349841 2.4020593 1.345703e-02
h6:inflation_expectations_1y 0.8054302   0.72350602 9.8314142 4.902722e-09
h6:inflation_expectations_3y 0.5400579   0.34639810 2.7886937 4.770913e-03
h6:inflation                 0.4562380   0.22728557 1.9927197 4.085119e-02
h6:economic_activity         0.2799115  -0.02328373 0.9232055 5.513557e-01

$diagnostic_list$`Shock: economic_activity`[[7]]
                               R-sqrd. Adj. R-sqrd.    F-stat      p-value
h7:energy                    0.4120069    0.1577396 1.6203692 1.117661e-01
h7:inflation_expectations_1y 0.7533322    0.6466650 7.0624569 4.974029e-07
h7:inflation_expectations_3y 0.4737123    0.2461284 2.0814842 3.294487e-02
h7:inflation                 0.4472233    0.2081847 1.8709249 5.784863e-02
h7:economic_activity         0.1573393   -0.2070544 0.4317838 9.630038e-01

$diagnostic_list$`Shock: economic_activity`[[8]]
                               R-sqrd. Adj. R-sqrd.    F-stat      p-value
h8:energy                    0.3919396   0.12169053 1.4502903 1.737427e-01
h8:inflation_expectations_1y 0.6907360   0.55328539 5.0253385 2.873527e-05
h8:inflation_expectations_3y 0.3603312   0.07603401 1.2674455 2.693640e-01
h8:inflation                 0.3372992   0.04276553 1.1451974 3.544840e-01
h8:economic_activity         0.2668535  -0.05898939 0.8189637 6.569702e-01

$diagnostic_list$`Shock: economic_activity`[[9]]
                               R-sqrd. Adj. R-sqrd.    F-stat      p-value
h9:energy                    0.3994535  0.124917953 1.4550156 0.1733141210
h9:inflation_expectations_1y 0.6370800  0.471173657 3.8399985 0.0004340316
h9:inflation_expectations_3y 0.2571156 -0.082488759 0.7571033 0.7190859198
h9:inflation                 0.2787013 -0.051035285 0.8452241 0.6301963814
h9:economic_activity         0.3172613  0.005152214 1.0165077 0.4636174325

$diagnostic_list$`Shock: economic_activity`[[10]]
                                R-sqrd. Adj. R-sqrd.    F-stat     p-value
h10:energy                    0.3304032  0.015298764 1.0485514 0.435857463
h10:inflation_expectations_1y 0.5924675  0.400687525 3.0893083 0.002797433
h10:inflation_expectations_3y 0.2178516 -0.150218245 0.5918757 0.867905052
h10:inflation                 0.2883303 -0.046573077 0.8609358 0.614313551
h10:economic_activity         0.3143902 -0.008249692 0.9744307 0.503156970

$diagnostic_list$`Shock: economic_activity`[[11]]
                                R-sqrd. Adj. R-sqrd.    F-stat    p-value
h11:energy                    0.2502601  -0.11325020 0.6884539 0.78437365
h11:inflation_expectations_1y 0.5485959   0.32973333 2.5065769 0.01254205
h11:inflation_expectations_3y 0.2473573  -0.11756040 0.6778441 0.79416258
h11:inflation                 0.2176137  -0.16172507 0.5736659 0.88102415
h11:economic_activity         0.2718477  -0.08119579 0.7700120 0.70553521

$diagnostic_list$`Shock: economic_activity`[[12]]
                                R-sqrd. Adj. R-sqrd.    F-stat    p-value
h12:energy                    0.2323672 -0.151449260 0.6054122 0.85593993
h12:inflation_expectations_1y 0.4999113  0.249866884 1.9992902 0.04665288
h12:inflation_expectations_3y 0.3248609 -0.012708688 0.9623524 0.51557460
h12:inflation                 0.1654866 -0.251770076 0.3966063 0.97350870
h12:economic_activity         0.3308578 -0.003713357 0.9889011 0.49084926



$specs
$specs$lags_endog_lin
SC(n) 
    1 

$specs$lags_criterion
[1] NaN

$specs$max_lags
[1] NaN

$specs$trend
[1] 0

$specs$shock_type
[1] 0

$specs$confint
[1] 1.65

$specs$hor
[1] 12

$specs$use_nw
[1] TRUE

$specs$nw_prewhite
[1] FALSE

$specs$adjust_se
[1] FALSE

$specs$use_twosls
[1] FALSE

$specs$contemp_data
$specs$contemp_data$dummy
 [1] 0 0 0 0 0 0 0 0 0 0 0 0 0 0 0 0 0 0 0 0 0 0 0 0 0 0 1 1 1 1 0 1 0 1 0 0 0 0 0 0 0 0 0 0 0 0 0 0 0 0 0 0 0 0 0 0 0 0 0 0
[61] 0

$specs$contemp_data$Jan
 [1] 0 0 0 0 0 0 0 0 0 0 0 1 0 0 0 0 0 0 0 0 0 0 0 1 0 0 0 0 0 0 0 0 0 0 0 1 0 0 0 0 0 0 0 0 0 0 0 1 0 0 0 0 0 0 0 0 0 0 0 1
[61] 0

$specs$contemp_data$Feb
 [1] 1 0 0 0 0 0 0 0 0 0 0 0 1 0 0 0 0 0 0 0 0 0 0 0 1 0 0 0 0 0 0 0 0 0 0 0 1 0 0 0 0 0 0 0 0 0 0 0 1 0 0 0 0 0 0 0 0 0 0 0
[61] 1

$specs$contemp_data$Mar
 [1] 0 1 0 0 0 0 0 0 0 0 0 0 0 1 0 0 0 0 0 0 0 0 0 0 0 1 0 0 0 0 0 0 0 0 0 0 0 1 0 0 0 0 0 0 0 0 0 0 0 1 0 0 0 0 0 0 0 0 0 0
[61] 0

$specs$contemp_data$Apr
 [1] 0 0 1 0 0 0 0 0 0 0 0 0 0 0 1 0 0 0 0 0 0 0 0 0 0 0 1 0 0 0 0 0 0 0 0 0 0 0 1 0 0 0 0 0 0 0 0 0 0 0 1 0 0 0 0 0 0 0 0 0
[61] 0

$specs$contemp_data$May
 [1] 0 0 0 1 0 0 0 0 0 0 0 0 0 0 0 1 0 0 0 0 0 0 0 0 0 0 0 1 0 0 0 0 0 0 0 0 0 0 0 1 0 0 0 0 0 0 0 0 0 0 0 1 0 0 0 0 0 0 0 0
[61] 0

$specs$contemp_data$Jun
 [1] 0 0 0 0 1 0 0 0 0 0 0 0 0 0 0 0 1 0 0 0 0 0 0 0 0 0 0 0 1 0 0 0 0 0 0 0 0 0 0 0 1 0 0 0 0 0 0 0 0 0 0 0 1 0 0 0 0 0 0 0
[61] 0

$specs$contemp_data$Jul
 [1] 0 0 0 0 0 1 0 0 0 0 0 0 0 0 0 0 0 1 0 0 0 0 0 0 0 0 0 0 0 1 0 0 0 0 0 0 0 0 0 0 0 1 0 0 0 0 0 0 0 0 0 0 0 1 0 0 0 0 0 0
[61] 0

$specs$contemp_data$Aug
 [1] 0 0 0 0 0 0 1 0 0 0 0 0 0 0 0 0 0 0 1 0 0 0 0 0 0 0 0 0 0 0 1 0 0 0 0 0 0 0 0 0 0 0 1 0 0 0 0 0 0 0 0 0 0 0 1 0 0 0 0 0
[61] 0

$specs$contemp_data$Sep
 [1] 0 0 0 0 0 0 0 1 0 0 0 0 0 0 0 0 0 0 0 1 0 0 0 0 0 0 0 0 0 0 0 1 0 0 0 0 0 0 0 0 0 0 0 1 0 0 0 0 0 0 0 0 0 0 0 1 0 0 0 0
[61] 0

$specs$contemp_data$Oct
 [1] 0 0 0 0 0 0 0 0 1 0 0 0 0 0 0 0 0 0 0 0 1 0 0 0 0 0 0 0 0 0 0 0 1 0 0 0 0 0 0 0 0 0 0 0 1 0 0 0 0 0 0 0 0 0 0 0 1 0 0 0
[61] 0


$specs$model_type
[1] 0

$specs$starts
[1] 1

$specs$ends
[1] 61

$specs$column_names
[1] "energy"                    "inflation_expectations_1y" "inflation_expectations_3y" "inflation"                
[5] "economic_activity"        

$specs$endog
[1] 5

$specs$y_lin
          energy inflation_expectations_1y inflation_expectations_3y    inflation economic_activity
2  -0.0019053219                  2.831908                  2.884280  0.032745451        0.02976223
3  -0.0039860498                  2.752288                  2.908013  0.002310570        0.03672057
4   0.0102862920                  2.980844                  2.969947  0.031662657        0.02660601
5   0.0088769293                  2.980844                  2.961960  0.027403122        0.04356130
6  -0.0032139676                  2.980844                  3.000000  0.010862582        0.01757053
7   0.0029369501                  2.982717                  2.883912  0.009406502        0.03236078
8  -0.0138921336                  3.000000                  3.000000  0.021640425        0.02930438
9   0.0011832638                  2.995079                  3.000000  0.025003951        0.02923299
10  0.0017451084                  3.000000                  3.000000  0.028405410        0.02229492
11 -0.0286389634                  2.969947                  2.883912 -0.008420605        0.02323041
12 -0.0302812460                  3.000000                  2.980844  0.008246918        0.01734758
13 -0.0258129170                  2.969947                  2.969947 -0.002323999        0.03391158
14 -0.0161479805                  2.793575                  2.768439  0.029025084        0.02600387
15 -0.0192823275                  2.816437                  2.864411  0.042416785        0.02691934
16 -0.0088489434                  2.598124                  2.693518  0.048586660        0.03757401
17 -0.0365781548                  2.453082                  2.593332  0.003720327        0.02002637
18 -0.0423330466                  2.670152                  2.662437 -0.006141925        0.02480201
19 -0.0365658170                  2.590599                  2.579365  0.024993882        0.02186920
20 -0.0439212356                  2.414448                  2.501432  0.017681720        0.02278745
21 -0.0350689937                  2.483634                  2.374794  0.021370449        0.03620964
22 -0.0302024485                  2.330186                  2.378875  0.034784574        0.01981848
23 -0.0308962543                  2.347553                  2.521351  0.026361361        0.02549842
24 -0.0210448317                  2.527644                  2.537525  0.038444527        0.02259084
25 -0.0156895733                  2.495654                  2.537525  0.019694440        0.03781474
26 -0.0474386696                  2.537525                  2.588670  0.009814561        0.03578346
27 -0.0765447742                  2.537525                  2.399339 -0.050912346       -0.07956922
28 -0.0722309427                  2.623311                  2.623311 -0.090824177       -0.77070172
29 -0.0530478821                  3.000000                  2.610335 -0.010450429        0.21339722
30 -0.0438766648                  2.681402                  2.473736  0.053592068        0.21330076
31 -0.0177145328                  2.887446                  2.731703  0.061866907        0.02971606
32 -0.0277720787                  3.000000                  2.980844  0.053808986        0.15791953
33 -0.0320257277                  2.980844                  2.742111  0.028930510        0.07717705
34 -0.0106969005                  2.836102                  2.702108  0.011918979        0.10115859
35 -0.0260345665                  2.962508                  2.819740  0.024543630        0.04507153
36 -0.0206609873                  3.000000                  2.980844  0.057557700        0.01677041
37 -0.0036396408                  3.046669                  3.028186  0.028496735        0.06736316
38  0.0076927918                  3.090884                  3.000000  0.045997380        0.05066022
39  0.0006658294                  3.244256                  3.092952  0.059503194        0.06160136
40  0.0041296941                  3.360180                  3.098045  0.082225516        0.03720211
41  0.0182388199                  4.000000                  3.569710  0.082531234        0.06412900
42  0.0250960187                  4.801745                  3.546918  0.098347464        0.05475905
43  0.0071207469                  4.842451                  3.711669  0.054649100        0.08879717
44 -0.0016715877                  5.179827                  3.999662  0.049840953        0.06602323
45  0.0220185286                  5.310169                  4.193985  0.052018077        0.07861505
46  0.0356051394                  5.653467                  4.211177  0.114305741        0.06819482
47  0.0181177568                  6.000000                  4.011200  0.098833469        0.06879133
48 -0.0039435542                  5.990274                  4.000000  0.097421769        0.06937609
49  0.0133461257                  5.788440                  3.477248  0.075404740        0.03542764
50  0.0228626503                  6.000000                  3.774801  0.088488916        0.07849205
51  0.0335646474                  6.583898                  3.674923  0.126900569        0.05112829
52  0.0116249145                  6.345438                  3.902376  0.048497289        0.04431433
53  0.0030769463                  6.576015                  3.879077  0.115684054        0.03389257
54 -0.0041091279                  6.775855                  3.618484  0.151285219        0.03843642
55 -0.0126980936                  6.223626                  3.182451 -0.004064650        0.05041760
56 -0.0169789680                  5.745714                  2.755268  0.028517738        0.02896168
57 -0.0267535641                  5.440794                  2.909971  0.050566174        0.04915587
58 -0.0210771892                  5.944291                  3.110663  0.060045147        0.03059615
59 -0.0145470402                  5.228549                  2.997374  0.024858721        0.04330825
60 -0.0207171441                  4.993469                  2.992784  0.015857387        0.03585464
61 -0.0184531711                  4.954980                  2.711993  0.063675095        0.04576300

$specs$x_lin
    energy_lag_1 inflation_expectations_1y_lag_1 inflation_expectations_3y_lag_1 inflation_lag_1 economic_activity_lag_1
2   0.0074328998                        2.711993                        2.793575     0.052137819              0.02580719
3  -0.0019053219                        2.831908                        2.884280     0.032745451              0.02976223
4  -0.0039860498                        2.752288                        2.908013     0.002310570              0.03672057
5   0.0102862920                        2.980844                        2.969947     0.031662657              0.02660601
6   0.0088769293                        2.980844                        2.961960     0.027403122              0.04356130
7  -0.0032139676                        2.980844                        3.000000     0.010862582              0.01757053
8   0.0029369501                        2.982717                        2.883912     0.009406502              0.03236078
9  -0.0138921336                        3.000000                        3.000000     0.021640425              0.02930438
10  0.0011832638                        2.995079                        3.000000     0.025003951              0.02923299
11  0.0017451084                        3.000000                        3.000000     0.028405410              0.02229492
12 -0.0286389634                        2.969947                        2.883912    -0.008420605              0.02323041
13 -0.0302812460                        3.000000                        2.980844     0.008246918              0.01734758
14 -0.0258129170                        2.969947                        2.969947    -0.002323999              0.03391158
15 -0.0161479805                        2.793575                        2.768439     0.029025084              0.02600387
16 -0.0192823275                        2.816437                        2.864411     0.042416785              0.02691934
17 -0.0088489434                        2.598124                        2.693518     0.048586660              0.03757401
18 -0.0365781548                        2.453082                        2.593332     0.003720327              0.02002637
19 -0.0423330466                        2.670152                        2.662437    -0.006141925              0.02480201
20 -0.0365658170                        2.590599                        2.579365     0.024993882              0.02186920
21 -0.0439212356                        2.414448                        2.501432     0.017681720              0.02278745
22 -0.0350689937                        2.483634                        2.374794     0.021370449              0.03620964
23 -0.0302024485                        2.330186                        2.378875     0.034784574              0.01981848
24 -0.0308962543                        2.347553                        2.521351     0.026361361              0.02549842
25 -0.0210448317                        2.527644                        2.537525     0.038444527              0.02259084
26 -0.0156895733                        2.495654                        2.537525     0.019694440              0.03781474
27 -0.0474386696                        2.537525                        2.588670     0.009814561              0.03578346
28 -0.0765447742                        2.537525                        2.399339    -0.050912346             -0.07956922
29 -0.0722309427                        2.623311                        2.623311    -0.090824177             -0.77070172
30 -0.0530478821                        3.000000                        2.610335    -0.010450429              0.21339722
31 -0.0438766648                        2.681402                        2.473736     0.053592068              0.21330076
32 -0.0177145328                        2.887446                        2.731703     0.061866907              0.02971606
33 -0.0277720787                        3.000000                        2.980844     0.053808986              0.15791953
34 -0.0320257277                        2.980844                        2.742111     0.028930510              0.07717705
35 -0.0106969005                        2.836102                        2.702108     0.011918979              0.10115859
36 -0.0260345665                        2.962508                        2.819740     0.024543630              0.04507153
37 -0.0206609873                        3.000000                        2.980844     0.057557700              0.01677041
38 -0.0036396408                        3.046669                        3.028186     0.028496735              0.06736316
39  0.0076927918                        3.090884                        3.000000     0.045997380              0.05066022
40  0.0006658294                        3.244256                        3.092952     0.059503194              0.06160136
41  0.0041296941                        3.360180                        3.098045     0.082225516              0.03720211
42  0.0182388199                        4.000000                        3.569710     0.082531234              0.06412900
43  0.0250960187                        4.801745                        3.546918     0.098347464              0.05475905
44  0.0071207469                        4.842451                        3.711669     0.054649100              0.08879717
45 -0.0016715877                        5.179827                        3.999662     0.049840953              0.06602323
46  0.0220185286                        5.310169                        4.193985     0.052018077              0.07861505
47  0.0356051394                        5.653467                        4.211177     0.114305741              0.06819482
48  0.0181177568                        6.000000                        4.011200     0.098833469              0.06879133
49 -0.0039435542                        5.990274                        4.000000     0.097421769              0.06937609
50  0.0133461257                        5.788440                        3.477248     0.075404740              0.03542764
51  0.0228626503                        6.000000                        3.774801     0.088488916              0.07849205
52  0.0335646474                        6.583898                        3.674923     0.126900569              0.05112829
53  0.0116249145                        6.345438                        3.902376     0.048497289              0.04431433
54  0.0030769463                        6.576015                        3.879077     0.115684054              0.03389257
55 -0.0041091279                        6.775855                        3.618484     0.151285219              0.03843642
56 -0.0126980936                        6.223626                        3.182451    -0.004064650              0.05041760
57 -0.0169789680                        5.745714                        2.755268     0.028517738              0.02896168
58 -0.0267535641                        5.440794                        2.909971     0.050566174              0.04915587
59 -0.0210771892                        5.944291                        3.110663     0.060045147              0.03059615
60 -0.0145470402                        5.228549                        2.997374     0.024858721              0.04330825
61 -0.0207171441                        4.993469                        2.992784     0.015857387              0.03585464
   dummy Jan Feb Mar Apr May Jun Jul Aug Sep Oct
2      0   0   0   1   0   0   0   0   0   0   0
3      0   0   0   0   1   0   0   0   0   0   0
4      0   0   0   0   0   1   0   0   0   0   0
5      0   0   0   0   0   0   1   0   0   0   0
6      0   0   0   0   0   0   0   1   0   0   0
7      0   0   0   0   0   0   0   0   1   0   0
8      0   0   0   0   0   0   0   0   0   1   0
9      0   0   0   0   0   0   0   0   0   0   1
10     0   0   0   0   0   0   0   0   0   0   0
11     0   0   0   0   0   0   0   0   0   0   0
12     0   1   0   0   0   0   0   0   0   0   0
13     0   0   1   0   0   0   0   0   0   0   0
14     0   0   0   1   0   0   0   0   0   0   0
15     0   0   0   0   1   0   0   0   0   0   0
16     0   0   0   0   0   1   0   0   0   0   0
17     0   0   0   0   0   0   1   0   0   0   0
18     0   0   0   0   0   0   0   1   0   0   0
19     0   0   0   0   0   0   0   0   1   0   0
20     0   0   0   0   0   0   0   0   0   1   0
21     0   0   0   0   0   0   0   0   0   0   1
22     0   0   0   0   0   0   0   0   0   0   0
23     0   0   0   0   0   0   0   0   0   0   0
24     0   1   0   0   0   0   0   0   0   0   0
25     0   0   1   0   0   0   0   0   0   0   0
26     0   0   0   1   0   0   0   0   0   0   0
27     1   0   0   0   1   0   0   0   0   0   0
28     1   0   0   0   0   1   0   0   0   0   0
29     1   0   0   0   0   0   1   0   0   0   0
30     1   0   0   0   0   0   0   1   0   0   0
31     0   0   0   0   0   0   0   0   1   0   0
32     1   0   0   0   0   0   0   0   0   1   0
33     0   0   0   0   0   0   0   0   0   0   1
34     1   0   0   0   0   0   0   0   0   0   0
35     0   0   0   0   0   0   0   0   0   0   0
36     0   1   0   0   0   0   0   0   0   0   0
37     0   0   1   0   0   0   0   0   0   0   0
38     0   0   0   1   0   0   0   0   0   0   0
39     0   0   0   0   1   0   0   0   0   0   0
40     0   0   0   0   0   1   0   0   0   0   0
41     0   0   0   0   0   0   1   0   0   0   0
42     0   0   0   0   0   0   0   1   0   0   0
43     0   0   0   0   0   0   0   0   1   0   0
44     0   0   0   0   0   0   0   0   0   1   0
45     0   0   0   0   0   0   0   0   0   0   1
46     0   0   0   0   0   0   0   0   0   0   0
47     0   0   0   0   0   0   0   0   0   0   0
48     0   1   0   0   0   0   0   0   0   0   0
49     0   0   1   0   0   0   0   0   0   0   0
50     0   0   0   1   0   0   0   0   0   0   0
51     0   0   0   0   1   0   0   0   0   0   0
52     0   0   0   0   0   1   0   0   0   0   0
53     0   0   0   0   0   0   1   0   0   0   0
54     0   0   0   0   0   0   0   1   0   0   0
55     0   0   0   0   0   0   0   0   1   0   0
56     0   0   0   0   0   0   0   0   0   1   0
57     0   0   0   0   0   0   0   0   0   0   1
58     0   0   0   0   0   0   0   0   0   0   0
59     0   0   0   0   0   0   0   0   0   0   0
60     0   1   0   0   0   0   0   0   0   0   0
61     0   0   1   0   0   0   0   0   0   0   0


attr(,"class")
[1] "lpirfs_lin_obj"
