[1] "pandemic"             "djn level estimation"
                   1             2             3             4             5             6
AIC(n) -2.462078e+01 -2.443783e+01 -2.494804e+01 -2.591252e+01 -2.653208e+01 -2.869885e+01
HQ(n)  -2.341335e+01 -2.287528e+01 -2.303035e+01 -2.363971e+01 -2.390414e+01 -2.571579e+01
SC(n)  -2.148998e+01 -2.038620e+01 -1.997558e+01 -2.001923e+01 -1.971796e+01 -2.096391e+01
FPE(n)  2.266675e-11  3.131507e-11  2.395183e-11  1.358686e-11  1.394784e-11  4.719013e-12
                   1             2             3             4             5             6
AIC(n) -2.462078e+01 -2.443783e+01 -2.494804e+01 -2.591252e+01 -2.653208e+01 -2.869885e+01
HQ(n)  -2.341335e+01 -2.287528e+01 -2.303035e+01 -2.363971e+01 -2.390414e+01 -2.571579e+01
SC(n)  -2.148998e+01 -2.038620e+01 -1.997558e+01 -2.001923e+01 -1.971796e+01 -2.096391e+01
FPE(n)  2.266675e-11  3.131507e-11  2.395183e-11  1.358686e-11  1.394784e-11  4.719013e-12
$irf_lin_mean
, , 1

             [,1]        [,2]        [,3]          [,4]          [,5]          [,6]         [,7]          [,8]        [,9]
[1,]  0.019783501 0.010097481 0.004399413 -0.0003394507 -0.0015910542 -3.149729e-03 0.0051062130  0.0005186265 0.004980815
[2,] -0.002439087 0.004254389 0.013887037  0.0549530699  0.0167009236  2.701639e-02 0.0094283624  0.0607376687 0.016592236
[3,]  0.013792443 0.011705930 0.016408498  0.0250995057  0.0099486090  4.630798e-03 0.0343177853  0.0306022562 0.001879052
[4,]  0.007476031 0.014405754 0.014360209  0.0072820976  0.0002176452  2.116928e-03 0.0031082188  0.0062925283 0.010908872
[5,]  0.007679056 0.068612645 0.018820123  0.0160669146  0.0030854736 -2.277553e-05 0.0007199085 -0.0045384673 0.010131886
           [,10]       [,11]        [,12]        [,13]
[1,] 0.004731511 0.000795154 -0.001787371 -0.007885792
[2,] 0.039670063 0.048672970  0.052442448  0.083072790
[3,] 0.005488815 0.006469836  0.020363010  0.020759432
[4,] 0.010950482 0.011156373  0.012604153  0.011630941
[5,] 0.014141998 0.013888565  0.010040233  0.011812709

, , 2

            [,1]         [,2]         [,3]         [,4]         [,5]          [,6]        [,7]         [,8]          [,9]
[1,]  0.00000000 0.0007269127 -0.002073221  0.001676455 -0.001452143 -0.0001137545 0.002133807  0.001903160 -7.232649e-05
[2,]  0.21268913 0.0452987794  0.001440285  0.084968044  0.078565238  0.0318716556 0.021706904  0.058893774 -5.286845e-03
[3,]  0.09769294 0.0102655660  0.005809979  0.011981352  0.021255965 -0.0330537570 0.013670685  0.004225942 -5.838661e-03
[4,]  0.01041494 0.0079944857  0.003065943  0.012645607  0.010157411  0.0075101253 0.011416487  0.020020916  1.419830e-02
[5,] -0.01359612 0.0225631904  0.007627718 -0.001392183 -0.003892800  0.0099774081 0.024589687 -0.002603412  2.881545e-02
            [,10]        [,11]        [,12]        [,13]
[1,] -0.002000568  0.001731139  0.007792234 -0.004988868
[2,] -0.025996320  0.012945196 -0.008420433 -0.059658136
[3,] -0.041406340 -0.020013329 -0.022171577 -0.052862353
[4,]  0.010601447  0.010471549  0.017452274  0.021603031
[5,]  0.009401636 -0.014377928  0.039028637  0.022518388

, , 3

             [,1]         [,2]         [,3]         [,4]          [,5]         [,6]         [,7]         [,8]         [,9]
[1,]  0.000000000 -0.001961575 -0.001979851  0.001747858  0.0028523522 -0.001684512  0.004489683  0.006386082  0.001854607
[2,]  0.000000000  0.125188397 -0.060404738  0.027244852 -0.0138126415  0.027758272  0.128587307 -0.030575782  0.075236996
[3,]  0.172373553  0.002546031  0.005068911 -0.029910321 -0.0250985409  0.045902077  0.022681904  0.070326800 -0.015148979
[4,] -0.008821777  0.001982413 -0.006385120 -0.008109250  0.0008701596 -0.005583864  0.003287564  0.004526884  0.009549242
[5,] -0.009123943 -0.001280848 -0.001388425 -0.013151180  0.0149914622 -0.023250103 -0.006685961  0.037286862  0.020390695
            [,10]        [,11]         [,12]        [,13]
[1,]  0.002333114 -0.004594534  0.0003394557  0.003791171
[2,] -0.005167742  0.120756309 -0.0164121733 -0.012695622
[3,]  0.051719258 -0.014380635 -0.0515003794 -0.021985410
[4,]  0.009511827  0.007843354  0.0030860927 -0.003874228
[5,]  0.014804870 -0.016405735  0.0160532431  0.004461851

, , 4

           [,1]         [,2]         [,3]         [,4]        [,5]         [,6]         [,7]         [,8]         [,9]
[1,] 0.00000000 -0.001368149 -0.002691598 -0.001673537 0.001589059 -0.002196320  0.001165196  0.002301536  0.002175634
[2,] 0.00000000  0.030816462 -0.010396530 -0.036167203 0.008957378 -0.004020575 -0.034653677 -0.045365631 -0.031969383
[3,] 0.00000000 -0.014239883 -0.042940654 -0.026603801 0.003868278  0.003075317 -0.012782470 -0.033294989 -0.032042305
[4,] 0.02724340  0.015924580  0.010002172  0.007644098 0.010666078  0.011453863  0.007278370  0.009287797  0.012074715
[5,] 0.01675794  0.013460027 -0.003160563  0.004615820 0.015005455 -0.006601790 -0.007525979  0.021181347 -0.000462394
            [,10]        [,11]        [,12]        [,13]
[1,]  0.004331721 -0.004362997 -0.010996210 -0.001408141
[2,] -0.005102808 -0.004050642 -0.002625145 -0.007195374
[3,]  0.003292482 -0.005261250  0.001818190 -0.005500508
[4,]  0.010697416  0.013512120  0.006024887 -0.002572132
[5,]  0.010387272  0.027585689 -0.010628645 -0.019077808

, , 5

           [,1]         [,2]         [,3]         [,4]         [,5]         [,6]          [,7]          [,8]         [,9]
[1,] 0.00000000 -0.003359107 -0.003338588  0.001268887 -0.002254383  0.008629377 -0.0004313867 -0.0004807675  0.002216846
[2,] 0.00000000 -0.021637464  0.065451297 -0.004238428 -0.025166592  0.001619987  0.0590506353 -0.0055033039  0.030753145
[3,] 0.00000000  0.008273664  0.041563845 -0.022191339 -0.031468493  0.032361767  0.0190872163  0.0050915156  0.008979810
[4,] 0.00000000 -0.001854243 -0.004330781 -0.005079262 -0.003258070 -0.001865825  0.0053035857  0.0022142906 -0.002376756
[5,] 0.06739941 -0.024844246 -0.022754516  0.005011051 -0.005441759  0.004123079  0.0028922858  0.0046076096  0.009316127
             [,10]         [,11]         [,12]        [,13]
[1,] -0.0025460421 -1.192017e-03 -8.809991e-05 -0.001358144
[2,]  0.0024065630  3.289084e-02  2.541051e-02  0.003148349
[3,] -0.0093319741  2.052724e-02 -6.100259e-03  0.025786390
[4,]  0.0010972643  2.965497e-05  4.863365e-04 -0.004076627
[5,] -0.0005149447 -7.406043e-03  9.252694e-03 -0.018349639


$irf_lin_low
, , 1

             [,1]         [,2]         [,3]         [,4]         [,5]         [,6]         [,7]          [,8]          [,9]
[1,]  0.019783501  0.003766791 -0.001930619 -0.005860079 -0.006705540 -0.007490282  0.001604101 -0.0039493293  0.0006268025
[2,] -0.002439087 -0.053591861 -0.048498478 -0.015094581 -0.056100666 -0.046367151 -0.047733166 -0.0051963327 -0.0404202386
[3,]  0.013792443 -0.039780589 -0.031545127 -0.013984094 -0.049686665 -0.049026631 -0.008407260 -0.0033078457 -0.0294075787
[4,]  0.007476031  0.006377134  0.003592097 -0.002608196 -0.008903726 -0.008415109 -0.005268323 -0.0006253658  0.0018624817
[5,]  0.007679056  0.029551292 -0.012133653 -0.013302228 -0.014532615 -0.021376335 -0.015062670 -0.0266432422 -0.0046902943
             [,10]        [,11]        [,12]        [,13]
[1,]  0.0002219947 -0.003332162 -0.006537014 -0.014890420
[2,] -0.0227116719 -0.007960764  0.001216157  0.041418115
[3,] -0.0462725158 -0.027781489 -0.019491187 -0.014433715
[4,]  0.0003560560  0.002263316  0.004452142  0.003577657
[5,] -0.0021413831 -0.007108847 -0.010737903 -0.020668489

, , 2

            [,1]         [,2]         [,3]         [,4]         [,5]         [,6]         [,7]         [,8]         [,9]
[1,]  0.00000000 -0.005685404 -0.007835127 -0.006657550 -0.012261179 -0.009928943 -0.004990785 -0.008502602 -0.006828364
[2,]  0.21268913 -0.056069625 -0.101584140 -0.012753222 -0.005680995 -0.081874614 -0.078876649 -0.088516318 -0.117022108
[3,]  0.09769294 -0.071402177 -0.076175993 -0.075635249 -0.048348269 -0.102819706 -0.057558239 -0.098168021 -0.085045922
[4,]  0.01041494 -0.004801478 -0.012634771 -0.001958537 -0.006200565 -0.010095726 -0.003993550  0.006511628  0.001780909
[5,] -0.01359612 -0.003829769 -0.023724996 -0.026253811 -0.051612592 -0.038190606 -0.027810788 -0.059942626 -0.005368310
            [,10]        [,11]         [,12]         [,13]
[1,] -0.010346524 -0.009289279 -0.0055892701 -0.0129268378
[2,] -0.177695521 -0.094312598 -0.1698400362 -0.1535334986
[3,] -0.131195470 -0.100645768 -0.1614973230 -0.1205637272
[4,] -0.009294966 -0.006667272  0.0004105186  0.0004963707
[5,] -0.026551421 -0.076671470 -0.0287481689 -0.0302409697

, , 3

             [,1]         [,2]        [,3]          [,4]          [,5]         [,6]          [,7]          [,8]
[1,]  0.000000000 -0.005703660 -0.00525479 -0.0009716889 -0.0009836134 -0.003542417 -0.0003570132  2.273920e-04
[2,]  0.000000000  0.096697563 -0.10332025 -0.0102352065 -0.0453377898  0.005613991  0.0919619381 -8.337608e-02
[3,]  0.172373553 -0.027472590 -0.02417325 -0.0612542791 -0.0482590739  0.021160864 -0.0040599504  3.747705e-02
[4,] -0.008821777 -0.003378944 -0.01353381 -0.0138220367 -0.0044714893 -0.011410970 -0.0001697476 -1.843028e-05
[5,] -0.009123943 -0.009283270 -0.01662742 -0.0307640933  0.0002985722 -0.052156386 -0.0150936279  7.706141e-03
              [,9]         [,10]        [,11]        [,12]       [,13]
[1,] -0.0011645491  0.0004627355 -0.009876339 -0.001774008  0.00155688
[2,]  0.0187611552 -0.0358329006  0.078389790 -0.052389848 -0.05588283
[3,] -0.0462468239  0.0027600806 -0.051845840 -0.089991001 -0.04798195
[4,]  0.0009876975  0.0053244237  0.002893492 -0.002219146 -0.01178188
[5,]  0.0020683182 -0.0002775837 -0.025692032  0.001795100  0.00413323

, , 4

           [,1]         [,2]          [,3]         [,4]         [,5]         [,6]         [,7]         [,8]         [,9]
[1,] 0.00000000 -0.004322127 -0.0065174704 -0.005223170 -0.002388401 -0.006158894 -0.001529146 -0.001963995 -0.001872734
[2,] 0.00000000 -0.024309759 -0.0689833751 -0.100456292 -0.039878666 -0.064695019 -0.082063992 -0.099677255 -0.078079276
[3,] 0.00000000 -0.059143325 -0.0892821661 -0.064591869 -0.031273418 -0.030458673 -0.044476548 -0.068114757 -0.068282523
[4,] 0.02724340  0.008491954  0.0002115526 -0.001589359  0.002548987  0.002545737 -0.001609215  0.002697560  0.006209500
[5,] 0.01675794 -0.003368654 -0.0212456427 -0.008153547 -0.005935507 -0.018493262 -0.026443242  0.002156069 -0.012002325
             [,10]        [,11]        [,12]        [,13]
[1,] -0.0006178117 -0.007594525 -0.018134044 -0.004763949
[2,] -0.0814515307 -0.058363696 -0.095073962 -0.047769079
[3,] -0.0368647016 -0.044835639 -0.054097533 -0.044043798
[4,]  0.0011320827  0.004827338 -0.002373038 -0.008523245
[5,] -0.0092854823 -0.008411486 -0.038440882 -0.048494845

, , 5

           [,1]         [,2]         [,3]          [,4]         [,5]         [,6]         [,7]         [,8]          [,9]
[1,] 0.00000000 -0.006249931 -0.005208353 -0.0003240899 -0.004452396  0.006432834 -0.002626298 -0.001730811  0.0008332378
[2,] 0.00000000 -0.047241254  0.034954486 -0.0315754549 -0.043965070 -0.017318326  0.036314500 -0.027624179  0.0117330344
[3,] 0.00000000 -0.013897457  0.024002942 -0.0332856958 -0.048413578  0.017577972  0.006213266 -0.011780880 -0.0024279045
[4,] 0.00000000 -0.005452996 -0.011133033 -0.0087985998 -0.005972716 -0.005594656  0.001265635 -0.001857460 -0.0050301418
[5,] 0.06739941 -0.036833191 -0.035238882 -0.0033740566 -0.010072066 -0.001556468 -0.006805903 -0.001076978  0.0013794385
            [,10]         [,11]        [,12]        [,13]
[1,] -0.004645064 -0.0027144374 -0.003157053 -0.002560800
[2,] -0.018801888  0.0099979316 -0.005513215 -0.022796271
[3,] -0.034524305 -0.0009488822 -0.030994886  0.007014197
[4,] -0.002053458 -0.0029848601 -0.003979468 -0.007338316
[5,] -0.005704550 -0.0191837453 -0.004345119 -0.045861089


$irf_lin_up
, , 1

             [,1]       [,2]       [,3]        [,4]        [,5]        [,6]        [,7]        [,8]        [,9]       [,10]
[1,]  0.019783501 0.01642817 0.01072944 0.005181177 0.003523432 0.001190824 0.008608325 0.004986582 0.009334827 0.009241027
[2,] -0.002439087 0.06210064 0.07627255 0.125000721 0.089502513 0.100399934 0.066589891 0.126671670 0.073604711 0.102051798
[3,]  0.013792443 0.06319245 0.06436212 0.064183106 0.069583883 0.058288227 0.077042831 0.064512358 0.033165682 0.057250146
[4,]  0.007476031 0.02243437 0.02512832 0.017172392 0.009339016 0.012648965 0.011484760 0.013210422 0.019955261 0.021544908
[5,]  0.007679056 0.10767400 0.04977390 0.045436057 0.020703562 0.021330784 0.016502487 0.017566308 0.024954066 0.030425380
          [,11]       [,12]         [,13]
[1,] 0.00492247 0.002962272 -0.0008811642
[2,] 0.10530670 0.103668738  0.1247274644
[3,] 0.04072116 0.060217208  0.0559525790
[4,] 0.02004943 0.020756164  0.0196842257
[5,] 0.03488598 0.030818370  0.0442939067

, , 2

            [,1]       [,2]        [,3]       [,4]        [,5]        [,6]        [,7]       [,8]        [,9]       [,10]
[1,]  0.00000000 0.00713923 0.003688686 0.01001046 0.009356893 0.009701434 0.009258398 0.01230892 0.006683711 0.006345388
[2,]  0.21268913 0.14666718 0.104464709 0.18268931 0.162811472 0.145617925 0.122290458 0.20630387 0.106448417 0.125702881
[3,]  0.09769294 0.09193331 0.087795952 0.09959795 0.090860199 0.036712192 0.084899609 0.10661990 0.073368600 0.048382789
[4,]  0.01041494 0.02079045 0.018766656 0.02724975 0.026515387 0.025115976 0.026826523 0.03353020 0.026615691 0.030497860
[5,] -0.01359612 0.04895615 0.038980432 0.02346945 0.043826992 0.058145422 0.076990163 0.05473580 0.062999202 0.045354693
          [,11]      [,12]       [,13]
[1,] 0.01275156 0.02117374 0.002949102
[2,] 0.12020299 0.15299917 0.034217226
[3,] 0.06061911 0.11715417 0.014839021
[4,] 0.02761037 0.03449403 0.042709691
[5,] 0.04791561 0.10680544 0.075277746

, , 3

             [,1]        [,2]         [,3]         [,4]         [,5]         [,6]        [,7]        [,8]        [,9]
[1,]  0.000000000 0.001780509  0.001295087  0.004467405  0.006688318 0.0001733922 0.009336380 0.012544773 0.004873762
[2,]  0.000000000 0.153679230 -0.017489221  0.064724910  0.017712507 0.0499025538 0.165212677 0.022224520 0.131712837
[3,]  0.172373553 0.032564651  0.034311073  0.001433638 -0.001938008 0.0706432895 0.049423758 0.103176553 0.015948866
[4,] -0.008821777 0.007343771  0.000763565 -0.002396463  0.006211809 0.0002432430 0.006744875 0.009072198 0.018110786
[5,] -0.009123943 0.006721574  0.013850575  0.004461734  0.029684352 0.0056561792 0.001721706 0.066867584 0.038713071
           [,10]         [,11]        [,12]       [,13]
[1,] 0.004203493  0.0006872719  0.002452920 0.006025463
[2,] 0.025497416  0.1631228271  0.019565501 0.030491584
[3,] 0.100678435  0.0230845700 -0.013009758 0.004011134
[4,] 0.013699231  0.0127932158  0.008391332 0.004033422
[5,] 0.029887324 -0.0071194382  0.030311386 0.004790472

, , 4

           [,1]        [,2]        [,3]        [,4]        [,5]        [,6]        [,7]        [,8]        [,9]       [,10]
[1,] 0.00000000 0.001585829 0.001134274 0.001876096 0.005566519 0.001766254 0.003859539 0.006567067 0.006224001 0.009281253
[2,] 0.00000000 0.085942682 0.048190315 0.028121886 0.057793421 0.056653868 0.012756639 0.008945993 0.014140511 0.071245914
[3,] 0.00000000 0.030663559 0.003400859 0.011384267 0.039009973 0.036609307 0.018911608 0.001524778 0.004197913 0.043449666
[4,] 0.02724340 0.023357207 0.019792792 0.016877554 0.018783170 0.020361988 0.016165955 0.015878035 0.017939931 0.020262749
[5,] 0.01675794 0.030288708 0.014924516 0.017385187 0.035946417 0.005289682 0.011391284 0.040206624 0.011077537 0.030060027
            [,11]        [,12]       [,13]
[1,] -0.001131468 -0.003858376 0.001947668
[2,]  0.050262412  0.089823671 0.033378331
[3,]  0.034313139  0.057733912 0.033042782
[4,]  0.022196903  0.014422812 0.003378981
[5,]  0.063582864  0.017183592 0.010339229

, , 5

           [,1]          [,2]         [,3]         [,4]          [,5]        [,6]        [,7]         [,8]         [,9]
[1,] 0.00000000 -0.0004682835 -0.001468823  0.002861863 -5.636988e-05 0.010825920 0.001763525 0.0007692758 0.0036004541
[2,] 0.00000000  0.0039663264  0.095948108  0.023098600 -6.368114e-03 0.020558300 0.081786770 0.0166175713 0.0497732563
[3,] 0.00000000  0.0304447855  0.059124749 -0.011096982 -1.452341e-02 0.047145562 0.031961167 0.0219639113 0.0203875243
[4,] 0.00000000  0.0017445091  0.002471470 -0.001359924 -5.434238e-04 0.001863006 0.009341537 0.0062860411 0.0002766289
[5,] 0.06739941 -0.0128553016 -0.010270150  0.013396159 -8.114512e-04 0.009802626 0.012590475 0.0102921969 0.0172528158
             [,10]        [,11]       [,12]         [,13]
[1,] -0.0004470207 0.0003304043 0.002980853 -0.0001554878
[2,]  0.0236150140 0.0557837529 0.056334233  0.0290929685
[3,]  0.0158603567 0.0420033594 0.018794367  0.0445585841
[4,]  0.0042479867 0.0030441700 0.004952141 -0.0008149373
[5,]  0.0046746607 0.0043716600 0.022850506  0.0091618101


$diagnostic_list
$diagnostic_list$`Shock: pandemic`
$diagnostic_list$`Shock: pandemic`[[1]]
                               R-sqrd. Adj. R-sqrd.    F-stat      p-value
h1:pandemic                  0.3542662    0.1082723 1.4401425 1.700072e-01
h1:inflation_expectations_1y 0.3549539    0.1092221 1.4444767 1.681118e-01
h1:inflation_expectations_3y 0.1281615   -0.2039674 0.3858789 9.789492e-01
h1:inflation                 0.5665447    0.4014189 3.4309876 6.855648e-04
h1:economic_activity         0.6557523    0.5246103 5.0003227 1.384667e-05

$diagnostic_list$`Shock: pandemic`[[2]]
                               R-sqrd. Adj. R-sqrd.    F-stat   p-value
h2:pandemic                  0.2862584  0.007725058 1.0277348 0.4497012
h2:inflation_expectations_1y 0.3163659  0.049581910 1.1858504 0.3187679
h2:inflation_expectations_3y 0.2408392 -0.055418738 0.8129375 0.6638832
h2:inflation                 0.3103384  0.041202198 1.1530905 0.3434243
h2:economic_activity         0.3146659  0.047218508 1.1765525 0.3256303

$diagnostic_list$`Shock: pandemic`[[3]]
                               R-sqrd. Adj. R-sqrd.    F-stat   p-value
h3:pandemic                  0.3447250  0.082615008 1.3151921 0.2355532
h3:inflation_expectations_1y 0.3363071  0.070829885 1.2668022 0.2646913
h3:inflation_expectations_3y 0.1842307 -0.142076990 0.5645920 0.8913874
h3:inflation                 0.2815779 -0.005790964 0.9798483 0.4952180
h3:economic_activity         0.3193403  0.047076461 1.1729075 0.3293176

$diagnostic_list$`Shock: pandemic`[[4]]
                               R-sqrd. Adj. R-sqrd.    F-stat   p-value
h4:pandemic                  0.2704630 -0.028834186 0.9036604 0.5707632
h4:inflation_expectations_1y 0.2668317 -0.033955308 0.8871118 0.5875381
h4:inflation_expectations_3y 0.2154478 -0.106419758 0.6693679 0.8050528
h4:inflation                 0.2332556 -0.081306233 0.7415254 0.7359891
h4:economic_activity         0.2890824 -0.002576142 0.9911673 0.4848606

$diagnostic_list$`Shock: pandemic`[[5]]
                               R-sqrd. Adj. R-sqrd.    F-stat   p-value
h5:pandemic                  0.3327865   0.05185453 1.1845804 0.3228069
h5:inflation_expectations_1y 0.1866020  -0.15588134 0.5448499 0.9040485
h5:inflation_expectations_3y 0.2447271  -0.07328251 0.7695588 0.7075783
h5:inflation                 0.2511976  -0.06408756 0.7967315 0.6799914
h5:economic_activity         0.2032571  -0.13221357 0.6058864 0.8591319

$diagnostic_list$`Shock: pandemic`[[6]]
                               R-sqrd. Adj. R-sqrd.    F-stat   p-value
h6:pandemic                  0.3222740   0.02920329 1.0996459 0.3898210
h6:inflation_expectations_1y 0.3774192   0.10819501 1.4018770 0.1941471
h6:inflation_expectations_3y 0.2261033  -0.10855473 0.6756249 0.7983651
h6:inflation                 0.2571836  -0.06403431 0.8006515 0.6757892
h6:economic_activity         0.1456442  -0.22380695 0.3942178 0.9756203

$diagnostic_list$`Shock: pandemic`[[7]]
                               R-sqrd. Adj. R-sqrd.    F-stat   p-value
h7:pandemic                  0.2332721  -0.10749585 0.6845483 0.7896167
h7:inflation_expectations_1y 0.3262393   0.02679005 1.0894644 0.3991852
h7:inflation_expectations_3y 0.2885616  -0.02763323 0.9126069 0.5623514
h7:inflation                 0.3831186   0.10894916 1.3973788 0.1978000
h7:economic_activity         0.3651363   0.08297470 1.2940680 0.2531682

$diagnostic_list$`Shock: pandemic`[[8]]
                               R-sqrd. Adj. R-sqrd.    F-stat   p-value
h8:pandemic                  0.2958262 -0.026081829 0.9189774 0.5562821
h8:inflation_expectations_1y 0.2286155 -0.124017346 0.6483103 0.8218274
h8:inflation_expectations_3y 0.2390320 -0.108839124 0.6871280 0.7867023
h8:inflation                 0.3118327 -0.002758058 0.9912329 0.4868709
h8:economic_activity         0.3187966  0.007389378 1.0237290 0.4570858

$diagnostic_list$`Shock: pandemic`[[9]]
                               R-sqrd. Adj. R-sqrd.    F-stat   p-value
h9:pandemic                  0.2793685 -0.059752221 0.8238025 0.6517740
h9:inflation_expectations_1y 0.2852207 -0.051146001 0.8479457 0.6273979
h9:inflation_expectations_3y 0.2525830 -0.099142664 0.7181250 0.7568282
h9:inflation                 0.3255518  0.008164425 1.0257238 0.4560192
h9:economic_activity         0.2884731 -0.046363056 0.8615351 0.6137108

$diagnostic_list$`Shock: pandemic`[[10]]
                                R-sqrd. Adj. R-sqrd.    F-stat   p-value
h10:pandemic                  0.2309699  -0.14189322 0.6194495 0.8451885
h10:inflation_expectations_1y 0.3729437   0.06891645 1.2266785 0.2999701
h10:inflation_expectations_3y 0.2530160  -0.10915807 0.6986033 0.7748859
h10:inflation                 0.3542073   0.04109573 1.1312495 0.3687167
h10:economic_activity         0.3131543  -0.01986184 0.9403577 0.5360803

$diagnostic_list$`Shock: pandemic`[[11]]
                                R-sqrd. Adj. R-sqrd.    F-stat   p-value
h11:pandemic                  0.4209111  0.131366600 1.4537010 0.1791359
h11:inflation_expectations_1y 0.3274688 -0.008796726 0.9738399 0.5048045
h11:inflation_expectations_3y 0.2003155 -0.199526749 0.5009863 0.9279354
h11:inflation                 0.3609391  0.041408643 1.1295922 0.3712394
h11:economic_activity         0.3592639  0.038895917 1.1214101 0.3776111

$diagnostic_list$`Shock: pandemic`[[12]]
                                R-sqrd. Adj. R-sqrd.    F-stat   p-value
h12:pandemic                  0.3919659   0.07814183 1.2489989 0.2886894
h12:inflation_expectations_1y 0.3602274   0.03002224 1.0909199 0.4031607
h12:inflation_expectations_3y 0.3048835  -0.05388627 0.8498026 0.6254262
h12:inflation                 0.3942923   0.08166903 1.2612378 0.2810098
h12:economic_activity         0.3657958   0.03846457 1.1175096 0.3819264


$diagnostic_list$`Shock: inflation_expectations_1y`
$diagnostic_list$`Shock: inflation_expectations_1y`[[1]]
                               R-sqrd. Adj. R-sqrd.    F-stat      p-value
h1:pandemic                  0.3542662    0.1082723 1.4401425 1.700072e-01
h1:inflation_expectations_1y 0.3549539    0.1092221 1.4444767 1.681118e-01
h1:inflation_expectations_3y 0.1281615   -0.2039674 0.3858789 9.789492e-01
h1:inflation                 0.5665447    0.4014189 3.4309876 6.855648e-04
h1:economic_activity         0.6557523    0.5246103 5.0003227 1.384667e-05

$diagnostic_list$`Shock: inflation_expectations_1y`[[2]]
                               R-sqrd. Adj. R-sqrd.    F-stat   p-value
h2:pandemic                  0.2862584  0.007725058 1.0277348 0.4497012
h2:inflation_expectations_1y 0.3163659  0.049581910 1.1858504 0.3187679
h2:inflation_expectations_3y 0.2408392 -0.055418738 0.8129375 0.6638832
h2:inflation                 0.3103384  0.041202198 1.1530905 0.3434243
h2:economic_activity         0.3146659  0.047218508 1.1765525 0.3256303

$diagnostic_list$`Shock: inflation_expectations_1y`[[3]]
                               R-sqrd. Adj. R-sqrd.    F-stat   p-value
h3:pandemic                  0.3447250  0.082615008 1.3151921 0.2355532
h3:inflation_expectations_1y 0.3363071  0.070829885 1.2668022 0.2646913
h3:inflation_expectations_3y 0.1842307 -0.142076990 0.5645920 0.8913874
h3:inflation                 0.2815779 -0.005790964 0.9798483 0.4952180
h3:economic_activity         0.3193403  0.047076461 1.1729075 0.3293176

$diagnostic_list$`Shock: inflation_expectations_1y`[[4]]
                               R-sqrd. Adj. R-sqrd.    F-stat   p-value
h4:pandemic                  0.2704630 -0.028834186 0.9036604 0.5707632
h4:inflation_expectations_1y 0.2668317 -0.033955308 0.8871118 0.5875381
h4:inflation_expectations_3y 0.2154478 -0.106419758 0.6693679 0.8050528
h4:inflation                 0.2332556 -0.081306233 0.7415254 0.7359891
h4:economic_activity         0.2890824 -0.002576142 0.9911673 0.4848606

$diagnostic_list$`Shock: inflation_expectations_1y`[[5]]
                               R-sqrd. Adj. R-sqrd.    F-stat   p-value
h5:pandemic                  0.3327865   0.05185453 1.1845804 0.3228069
h5:inflation_expectations_1y 0.1866020  -0.15588134 0.5448499 0.9040485
h5:inflation_expectations_3y 0.2447271  -0.07328251 0.7695588 0.7075783
h5:inflation                 0.2511976  -0.06408756 0.7967315 0.6799914
h5:economic_activity         0.2032571  -0.13221357 0.6058864 0.8591319

$diagnostic_list$`Shock: inflation_expectations_1y`[[6]]
                               R-sqrd. Adj. R-sqrd.    F-stat   p-value
h6:pandemic                  0.3222740   0.02920329 1.0996459 0.3898210
h6:inflation_expectations_1y 0.3774192   0.10819501 1.4018770 0.1941471
h6:inflation_expectations_3y 0.2261033  -0.10855473 0.6756249 0.7983651
h6:inflation                 0.2571836  -0.06403431 0.8006515 0.6757892
h6:economic_activity         0.1456442  -0.22380695 0.3942178 0.9756203

$diagnostic_list$`Shock: inflation_expectations_1y`[[7]]
                               R-sqrd. Adj. R-sqrd.    F-stat   p-value
h7:pandemic                  0.2332721  -0.10749585 0.6845483 0.7896167
h7:inflation_expectations_1y 0.3262393   0.02679005 1.0894644 0.3991852
h7:inflation_expectations_3y 0.2885616  -0.02763323 0.9126069 0.5623514
h7:inflation                 0.3831186   0.10894916 1.3973788 0.1978000
h7:economic_activity         0.3651363   0.08297470 1.2940680 0.2531682

$diagnostic_list$`Shock: inflation_expectations_1y`[[8]]
                               R-sqrd. Adj. R-sqrd.    F-stat   p-value
h8:pandemic                  0.2958262 -0.026081829 0.9189774 0.5562821
h8:inflation_expectations_1y 0.2286155 -0.124017346 0.6483103 0.8218274
h8:inflation_expectations_3y 0.2390320 -0.108839124 0.6871280 0.7867023
h8:inflation                 0.3118327 -0.002758058 0.9912329 0.4868709
h8:economic_activity         0.3187966  0.007389378 1.0237290 0.4570858

$diagnostic_list$`Shock: inflation_expectations_1y`[[9]]
                               R-sqrd. Adj. R-sqrd.    F-stat   p-value
h9:pandemic                  0.2793685 -0.059752221 0.8238025 0.6517740
h9:inflation_expectations_1y 0.2852207 -0.051146001 0.8479457 0.6273979
h9:inflation_expectations_3y 0.2525830 -0.099142664 0.7181250 0.7568282
h9:inflation                 0.3255518  0.008164425 1.0257238 0.4560192
h9:economic_activity         0.2884731 -0.046363056 0.8615351 0.6137108

$diagnostic_list$`Shock: inflation_expectations_1y`[[10]]
                                R-sqrd. Adj. R-sqrd.    F-stat   p-value
h10:pandemic                  0.2309699  -0.14189322 0.6194495 0.8451885
h10:inflation_expectations_1y 0.3729437   0.06891645 1.2266785 0.2999701
h10:inflation_expectations_3y 0.2530160  -0.10915807 0.6986033 0.7748859
h10:inflation                 0.3542073   0.04109573 1.1312495 0.3687167
h10:economic_activity         0.3131543  -0.01986184 0.9403577 0.5360803

$diagnostic_list$`Shock: inflation_expectations_1y`[[11]]
                                R-sqrd. Adj. R-sqrd.    F-stat   p-value
h11:pandemic                  0.4209111  0.131366600 1.4537010 0.1791359
h11:inflation_expectations_1y 0.3274688 -0.008796726 0.9738399 0.5048045
h11:inflation_expectations_3y 0.2003155 -0.199526749 0.5009863 0.9279354
h11:inflation                 0.3609391  0.041408643 1.1295922 0.3712394
h11:economic_activity         0.3592639  0.038895917 1.1214101 0.3776111

$diagnostic_list$`Shock: inflation_expectations_1y`[[12]]
                                R-sqrd. Adj. R-sqrd.    F-stat   p-value
h12:pandemic                  0.3919659   0.07814183 1.2489989 0.2886894
h12:inflation_expectations_1y 0.3602274   0.03002224 1.0909199 0.4031607
h12:inflation_expectations_3y 0.3048835  -0.05388627 0.8498026 0.6254262
h12:inflation                 0.3942923   0.08166903 1.2612378 0.2810098
h12:economic_activity         0.3657958   0.03846457 1.1175096 0.3819264


$diagnostic_list$`Shock: inflation_expectations_3y`
$diagnostic_list$`Shock: inflation_expectations_3y`[[1]]
                               R-sqrd. Adj. R-sqrd.    F-stat      p-value
h1:pandemic                  0.3542662    0.1082723 1.4401425 1.700072e-01
h1:inflation_expectations_1y 0.3549539    0.1092221 1.4444767 1.681118e-01
h1:inflation_expectations_3y 0.1281615   -0.2039674 0.3858789 9.789492e-01
h1:inflation                 0.5665447    0.4014189 3.4309876 6.855648e-04
h1:economic_activity         0.6557523    0.5246103 5.0003227 1.384667e-05

$diagnostic_list$`Shock: inflation_expectations_3y`[[2]]
                               R-sqrd. Adj. R-sqrd.    F-stat   p-value
h2:pandemic                  0.2862584  0.007725058 1.0277348 0.4497012
h2:inflation_expectations_1y 0.3163659  0.049581910 1.1858504 0.3187679
h2:inflation_expectations_3y 0.2408392 -0.055418738 0.8129375 0.6638832
h2:inflation                 0.3103384  0.041202198 1.1530905 0.3434243
h2:economic_activity         0.3146659  0.047218508 1.1765525 0.3256303

$diagnostic_list$`Shock: inflation_expectations_3y`[[3]]
                               R-sqrd. Adj. R-sqrd.    F-stat   p-value
h3:pandemic                  0.3447250  0.082615008 1.3151921 0.2355532
h3:inflation_expectations_1y 0.3363071  0.070829885 1.2668022 0.2646913
h3:inflation_expectations_3y 0.1842307 -0.142076990 0.5645920 0.8913874
h3:inflation                 0.2815779 -0.005790964 0.9798483 0.4952180
h3:economic_activity         0.3193403  0.047076461 1.1729075 0.3293176

$diagnostic_list$`Shock: inflation_expectations_3y`[[4]]
                               R-sqrd. Adj. R-sqrd.    F-stat   p-value
h4:pandemic                  0.2704630 -0.028834186 0.9036604 0.5707632
h4:inflation_expectations_1y 0.2668317 -0.033955308 0.8871118 0.5875381
h4:inflation_expectations_3y 0.2154478 -0.106419758 0.6693679 0.8050528
h4:inflation                 0.2332556 -0.081306233 0.7415254 0.7359891
h4:economic_activity         0.2890824 -0.002576142 0.9911673 0.4848606

$diagnostic_list$`Shock: inflation_expectations_3y`[[5]]
                               R-sqrd. Adj. R-sqrd.    F-stat   p-value
h5:pandemic                  0.3327865   0.05185453 1.1845804 0.3228069
h5:inflation_expectations_1y 0.1866020  -0.15588134 0.5448499 0.9040485
h5:inflation_expectations_3y 0.2447271  -0.07328251 0.7695588 0.7075783
h5:inflation                 0.2511976  -0.06408756 0.7967315 0.6799914
h5:economic_activity         0.2032571  -0.13221357 0.6058864 0.8591319

$diagnostic_list$`Shock: inflation_expectations_3y`[[6]]
                               R-sqrd. Adj. R-sqrd.    F-stat   p-value
h6:pandemic                  0.3222740   0.02920329 1.0996459 0.3898210
h6:inflation_expectations_1y 0.3774192   0.10819501 1.4018770 0.1941471
h6:inflation_expectations_3y 0.2261033  -0.10855473 0.6756249 0.7983651
h6:inflation                 0.2571836  -0.06403431 0.8006515 0.6757892
h6:economic_activity         0.1456442  -0.22380695 0.3942178 0.9756203

$diagnostic_list$`Shock: inflation_expectations_3y`[[7]]
                               R-sqrd. Adj. R-sqrd.    F-stat   p-value
h7:pandemic                  0.2332721  -0.10749585 0.6845483 0.7896167
h7:inflation_expectations_1y 0.3262393   0.02679005 1.0894644 0.3991852
h7:inflation_expectations_3y 0.2885616  -0.02763323 0.9126069 0.5623514
h7:inflation                 0.3831186   0.10894916 1.3973788 0.1978000
h7:economic_activity         0.3651363   0.08297470 1.2940680 0.2531682

$diagnostic_list$`Shock: inflation_expectations_3y`[[8]]
                               R-sqrd. Adj. R-sqrd.    F-stat   p-value
h8:pandemic                  0.2958262 -0.026081829 0.9189774 0.5562821
h8:inflation_expectations_1y 0.2286155 -0.124017346 0.6483103 0.8218274
h8:inflation_expectations_3y 0.2390320 -0.108839124 0.6871280 0.7867023
h8:inflation                 0.3118327 -0.002758058 0.9912329 0.4868709
h8:economic_activity         0.3187966  0.007389378 1.0237290 0.4570858

$diagnostic_list$`Shock: inflation_expectations_3y`[[9]]
                               R-sqrd. Adj. R-sqrd.    F-stat   p-value
h9:pandemic                  0.2793685 -0.059752221 0.8238025 0.6517740
h9:inflation_expectations_1y 0.2852207 -0.051146001 0.8479457 0.6273979
h9:inflation_expectations_3y 0.2525830 -0.099142664 0.7181250 0.7568282
h9:inflation                 0.3255518  0.008164425 1.0257238 0.4560192
h9:economic_activity         0.2884731 -0.046363056 0.8615351 0.6137108

$diagnostic_list$`Shock: inflation_expectations_3y`[[10]]
                                R-sqrd. Adj. R-sqrd.    F-stat   p-value
h10:pandemic                  0.2309699  -0.14189322 0.6194495 0.8451885
h10:inflation_expectations_1y 0.3729437   0.06891645 1.2266785 0.2999701
h10:inflation_expectations_3y 0.2530160  -0.10915807 0.6986033 0.7748859
h10:inflation                 0.3542073   0.04109573 1.1312495 0.3687167
h10:economic_activity         0.3131543  -0.01986184 0.9403577 0.5360803

$diagnostic_list$`Shock: inflation_expectations_3y`[[11]]
                                R-sqrd. Adj. R-sqrd.    F-stat   p-value
h11:pandemic                  0.4209111  0.131366600 1.4537010 0.1791359
h11:inflation_expectations_1y 0.3274688 -0.008796726 0.9738399 0.5048045
h11:inflation_expectations_3y 0.2003155 -0.199526749 0.5009863 0.9279354
h11:inflation                 0.3609391  0.041408643 1.1295922 0.3712394
h11:economic_activity         0.3592639  0.038895917 1.1214101 0.3776111

$diagnostic_list$`Shock: inflation_expectations_3y`[[12]]
                                R-sqrd. Adj. R-sqrd.    F-stat   p-value
h12:pandemic                  0.3919659   0.07814183 1.2489989 0.2886894
h12:inflation_expectations_1y 0.3602274   0.03002224 1.0909199 0.4031607
h12:inflation_expectations_3y 0.3048835  -0.05388627 0.8498026 0.6254262
h12:inflation                 0.3942923   0.08166903 1.2612378 0.2810098
h12:economic_activity         0.3657958   0.03846457 1.1175096 0.3819264


$diagnostic_list$`Shock: inflation`
$diagnostic_list$`Shock: inflation`[[1]]
                               R-sqrd. Adj. R-sqrd.    F-stat      p-value
h1:pandemic                  0.3542662    0.1082723 1.4401425 1.700072e-01
h1:inflation_expectations_1y 0.3549539    0.1092221 1.4444767 1.681118e-01
h1:inflation_expectations_3y 0.1281615   -0.2039674 0.3858789 9.789492e-01
h1:inflation                 0.5665447    0.4014189 3.4309876 6.855648e-04
h1:economic_activity         0.6557523    0.5246103 5.0003227 1.384667e-05

$diagnostic_list$`Shock: inflation`[[2]]
                               R-sqrd. Adj. R-sqrd.    F-stat   p-value
h2:pandemic                  0.2862584  0.007725058 1.0277348 0.4497012
h2:inflation_expectations_1y 0.3163659  0.049581910 1.1858504 0.3187679
h2:inflation_expectations_3y 0.2408392 -0.055418738 0.8129375 0.6638832
h2:inflation                 0.3103384  0.041202198 1.1530905 0.3434243
h2:economic_activity         0.3146659  0.047218508 1.1765525 0.3256303

$diagnostic_list$`Shock: inflation`[[3]]
                               R-sqrd. Adj. R-sqrd.    F-stat   p-value
h3:pandemic                  0.3447250  0.082615008 1.3151921 0.2355532
h3:inflation_expectations_1y 0.3363071  0.070829885 1.2668022 0.2646913
h3:inflation_expectations_3y 0.1842307 -0.142076990 0.5645920 0.8913874
h3:inflation                 0.2815779 -0.005790964 0.9798483 0.4952180
h3:economic_activity         0.3193403  0.047076461 1.1729075 0.3293176

$diagnostic_list$`Shock: inflation`[[4]]
                               R-sqrd. Adj. R-sqrd.    F-stat   p-value
h4:pandemic                  0.2704630 -0.028834186 0.9036604 0.5707632
h4:inflation_expectations_1y 0.2668317 -0.033955308 0.8871118 0.5875381
h4:inflation_expectations_3y 0.2154478 -0.106419758 0.6693679 0.8050528
h4:inflation                 0.2332556 -0.081306233 0.7415254 0.7359891
h4:economic_activity         0.2890824 -0.002576142 0.9911673 0.4848606

$diagnostic_list$`Shock: inflation`[[5]]
                               R-sqrd. Adj. R-sqrd.    F-stat   p-value
h5:pandemic                  0.3327865   0.05185453 1.1845804 0.3228069
h5:inflation_expectations_1y 0.1866020  -0.15588134 0.5448499 0.9040485
h5:inflation_expectations_3y 0.2447271  -0.07328251 0.7695588 0.7075783
h5:inflation                 0.2511976  -0.06408756 0.7967315 0.6799914
h5:economic_activity         0.2032571  -0.13221357 0.6058864 0.8591319

$diagnostic_list$`Shock: inflation`[[6]]
                               R-sqrd. Adj. R-sqrd.    F-stat   p-value
h6:pandemic                  0.3222740   0.02920329 1.0996459 0.3898210
h6:inflation_expectations_1y 0.3774192   0.10819501 1.4018770 0.1941471
h6:inflation_expectations_3y 0.2261033  -0.10855473 0.6756249 0.7983651
h6:inflation                 0.2571836  -0.06403431 0.8006515 0.6757892
h6:economic_activity         0.1456442  -0.22380695 0.3942178 0.9756203

$diagnostic_list$`Shock: inflation`[[7]]
                               R-sqrd. Adj. R-sqrd.    F-stat   p-value
h7:pandemic                  0.2332721  -0.10749585 0.6845483 0.7896167
h7:inflation_expectations_1y 0.3262393   0.02679005 1.0894644 0.3991852
h7:inflation_expectations_3y 0.2885616  -0.02763323 0.9126069 0.5623514
h7:inflation                 0.3831186   0.10894916 1.3973788 0.1978000
h7:economic_activity         0.3651363   0.08297470 1.2940680 0.2531682

$diagnostic_list$`Shock: inflation`[[8]]
                               R-sqrd. Adj. R-sqrd.    F-stat   p-value
h8:pandemic                  0.2958262 -0.026081829 0.9189774 0.5562821
h8:inflation_expectations_1y 0.2286155 -0.124017346 0.6483103 0.8218274
h8:inflation_expectations_3y 0.2390320 -0.108839124 0.6871280 0.7867023
h8:inflation                 0.3118327 -0.002758058 0.9912329 0.4868709
h8:economic_activity         0.3187966  0.007389378 1.0237290 0.4570858

$diagnostic_list$`Shock: inflation`[[9]]
                               R-sqrd. Adj. R-sqrd.    F-stat   p-value
h9:pandemic                  0.2793685 -0.059752221 0.8238025 0.6517740
h9:inflation_expectations_1y 0.2852207 -0.051146001 0.8479457 0.6273979
h9:inflation_expectations_3y 0.2525830 -0.099142664 0.7181250 0.7568282
h9:inflation                 0.3255518  0.008164425 1.0257238 0.4560192
h9:economic_activity         0.2884731 -0.046363056 0.8615351 0.6137108

$diagnostic_list$`Shock: inflation`[[10]]
                                R-sqrd. Adj. R-sqrd.    F-stat   p-value
h10:pandemic                  0.2309699  -0.14189322 0.6194495 0.8451885
h10:inflation_expectations_1y 0.3729437   0.06891645 1.2266785 0.2999701
h10:inflation_expectations_3y 0.2530160  -0.10915807 0.6986033 0.7748859
h10:inflation                 0.3542073   0.04109573 1.1312495 0.3687167
h10:economic_activity         0.3131543  -0.01986184 0.9403577 0.5360803

$diagnostic_list$`Shock: inflation`[[11]]
                                R-sqrd. Adj. R-sqrd.    F-stat   p-value
h11:pandemic                  0.4209111  0.131366600 1.4537010 0.1791359
h11:inflation_expectations_1y 0.3274688 -0.008796726 0.9738399 0.5048045
h11:inflation_expectations_3y 0.2003155 -0.199526749 0.5009863 0.9279354
h11:inflation                 0.3609391  0.041408643 1.1295922 0.3712394
h11:economic_activity         0.3592639  0.038895917 1.1214101 0.3776111

$diagnostic_list$`Shock: inflation`[[12]]
                                R-sqrd. Adj. R-sqrd.    F-stat   p-value
h12:pandemic                  0.3919659   0.07814183 1.2489989 0.2886894
h12:inflation_expectations_1y 0.3602274   0.03002224 1.0909199 0.4031607
h12:inflation_expectations_3y 0.3048835  -0.05388627 0.8498026 0.6254262
h12:inflation                 0.3942923   0.08166903 1.2612378 0.2810098
h12:economic_activity         0.3657958   0.03846457 1.1175096 0.3819264


$diagnostic_list$`Shock: economic_activity`
$diagnostic_list$`Shock: economic_activity`[[1]]
                               R-sqrd. Adj. R-sqrd.    F-stat      p-value
h1:pandemic                  0.3542662    0.1082723 1.4401425 1.700072e-01
h1:inflation_expectations_1y 0.3549539    0.1092221 1.4444767 1.681118e-01
h1:inflation_expectations_3y 0.1281615   -0.2039674 0.3858789 9.789492e-01
h1:inflation                 0.5665447    0.4014189 3.4309876 6.855648e-04
h1:economic_activity         0.6557523    0.5246103 5.0003227 1.384667e-05

$diagnostic_list$`Shock: economic_activity`[[2]]
                               R-sqrd. Adj. R-sqrd.    F-stat   p-value
h2:pandemic                  0.2862584  0.007725058 1.0277348 0.4497012
h2:inflation_expectations_1y 0.3163659  0.049581910 1.1858504 0.3187679
h2:inflation_expectations_3y 0.2408392 -0.055418738 0.8129375 0.6638832
h2:inflation                 0.3103384  0.041202198 1.1530905 0.3434243
h2:economic_activity         0.3146659  0.047218508 1.1765525 0.3256303

$diagnostic_list$`Shock: economic_activity`[[3]]
                               R-sqrd. Adj. R-sqrd.    F-stat   p-value
h3:pandemic                  0.3447250  0.082615008 1.3151921 0.2355532
h3:inflation_expectations_1y 0.3363071  0.070829885 1.2668022 0.2646913
h3:inflation_expectations_3y 0.1842307 -0.142076990 0.5645920 0.8913874
h3:inflation                 0.2815779 -0.005790964 0.9798483 0.4952180
h3:economic_activity         0.3193403  0.047076461 1.1729075 0.3293176

$diagnostic_list$`Shock: economic_activity`[[4]]
                               R-sqrd. Adj. R-sqrd.    F-stat   p-value
h4:pandemic                  0.2704630 -0.028834186 0.9036604 0.5707632
h4:inflation_expectations_1y 0.2668317 -0.033955308 0.8871118 0.5875381
h4:inflation_expectations_3y 0.2154478 -0.106419758 0.6693679 0.8050528
h4:inflation                 0.2332556 -0.081306233 0.7415254 0.7359891
h4:economic_activity         0.2890824 -0.002576142 0.9911673 0.4848606

$diagnostic_list$`Shock: economic_activity`[[5]]
                               R-sqrd. Adj. R-sqrd.    F-stat   p-value
h5:pandemic                  0.3327865   0.05185453 1.1845804 0.3228069
h5:inflation_expectations_1y 0.1866020  -0.15588134 0.5448499 0.9040485
h5:inflation_expectations_3y 0.2447271  -0.07328251 0.7695588 0.7075783
h5:inflation                 0.2511976  -0.06408756 0.7967315 0.6799914
h5:economic_activity         0.2032571  -0.13221357 0.6058864 0.8591319

$diagnostic_list$`Shock: economic_activity`[[6]]
                               R-sqrd. Adj. R-sqrd.    F-stat   p-value
h6:pandemic                  0.3222740   0.02920329 1.0996459 0.3898210
h6:inflation_expectations_1y 0.3774192   0.10819501 1.4018770 0.1941471
h6:inflation_expectations_3y 0.2261033  -0.10855473 0.6756249 0.7983651
h6:inflation                 0.2571836  -0.06403431 0.8006515 0.6757892
h6:economic_activity         0.1456442  -0.22380695 0.3942178 0.9756203

$diagnostic_list$`Shock: economic_activity`[[7]]
                               R-sqrd. Adj. R-sqrd.    F-stat   p-value
h7:pandemic                  0.2332721  -0.10749585 0.6845483 0.7896167
h7:inflation_expectations_1y 0.3262393   0.02679005 1.0894644 0.3991852
h7:inflation_expectations_3y 0.2885616  -0.02763323 0.9126069 0.5623514
h7:inflation                 0.3831186   0.10894916 1.3973788 0.1978000
h7:economic_activity         0.3651363   0.08297470 1.2940680 0.2531682

$diagnostic_list$`Shock: economic_activity`[[8]]
                               R-sqrd. Adj. R-sqrd.    F-stat   p-value
h8:pandemic                  0.2958262 -0.026081829 0.9189774 0.5562821
h8:inflation_expectations_1y 0.2286155 -0.124017346 0.6483103 0.8218274
h8:inflation_expectations_3y 0.2390320 -0.108839124 0.6871280 0.7867023
h8:inflation                 0.3118327 -0.002758058 0.9912329 0.4868709
h8:economic_activity         0.3187966  0.007389378 1.0237290 0.4570858

$diagnostic_list$`Shock: economic_activity`[[9]]
                               R-sqrd. Adj. R-sqrd.    F-stat   p-value
h9:pandemic                  0.2793685 -0.059752221 0.8238025 0.6517740
h9:inflation_expectations_1y 0.2852207 -0.051146001 0.8479457 0.6273979
h9:inflation_expectations_3y 0.2525830 -0.099142664 0.7181250 0.7568282
h9:inflation                 0.3255518  0.008164425 1.0257238 0.4560192
h9:economic_activity         0.2884731 -0.046363056 0.8615351 0.6137108

$diagnostic_list$`Shock: economic_activity`[[10]]
                                R-sqrd. Adj. R-sqrd.    F-stat   p-value
h10:pandemic                  0.2309699  -0.14189322 0.6194495 0.8451885
h10:inflation_expectations_1y 0.3729437   0.06891645 1.2266785 0.2999701
h10:inflation_expectations_3y 0.2530160  -0.10915807 0.6986033 0.7748859
h10:inflation                 0.3542073   0.04109573 1.1312495 0.3687167
h10:economic_activity         0.3131543  -0.01986184 0.9403577 0.5360803

$diagnostic_list$`Shock: economic_activity`[[11]]
                                R-sqrd. Adj. R-sqrd.    F-stat   p-value
h11:pandemic                  0.4209111  0.131366600 1.4537010 0.1791359
h11:inflation_expectations_1y 0.3274688 -0.008796726 0.9738399 0.5048045
h11:inflation_expectations_3y 0.2003155 -0.199526749 0.5009863 0.9279354
h11:inflation                 0.3609391  0.041408643 1.1295922 0.3712394
h11:economic_activity         0.3592639  0.038895917 1.1214101 0.3776111

$diagnostic_list$`Shock: economic_activity`[[12]]
                                R-sqrd. Adj. R-sqrd.    F-stat   p-value
h12:pandemic                  0.3919659   0.07814183 1.2489989 0.2886894
h12:inflation_expectations_1y 0.3602274   0.03002224 1.0909199 0.4031607
h12:inflation_expectations_3y 0.3048835  -0.05388627 0.8498026 0.6254262
h12:inflation                 0.3942923   0.08166903 1.2612378 0.2810098
h12:economic_activity         0.3657958   0.03846457 1.1175096 0.3819264



$specs
$specs$lags_endog_lin
SC(n) 
    1 

$specs$lags_criterion
[1] NaN

$specs$max_lags
[1] NaN

$specs$trend
[1] 0

$specs$shock_type
[1] 0

$specs$confint
[1] 1.65

$specs$hor
[1] 12

$specs$use_nw
[1] TRUE

$specs$nw_prewhite
[1] FALSE

$specs$adjust_se
[1] FALSE

$specs$use_twosls
[1] FALSE

$specs$contemp_data
$specs$contemp_data$dummy
 [1] 0 0 0 0 0 0 0 0 0 0 0 0 0 0 0 0 0 0 0 0 0 0 0 0 0 1 1 1 1 0 1 0 1 0 0 0 0 0 0 0 0 0 0 0 0 0 0 0 0 0 0 0 0 0 0 0 0 0 0 0

$specs$contemp_data$Jan
 [1] 0 0 0 0 0 0 0 0 0 0 0 1 0 0 0 0 0 0 0 0 0 0 0 1 0 0 0 0 0 0 0 0 0 0 0 1 0 0 0 0 0 0 0 0 0 0 0 1 0 0 0 0 0 0 0 0 0 0 0 1

$specs$contemp_data$Feb
 [1] 1 0 0 0 0 0 0 0 0 0 0 0 1 0 0 0 0 0 0 0 0 0 0 0 1 0 0 0 0 0 0 0 0 0 0 0 1 0 0 0 0 0 0 0 0 0 0 0 1 0 0 0 0 0 0 0 0 0 0 0

$specs$contemp_data$Mar
 [1] 0 1 0 0 0 0 0 0 0 0 0 0 0 1 0 0 0 0 0 0 0 0 0 0 0 1 0 0 0 0 0 0 0 0 0 0 0 1 0 0 0 0 0 0 0 0 0 0 0 1 0 0 0 0 0 0 0 0 0 0

$specs$contemp_data$Apr
 [1] 0 0 1 0 0 0 0 0 0 0 0 0 0 0 1 0 0 0 0 0 0 0 0 0 0 0 1 0 0 0 0 0 0 0 0 0 0 0 1 0 0 0 0 0 0 0 0 0 0 0 1 0 0 0 0 0 0 0 0 0

$specs$contemp_data$May
 [1] 0 0 0 1 0 0 0 0 0 0 0 0 0 0 0 1 0 0 0 0 0 0 0 0 0 0 0 1 0 0 0 0 0 0 0 0 0 0 0 1 0 0 0 0 0 0 0 0 0 0 0 1 0 0 0 0 0 0 0 0

$specs$contemp_data$Jun
 [1] 0 0 0 0 1 0 0 0 0 0 0 0 0 0 0 0 1 0 0 0 0 0 0 0 0 0 0 0 1 0 0 0 0 0 0 0 0 0 0 0 1 0 0 0 0 0 0 0 0 0 0 0 1 0 0 0 0 0 0 0

$specs$contemp_data$Jul
 [1] 0 0 0 0 0 1 0 0 0 0 0 0 0 0 0 0 0 1 0 0 0 0 0 0 0 0 0 0 0 1 0 0 0 0 0 0 0 0 0 0 0 1 0 0 0 0 0 0 0 0 0 0 0 1 0 0 0 0 0 0

$specs$contemp_data$Aug
 [1] 0 0 0 0 0 0 1 0 0 0 0 0 0 0 0 0 0 0 1 0 0 0 0 0 0 0 0 0 0 0 1 0 0 0 0 0 0 0 0 0 0 0 1 0 0 0 0 0 0 0 0 0 0 0 1 0 0 0 0 0

$specs$contemp_data$Sep
 [1] 0 0 0 0 0 0 0 1 0 0 0 0 0 0 0 0 0 0 0 1 0 0 0 0 0 0 0 0 0 0 0 1 0 0 0 0 0 0 0 0 0 0 0 1 0 0 0 0 0 0 0 0 0 0 0 1 0 0 0 0

$specs$contemp_data$Oct
 [1] 0 0 0 0 0 0 0 0 1 0 0 0 0 0 0 0 0 0 0 0 1 0 0 0 0 0 0 0 0 0 0 0 1 0 0 0 0 0 0 0 0 0 0 0 1 0 0 0 0 0 0 0 0 0 0 0 1 0 0 0


$specs$model_type
[1] 0

$specs$starts
[1] 1

$specs$ends
[1] 60

$specs$column_names
[1] "pandemic"                  "inflation_expectations_1y" "inflation_expectations_3y" "inflation"                
[5] "economic_activity"        

$specs$endog
[1] 5

$specs$y_lin
        pandemic inflation_expectations_1y inflation_expectations_3y    inflation economic_activity
2   4.679201e-04              -0.079620123               0.023733377  0.002310570        0.03672057
3   1.514466e-03               0.228555441               0.061933756  0.031662657        0.02660601
4   9.650513e-05               0.000000000              -0.007986784  0.027403122        0.04356130
5   2.418245e-04               0.000000000               0.038039923  0.010862582        0.01757053
6  -1.000349e-03               0.001872778              -0.116087914  0.009406502        0.03236078
7  -2.723589e-03               0.017283440               0.116087914  0.021640425        0.02930438
8   1.143255e-03              -0.004920721               0.000000000  0.025003951        0.02923299
9  -9.760518e-04               0.004920721               0.000000000  0.028405410        0.02229492
10 -7.445394e-04              -0.030053139              -0.116087914 -0.008420605        0.02323041
11  1.983210e-04               0.030053139               0.096931696  0.008246918        0.01734758
12 -2.232872e-03              -0.030053139              -0.010896921 -0.002323999        0.03391158
13  2.536535e-03              -0.176372051              -0.201508284  0.029025084        0.02600387
14  1.155336e-03               0.022861719               0.095972538  0.042416785        0.02691934
15 -1.249702e-03              -0.218312263              -0.170893431  0.048586660        0.03757401
16 -5.644992e-04              -0.145042181              -0.100185633  0.003720327        0.02002637
17 -6.844468e-04               0.217070103               0.069105387 -0.006141925        0.02480201
18 -2.284370e-03              -0.079553127              -0.083071947  0.024993882        0.02186920
19 -2.047503e-03              -0.176150560              -0.077933550  0.017681720        0.02278745
20  4.381532e-03               0.069185972              -0.126637936  0.021370449        0.03620964
21  1.219267e-04              -0.153448343               0.004080772  0.034784574        0.01981848
22 -3.782638e-03               0.017366648               0.142476082  0.026361361        0.02549842
23  6.102127e-03               0.180090904               0.016174078  0.038444527        0.02259084
24 -3.091010e-02              -0.031989813               0.000000000  0.019694440        0.03781474
25 -5.313869e-02               0.041871071               0.051145554  0.009814561        0.03578346
26 -1.212444e-01               0.000000000              -0.189331532 -0.050912346       -0.07956922
27 -1.555164e-02               0.085786104               0.223972082 -0.090824177       -0.77070172
28  3.804630e-02               0.376688957              -0.012976170 -0.010450429        0.21339722
29  6.485999e-02              -0.318598032              -0.136598825  0.053592068        0.21330076
30  2.471129e-02               0.206044197               0.257966757  0.061866907        0.02971606
31  4.704278e-02               0.112553835               0.249140978  0.053808986        0.15791953
32 -4.307987e-02              -0.019156218              -0.238733053  0.028930510        0.07717705
33  3.804161e-02              -0.144741774              -0.040002584  0.011918979        0.10115859
34  2.002103e-02               0.126406431               0.117631912  0.024543630        0.04507153
35 -3.088674e-03               0.037491560               0.161103725  0.057557700        0.01677041
36  2.637885e-02               0.046669483               0.047342062  0.028496735        0.06736316
37  2.021326e-02               0.044214964              -0.028185844  0.045997380        0.05066022
38  1.460251e-02               0.153371334               0.092952490  0.059503194        0.06160136
39  3.567900e-02               0.115923882               0.005092859  0.082225516        0.03720211
40 -1.799163e-02               0.639820337               0.471664906  0.082531234        0.06412900
41 -3.848111e-03               0.801745415              -0.022792339  0.098347464        0.05475905
42 -3.962598e-03               0.040705204               0.164751053  0.054649100        0.08879717
43 -4.535820e-03               0.337376595               0.287992716  0.049840953        0.06602323
44  1.205830e-02               0.130341530               0.194323301  0.052018077        0.07861505
45 -3.616270e-03               0.343297958               0.017191887  0.114305741        0.06819482
46 -9.132313e-03               0.346533298              -0.199976921  0.098833469        0.06879133
47  1.454272e-02              -0.009726048              -0.011199951  0.097421769        0.06937609
48  7.463668e-04              -0.201833725              -0.522751808  0.075404740        0.03542764
49 -2.028309e-02               0.211559772               0.297553301  0.088488916        0.07849205
50 -9.977912e-03               0.583898067              -0.099878550  0.126900569        0.05112829
51 -1.891190e-03              -0.238460541               0.227452993  0.048497289        0.04431433
52 -1.089370e-02               0.230577469              -0.023298502  0.115684054        0.03389257
53 -3.662632e-03               0.199839592              -0.260592937  0.151285219        0.03843642
54  2.073557e-03              -0.552228928              -0.436033010 -0.004064650        0.05041760
55 -2.451226e-03              -0.477911472              -0.427183867  0.028517738        0.02896168
56  4.427918e-04              -0.304920197               0.154703379  0.050566174        0.04915587
57  1.171994e-03               0.503497124               0.200692415  0.060045147        0.03059615
58 -3.055653e-03              -0.715742588              -0.113289595  0.024858721        0.04330825
59 -5.185426e-03              -0.235079288              -0.004589558  0.015857387        0.03585464
60  4.333980e-03              -0.038488865              -0.280791283  0.063675095        0.04576300

$specs$x_lin
   pandemic_lag_1 inflation_expectations_1y_lag_1 inflation_expectations_3y_lag_1 inflation_lag_1 economic_activity_lag_1
2   -2.323615e-03                     0.119915485                     0.090704918     0.032745451              0.02976223
3    4.679201e-04                    -0.079620123                     0.023733377     0.002310570              0.03672057
4    1.514466e-03                     0.228555441                     0.061933756     0.031662657              0.02660601
5    9.650513e-05                     0.000000000                    -0.007986784     0.027403122              0.04356130
6    2.418245e-04                     0.000000000                     0.038039923     0.010862582              0.01757053
7   -1.000349e-03                     0.001872778                    -0.116087914     0.009406502              0.03236078
8   -2.723589e-03                     0.017283440                     0.116087914     0.021640425              0.02930438
9    1.143255e-03                    -0.004920721                     0.000000000     0.025003951              0.02923299
10  -9.760518e-04                     0.004920721                     0.000000000     0.028405410              0.02229492
11  -7.445394e-04                    -0.030053139                    -0.116087914    -0.008420605              0.02323041
12   1.983210e-04                     0.030053139                     0.096931696     0.008246918              0.01734758
13  -2.232872e-03                    -0.030053139                    -0.010896921    -0.002323999              0.03391158
14   2.536535e-03                    -0.176372051                    -0.201508284     0.029025084              0.02600387
15   1.155336e-03                     0.022861719                     0.095972538     0.042416785              0.02691934
16  -1.249702e-03                    -0.218312263                    -0.170893431     0.048586660              0.03757401
17  -5.644992e-04                    -0.145042181                    -0.100185633     0.003720327              0.02002637
18  -6.844468e-04                     0.217070103                     0.069105387    -0.006141925              0.02480201
19  -2.284370e-03                    -0.079553127                    -0.083071947     0.024993882              0.02186920
20  -2.047503e-03                    -0.176150560                    -0.077933550     0.017681720              0.02278745
21   4.381532e-03                     0.069185972                    -0.126637936     0.021370449              0.03620964
22   1.219267e-04                    -0.153448343                     0.004080772     0.034784574              0.01981848
23  -3.782638e-03                     0.017366648                     0.142476082     0.026361361              0.02549842
24   6.102127e-03                     0.180090904                     0.016174078     0.038444527              0.02259084
25  -3.091010e-02                    -0.031989813                     0.000000000     0.019694440              0.03781474
26  -5.313869e-02                     0.041871071                     0.051145554     0.009814561              0.03578346
27  -1.212444e-01                     0.000000000                    -0.189331532    -0.050912346             -0.07956922
28  -1.555164e-02                     0.085786104                     0.223972082    -0.090824177             -0.77070172
29   3.804630e-02                     0.376688957                    -0.012976170    -0.010450429              0.21339722
30   6.485999e-02                    -0.318598032                    -0.136598825     0.053592068              0.21330076
31   2.471129e-02                     0.206044197                     0.257966757     0.061866907              0.02971606
32   4.704278e-02                     0.112553835                     0.249140978     0.053808986              0.15791953
33  -4.307987e-02                    -0.019156218                    -0.238733053     0.028930510              0.07717705
34   3.804161e-02                    -0.144741774                    -0.040002584     0.011918979              0.10115859
35   2.002103e-02                     0.126406431                     0.117631912     0.024543630              0.04507153
36  -3.088674e-03                     0.037491560                     0.161103725     0.057557700              0.01677041
37   2.637885e-02                     0.046669483                     0.047342062     0.028496735              0.06736316
38   2.021326e-02                     0.044214964                    -0.028185844     0.045997380              0.05066022
39   1.460251e-02                     0.153371334                     0.092952490     0.059503194              0.06160136
40   3.567900e-02                     0.115923882                     0.005092859     0.082225516              0.03720211
41  -1.799163e-02                     0.639820337                     0.471664906     0.082531234              0.06412900
42  -3.848111e-03                     0.801745415                    -0.022792339     0.098347464              0.05475905
43  -3.962598e-03                     0.040705204                     0.164751053     0.054649100              0.08879717
44  -4.535820e-03                     0.337376595                     0.287992716     0.049840953              0.06602323
45   1.205830e-02                     0.130341530                     0.194323301     0.052018077              0.07861505
46  -3.616270e-03                     0.343297958                     0.017191887     0.114305741              0.06819482
47  -9.132313e-03                     0.346533298                    -0.199976921     0.098833469              0.06879133
48   1.454272e-02                    -0.009726048                    -0.011199951     0.097421769              0.06937609
49   7.463668e-04                    -0.201833725                    -0.522751808     0.075404740              0.03542764
50  -2.028309e-02                     0.211559772                     0.297553301     0.088488916              0.07849205
51  -9.977912e-03                     0.583898067                    -0.099878550     0.126900569              0.05112829
52  -1.891190e-03                    -0.238460541                     0.227452993     0.048497289              0.04431433
53  -1.089370e-02                     0.230577469                    -0.023298502     0.115684054              0.03389257
54  -3.662632e-03                     0.199839592                    -0.260592937     0.151285219              0.03843642
55   2.073557e-03                    -0.552228928                    -0.436033010    -0.004064650              0.05041760
56  -2.451226e-03                    -0.477911472                    -0.427183867     0.028517738              0.02896168
57   4.427918e-04                    -0.304920197                     0.154703379     0.050566174              0.04915587
58   1.171994e-03                     0.503497124                     0.200692415     0.060045147              0.03059615
59  -3.055653e-03                    -0.715742588                    -0.113289595     0.024858721              0.04330825
60  -5.185426e-03                    -0.235079288                    -0.004589558     0.015857387              0.03585464
   dummy Jan Feb Mar Apr May Jun Jul Aug Sep Oct
2      0   0   0   1   0   0   0   0   0   0   0
3      0   0   0   0   1   0   0   0   0   0   0
4      0   0   0   0   0   1   0   0   0   0   0
5      0   0   0   0   0   0   1   0   0   0   0
6      0   0   0   0   0   0   0   1   0   0   0
7      0   0   0   0   0   0   0   0   1   0   0
8      0   0   0   0   0   0   0   0   0   1   0
9      0   0   0   0   0   0   0   0   0   0   1
10     0   0   0   0   0   0   0   0   0   0   0
11     0   0   0   0   0   0   0   0   0   0   0
12     0   1   0   0   0   0   0   0   0   0   0
13     0   0   1   0   0   0   0   0   0   0   0
14     0   0   0   1   0   0   0   0   0   0   0
15     0   0   0   0   1   0   0   0   0   0   0
16     0   0   0   0   0   1   0   0   0   0   0
17     0   0   0   0   0   0   1   0   0   0   0
18     0   0   0   0   0   0   0   1   0   0   0
19     0   0   0   0   0   0   0   0   1   0   0
20     0   0   0   0   0   0   0   0   0   1   0
21     0   0   0   0   0   0   0   0   0   0   1
22     0   0   0   0   0   0   0   0   0   0   0
23     0   0   0   0   0   0   0   0   0   0   0
24     0   1   0   0   0   0   0   0   0   0   0
25     0   0   1   0   0   0   0   0   0   0   0
26     1   0   0   1   0   0   0   0   0   0   0
27     1   0   0   0   1   0   0   0   0   0   0
28     1   0   0   0   0   1   0   0   0   0   0
29     1   0   0   0   0   0   1   0   0   0   0
30     0   0   0   0   0   0   0   1   0   0   0
31     1   0   0   0   0   0   0   0   1   0   0
32     0   0   0   0   0   0   0   0   0   1   0
33     1   0   0   0   0   0   0   0   0   0   1
34     0   0   0   0   0   0   0   0   0   0   0
35     0   0   0   0   0   0   0   0   0   0   0
36     0   1   0   0   0   0   0   0   0   0   0
37     0   0   1   0   0   0   0   0   0   0   0
38     0   0   0   1   0   0   0   0   0   0   0
39     0   0   0   0   1   0   0   0   0   0   0
40     0   0   0   0   0   1   0   0   0   0   0
41     0   0   0   0   0   0   1   0   0   0   0
42     0   0   0   0   0   0   0   1   0   0   0
43     0   0   0   0   0   0   0   0   1   0   0
44     0   0   0   0   0   0   0   0   0   1   0
45     0   0   0   0   0   0   0   0   0   0   1
46     0   0   0   0   0   0   0   0   0   0   0
47     0   0   0   0   0   0   0   0   0   0   0
48     0   1   0   0   0   0   0   0   0   0   0
49     0   0   1   0   0   0   0   0   0   0   0
50     0   0   0   1   0   0   0   0   0   0   0
51     0   0   0   0   1   0   0   0   0   0   0
52     0   0   0   0   0   1   0   0   0   0   0
53     0   0   0   0   0   0   1   0   0   0   0
54     0   0   0   0   0   0   0   1   0   0   0
55     0   0   0   0   0   0   0   0   1   0   0
56     0   0   0   0   0   0   0   0   0   1   0
57     0   0   0   0   0   0   0   0   0   0   1
58     0   0   0   0   0   0   0   0   0   0   0
59     0   0   0   0   0   0   0   0   0   0   0
60     0   1   0   0   0   0   0   0   0   0   0


attr(,"class")
[1] "lpirfs_lin_obj"
