[1] "demand_shift"         "djn level estimation"
                   1             2             3             4             5             6
AIC(n) -2.592139e+01 -2.638341e+01 -2.603055e+01 -2.650999e+01 -2.724683e+01 -2.791437e+01
HQ(n)  -2.472173e+01 -2.483091e+01 -2.412520e+01 -2.425180e+01 -2.463580e+01 -2.495050e+01
SC(n)  -2.281915e+01 -2.236875e+01 -2.110346e+01 -2.067047e+01 -2.049489e+01 -2.025001e+01
FPE(n)  6.135658e-12  4.410976e-12  7.877063e-12  7.063377e-12  6.134951e-12  8.407227e-12
                   1             2             3             4             5             6
AIC(n) -2.592139e+01 -2.638341e+01 -2.603055e+01 -2.650999e+01 -2.724683e+01 -2.791437e+01
HQ(n)  -2.472173e+01 -2.483091e+01 -2.412520e+01 -2.425180e+01 -2.463580e+01 -2.495050e+01
SC(n)  -2.281915e+01 -2.236875e+01 -2.110346e+01 -2.067047e+01 -2.049489e+01 -2.025001e+01
FPE(n)  6.135658e-12  4.410976e-12  7.877063e-12  7.063377e-12  6.134951e-12  8.407227e-12
$irf_lin_mean
, , 1

            [,1]         [,2]          [,3]        [,4]        [,5]        [,6]        [,7]        [,8]        [,9]
[1,] 0.011913376  0.010648327  0.0075078045 0.005097588 0.004804552 0.006450930 0.008139693 0.009335640 0.009045599
[2,] 0.072036683  0.100342594  0.1599231976 0.193879630 0.212364156 0.233016492 0.263971055 0.290722684 0.281229592
[3,] 0.075819960  0.090596837  0.1102441043 0.117085103 0.125924758 0.141485472 0.153819594 0.144428163 0.124236209
[4,] 0.009223861  0.002200039  0.0003113809 0.001454894 0.003515051 0.005740930 0.008197987 0.009878232 0.007446497
[5,] 0.022146754 -0.003355774 -0.0165146985 0.001972856 0.000487095 0.006619211 0.011581436 0.008932067 0.012480318
           [,10]       [,11]        [,12]        [,13]
[1,] 0.007746910 0.005501840 0.0037341584  0.002144290
[2,] 0.263797156 0.267079891 0.2662883093  0.242913561
[3,] 0.087901430 0.089838652 0.0841352046  0.087102134
[4,] 0.006986279 0.004725391 0.0030816568  0.001353395
[5,] 0.009378411 0.002983442 0.0002508857 -0.005182126

, , 2

            [,1]        [,2]        [,3]          [,4]        [,5]         [,6]          [,7]        [,8]         [,9]
[1,]  0.00000000 0.001900841 0.001935139  0.0020257434 0.003405310  0.001422687  0.0015310832 0.002636650  0.003070218
[2,]  0.21524454 0.224409255 0.186050010  0.1802694178 0.220962996  0.227841035  0.1963311366 0.247252896  0.260591649
[3,]  0.07160795 0.065920127 0.025586430  0.0248405570 0.050706525  0.032501553  0.0324081431 0.046097590  0.048250490
[4,]  0.01171350 0.006430053 0.003315904  0.0055231605 0.004131907  0.003194455 -0.0006369562 0.005813109  0.006412359
[5,] -0.02118352 0.018871371 0.013412850 -0.0006885356 0.002911664 -0.007044476 -0.0035145108 0.006214238 -0.004349444
            [,10]       [,11]       [,12]       [,13]
[1,] 0.0056122591 0.006956429 0.008192061 0.005415273
[2,] 0.3051158888 0.315817456 0.365901553 0.393593585
[3,] 0.0708474429 0.061438712 0.087452346 0.080379537
[4,] 0.0029695560 0.008398373 0.006896108 0.005233238
[5,] 0.0003377808 0.016293120 0.005645950 0.001166613

, , 3

             [,1]        [,2]        [,3]        [,4]        [,5]        [,6]       [,7]       [,8]         [,9]
[1,]  0.000000000 0.000928099 0.004633179 0.007717183 0.007784387 0.008408942 0.00970362 0.01251403  0.009863196
[2,]  0.000000000 0.048650273 0.040605492 0.069996706 0.074435979 0.123509058 0.24142582 0.30240579  0.311854343
[3,]  0.164686483 0.142662466 0.124506029 0.107108710 0.088229434 0.097491374 0.13768498 0.19607744  0.175088769
[4,] -0.004769507 0.007316190 0.009504017 0.010150320 0.010372904 0.007838103 0.01190902 0.01313100  0.012937304
[5,] -0.011446104 0.010120966 0.021984760 0.012104692 0.016286230 0.004870876 0.01732101 0.02774939 -0.001371807
            [,10]        [,11]       [,12]         [,13]
[1,]  0.009057047  0.007999552 0.004824929  0.0046393985
[2,]  0.313416183  0.322259769 0.187653856  0.1470660281
[3,]  0.166458597  0.101072767 0.023459319  0.0154489081
[4,]  0.010357554  0.006945102 0.002547672 -0.0006209167
[5,] -0.006601968 -0.008497468 0.007906617 -0.0067814246

, , 4

           [,1]         [,2]         [,3]          [,4]         [,5]         [,6]         [,7]        [,8]        [,9]
[1,] 0.00000000  0.005844842  0.004265665  0.0009354389  0.000589160  0.001498636  0.004862814 0.009480144 0.012252424
[2,] 0.00000000 -0.008723743  0.030668751  0.0270460462  0.083502888  0.112839372  0.132840501 0.255782431 0.299004117
[3,] 0.00000000  0.021212611  0.013059461  0.0082530792  0.036409436  0.059525618  0.100558876 0.135881274 0.143853521
[4,] 0.02632089  0.009007875 -0.001017167 -0.0006845651 -0.001539556  0.001922134  0.003568995 0.013790356 0.011181173
[5,] 0.05468544  0.016976099 -0.011980452  0.0021420227 -0.006386122 -0.010636148 -0.004817669 0.013376958 0.006303695
           [,10]      [,11]      [,12]        [,13]
[1,] 0.016395990 0.01612835 0.01594439  0.011094060
[2,] 0.369494121 0.44177130 0.56277264  0.633445747
[3,] 0.156988557 0.18259659 0.23558003  0.272919073
[4,] 0.010027685 0.01754837 0.01408235  0.004883654
[5,] 0.009531155 0.03345947 0.01332999 -0.023003680

, , 5

           [,1]         [,2]         [,3]         [,4]         [,5]          [,6]        [,7]          [,8]         [,9]
[1,] 0.00000000  0.001674935  0.002698700  0.001395544 -0.002640191  0.0018443568 0.002962765  2.944495e-03  0.003545456
[2,] 0.00000000 -0.038446295  0.048393866  0.035425653 -0.030569452 -0.0418189924 0.032185462 -2.909575e-02 -0.025681113
[3,] 0.00000000  0.001097314  0.057585829  0.028538394 -0.035459544  0.0055352348 0.025373722  1.300766e-02  0.014928285
[4,] 0.00000000  0.003666929  0.002971606 -0.002342212 -0.001745019  0.0006687278 0.009697551  4.923509e-04 -0.003036989
[5,] 0.09391887 -0.018557268 -0.024058840  0.014581289 -0.001417474  0.0098898187 0.006249814  8.054667e-05  0.009758205
            [,10]        [,11]        [,12]         [,13]
[1,]  0.001836551 -0.001137360 -0.003266689 -0.0009033327
[2,] -0.057481399 -0.048419753 -0.071385362 -0.0819691154
[3,] -0.012747370  0.006743832 -0.021433751  0.0093225364
[4,]  0.004112246 -0.001880095 -0.001060499 -0.0065674528
[5,]  0.001304910 -0.011614630  0.002218685 -0.0234155509


$irf_lin_low
, , 1

            [,1]         [,2]          [,3]         [,4]         [,5]         [,6]         [,7]          [,8]         [,9]
[1,] 0.011913376  0.005866289 -0.0003851673 -0.004297492 -0.004924430 -0.003027326 -0.001977401 -0.0030571096 -0.003848723
[2,] 0.072036683  0.023607458  0.0207894136 -0.006718065 -0.009697959 -0.027093361 -0.063484161 -0.1065493657 -0.164178595
[3,] 0.075819960  0.026196868  0.0113527982 -0.016618940 -0.014397063 -0.003223920 -0.002343573 -0.0520585541 -0.083298548
[4,] 0.009223861 -0.008233070 -0.0134602190 -0.012026546 -0.007390509 -0.005902777 -0.004635257 -0.0008688701 -0.003509303
[5,] 0.022146754 -0.041391405 -0.0516223253 -0.022620867 -0.024150790 -0.015289597 -0.014307480 -0.0302172735 -0.014996331
            [,10]       [,11]       [,12]        [,13]
[1,] -0.004565908 -0.00685028 -0.00718489 -0.008665639
[2,] -0.195507559 -0.22311115 -0.23656821 -0.259623547
[3,] -0.133225909 -0.10930223 -0.10166305 -0.082990257
[4,] -0.007608133 -0.00821493 -0.01108905 -0.018999127
[5,] -0.024022652 -0.03298543 -0.03139318 -0.042565373

, , 2

            [,1]         [,2]          [,3]         [,4]         [,5]         [,6]         [,7]         [,8]          [,9]
[1,]  0.00000000 -0.000736191 -0.0018506872 -0.002425025 -0.001536359 -0.004135599 -0.004200486 -0.005036772 -0.0041061886
[2,]  0.21524454  0.183610130  0.1151093612  0.086643437  0.109114952  0.079691212 -0.010698984 -0.061411381 -0.0926627237
[3,]  0.07160795  0.027449394 -0.0221044554 -0.037808305 -0.019404074 -0.052479856 -0.063644028 -0.089423906 -0.0988946776
[4,]  0.01171350  0.001260412 -0.0018078502 -0.000593707 -0.001976238 -0.003271710 -0.008876312 -0.002091687 -0.0001299408
[5,] -0.02118352  0.002968225  0.0006103797 -0.013607672 -0.012030681 -0.018017671 -0.019736744 -0.028062126 -0.0200534900
            [,10]         [,11]         [,12]        [,13]
[1,] -0.001156872 -0.0001027302  0.0009941711 -0.001768209
[2,] -0.057091209 -0.0616668621 -0.0274746428 -0.002394151
[3,] -0.088236322 -0.0816143528 -0.0481235011 -0.044317293
[4,] -0.008618664 -0.0012105338 -0.0027663527 -0.008940858
[5,] -0.017932344 -0.0092970196 -0.0183892719 -0.009667192

, , 3

             [,1]         [,2]         [,3]         [,4]        [,5]        [,6]        [,7]          [,8]         [,9]
[1,]  0.000000000 -0.001030898  0.002367484  0.004888004 0.004100047 0.004881655 0.006286453  0.0079728180  0.005586547
[2,]  0.000000000  0.025955377 -0.006136362  0.023734270 0.016876363 0.063467272 0.161179291  0.1407471196  0.119597849
[3,]  0.164686483  0.118543744  0.095534486  0.074098493 0.058005039 0.067955145 0.101933036  0.1142209918  0.078563020
[4,] -0.004769507  0.005395145  0.007103759  0.006132764 0.006378465 0.004438295 0.008646182  0.0093535857  0.008673048
[5,] -0.011446104  0.008125641  0.012984631 -0.000617953 0.002635901 0.002934452 0.006578601 -0.0004032421 -0.011906321
            [,10]        [,11]        [,12]        [,13]
[1,]  0.004014226  0.004237211  0.001745550  0.002986581
[2,]  0.117979183  0.137115615 -0.009116908 -0.048506095
[3,]  0.060715251  0.034662710 -0.040206012 -0.032509576
[4,]  0.005624214  0.001017333 -0.000849117 -0.003123943
[5,] -0.014519190 -0.006510082 -0.001967382 -0.010311301

, , 4

           [,1]         [,2]         [,3]         [,4]         [,5]         [,6]         [,7]          [,8]         [,9]
[1,] 0.00000000  0.002151547 -0.002166118 -0.005863111 -0.005246993 -0.004850370 -0.002371308 -0.0001597557  0.002626155
[2,] 0.00000000 -0.070781056 -0.069708352 -0.132802287 -0.072037946 -0.083576717 -0.140056758 -0.0319420311 -0.018446050
[3,] 0.00000000 -0.032940869 -0.063464717 -0.095359794 -0.067875738 -0.051023980 -0.014806648  0.0150470979  0.016960065
[4,] 0.02632089 -0.001718020 -0.013386554 -0.011374671 -0.008521558 -0.007161801 -0.008519922  0.0037049904  0.004103530
[5,] 0.05468544 -0.029898094 -0.037794797 -0.014348060 -0.024158048 -0.031580190 -0.029724315 -0.0109436566 -0.014072356
            [,10]        [,11]        [,12]        [,13]
[1,]  0.009212484  0.007693502  0.009038753  0.002998711
[2,]  0.031099786  0.051618136  0.192983091  0.300123957
[3,]  0.014325285  0.013163508  0.097690445  0.143435907
[4,] -0.006550499  0.008990153  0.003760255 -0.015073212
[5,] -0.021826121 -0.015420324 -0.018920928 -0.061728187

, , 5

           [,1]          [,2]          [,3]         [,4]         [,5]          [,6]         [,7]         [,8]          [,9]
[1,] 0.00000000 -0.0002153155 -0.0009842434 -0.002200681 -0.005451456 -0.0006565487 -0.000270966 -0.001115858 -0.0012781632
[2,] 0.00000000 -0.0731522829  0.0010026779 -0.038835290 -0.096062836 -0.1074036906 -0.064175672 -0.105667748 -0.1092189386
[3,] 0.00000000 -0.0246894445  0.0139552011 -0.027220749 -0.084624558 -0.0306759508 -0.013478628 -0.027694159 -0.0312290355
[4,] 0.00000000 -0.0020842569 -0.0050994151 -0.008195501 -0.004154213 -0.0033727218  0.004821347 -0.004129337 -0.0081259727
[5,] 0.09391887 -0.0470639082 -0.0398599787  0.006027684 -0.008905379  0.0019563074 -0.008261646 -0.009124891 -0.0003590752
            [,10]        [,11]        [,12]       [,13]
[1,] -0.002634565 -0.005712732 -0.006339667 -0.00419161
[2,] -0.163715390 -0.182919227 -0.213692364 -0.20229795
[3,] -0.067377357 -0.055947412 -0.076982488 -0.04449666
[4,] -0.003302393 -0.005170885 -0.005087698 -0.01513398
[5,] -0.012129664 -0.027112226 -0.011960815 -0.06058469


$irf_lin_up
, , 1

            [,1]       [,2]       [,3]       [,4]       [,5]       [,6]       [,7]       [,8]       [,9]      [,10]
[1,] 0.011913376 0.01543036 0.01540078 0.01449267 0.01453353 0.01592919 0.01825679 0.02172839 0.02193992 0.02005973
[2,] 0.072036683 0.17707773 0.29905698 0.39447732 0.43442627 0.49312635 0.59142627 0.68799473 0.72663778 0.72310187
[3,] 0.075819960 0.15499681 0.20913541 0.25078915 0.26624658 0.28619486 0.30998276 0.34091488 0.33177097 0.30902877
[4,] 0.009223861 0.01263315 0.01408298 0.01493633 0.01442061 0.01738464 0.02103123 0.02062533 0.01840230 0.02158069
[5,] 0.022146754 0.03467986 0.01859293 0.02656658 0.02512498 0.02852802 0.03747035 0.04808141 0.03995697 0.04277947
          [,11]      [,12]      [,13]
[1,] 0.01785396 0.01465321 0.01295422
[2,] 0.75727093 0.76914482 0.74545067
[3,] 0.28897953 0.26993346 0.25719453
[4,] 0.01766571 0.01725237 0.02170592
[5,] 0.03895232 0.03189495 0.03220112

, , 2

            [,1]        [,2]        [,3]        [,4]       [,5]        [,6]        [,7]       [,8]       [,9]      [,10]
[1,]  0.00000000 0.004537873 0.005720965 0.006476512 0.00834698 0.006980972 0.007262652 0.01031007 0.01024663 0.01238139
[2,]  0.21524454 0.265208379 0.256990660 0.273895399 0.33281104 0.375990857 0.403361257 0.55591717 0.61384602 0.66732299
[3,]  0.07160795 0.104390861 0.073277316 0.087489419 0.12081712 0.117482962 0.128460314 0.18161909 0.19539566 0.22993121
[4,]  0.01171350 0.011599693 0.008439658 0.011640028 0.01024005 0.009660620 0.007602400 0.01371790 0.01295466 0.01455778
[5,] -0.02118352 0.034774516 0.026215321 0.012230601 0.01785401 0.003928718 0.012707723 0.04049060 0.01135460 0.01860791
          [,11]      [,12]      [,13]
[1,] 0.01401559 0.01538995 0.01259876
[2,] 0.69330178 0.75927775 0.78958132
[3,] 0.20449178 0.22302819 0.20507637
[4,] 0.01800728 0.01655857 0.01940733
[5,] 0.04188326 0.02968117 0.01200042

, , 3

             [,1]        [,2]        [,3]       [,4]       [,5]        [,6]       [,7]       [,8]        [,9]       [,10]
[1,]  0.000000000 0.002887096 0.006898875 0.01054636 0.01146873 0.011936230 0.01312079 0.01705524 0.014139846 0.014099867
[2,]  0.000000000 0.071345168 0.087347346 0.11625914 0.13199559 0.183550845 0.32167234 0.46406447 0.504110837 0.508853183
[3,]  0.164686483 0.166781187 0.153477572 0.14011893 0.11845383 0.127027604 0.17343692 0.27793389 0.271614517 0.272201942
[4,] -0.004769507 0.009237235 0.011904276 0.01416788 0.01436734 0.011237912 0.01517186 0.01690842 0.017201560 0.015090893
[5,] -0.011446104 0.012116290 0.030984890 0.02482734 0.02993656 0.006807299 0.02806342 0.05590203 0.009162708 0.001315253
           [,11]       [,12]        [,13]
[1,]  0.01176189 0.007904307  0.006292216
[2,]  0.50740392 0.384424620  0.342638152
[3,]  0.16748282 0.087124651  0.063407392
[4,]  0.01287287 0.005944461  0.001882109
[5,] -0.01048485 0.017780617 -0.003251548

, , 4

           [,1]        [,2]       [,3]        [,4]        [,5]        [,6]       [,7]       [,8]       [,9]      [,10]
[1,] 0.00000000 0.009538137 0.01069745 0.007733989 0.006425313 0.007847642 0.01209694 0.01912004 0.02187869 0.02357950
[2,] 0.00000000 0.053333570 0.13104585 0.186894379 0.239043723 0.309255461 0.40573776 0.54350689 0.61645428 0.70788846
[3,] 0.00000000 0.075366091 0.08958364 0.111865952 0.140694610 0.170075215 0.21592440 0.25671545 0.27074698 0.29965183
[4,] 0.02632089 0.019733770 0.01135222 0.010005541 0.005442446 0.011006069 0.01565791 0.02387572 0.01825882 0.02660587
[5,] 0.05468544 0.063850291 0.01383389 0.018632105 0.011385803 0.010307894 0.02008898 0.03769757 0.02667975 0.04088843
          [,11]      [,12]      [,13]
[1,] 0.02456320 0.02285003 0.01918941
[2,] 0.83192446 0.93256218 0.96676754
[3,] 0.35202967 0.37346961 0.40240224
[4,] 0.02610658 0.02440445 0.02484052
[5,] 0.08233927 0.04558092 0.01572083

, , 5

           [,1]         [,2]         [,3]        [,4]         [,5]        [,6]        [,7]        [,8]        [,9]
[1,] 0.00000000  0.003565185  0.006381643 0.004991768 0.0001710749 0.004345262 0.006196496 0.007004849 0.008369075
[2,] 0.00000000 -0.003740307  0.095785054 0.109686595 0.0349239321 0.023765706 0.128546596 0.047476250 0.057856713
[3,] 0.00000000  0.026884072  0.101216456 0.084297538 0.0137054692 0.041746421 0.064226072 0.053709473 0.061085606
[4,] 0.00000000  0.009418115  0.011042627 0.003511077 0.0006641747 0.004710177 0.014573755 0.005114039 0.002051996
[5,] 0.09391887  0.009949372 -0.008257702 0.023134894 0.0060704308 0.017823330 0.020761274 0.009285984 0.019875484
           [,10]       [,11]         [,12]       [,13]
[1,] 0.006307667 0.003438012 -0.0001937109 0.002384944
[2,] 0.048752592 0.086079721  0.0709216405 0.038359717
[3,] 0.041882616 0.069435075  0.0341149846 0.063141737
[4,] 0.011526885 0.001410694  0.0029667007 0.001999078
[5,] 0.014739484 0.003882965  0.0163981855 0.013753592


$diagnostic_list
$diagnostic_list$`Shock: demand_shift`
$diagnostic_list$`Shock: demand_shift`[[1]]
                               R-sqrd. Adj. R-sqrd.     F-stat      p-value
h1:demand_shift              0.8678889   0.81873126  17.655225 6.672310e-14
h1:inflation_expectations_1y 0.9774194   0.96901732 116.330616 4.709296e-30
h1:inflation_expectations_3y 0.8866893   0.84452720  21.030474 2.835708e-15
h1:inflation                 0.5885986   0.43551902   3.845050 2.140977e-04
h1:economic_activity         0.3200487   0.06704351   1.264989 2.625608e-01

$diagnostic_list$`Shock: demand_shift`[[2]]
                               R-sqrd. Adj. R-sqrd.    F-stat      p-value
h2:demand_shift              0.6965489   0.58094852  6.025488 1.448144e-06
h2:inflation_expectations_1y 0.9542530   0.93682563 54.755870 6.386664e-23
h2:inflation_expectations_3y 0.7915831   0.71218618  9.969947 1.252575e-09
h2:inflation                 0.4283099   0.21052316  1.966648 4.042271e-02
h2:economic_activity         0.3422272   0.09164715  1.365740 2.055758e-01

$diagnostic_list$`Shock: demand_shift`[[3]]
                               R-sqrd. Adj. R-sqrd.    F-stat      p-value
h3:demand_shift              0.5481365    0.3717995  3.108460 1.730957e-03
h3:inflation_expectations_1y 0.9341247    0.9084173 36.336775 3.964886e-19
h3:inflation_expectations_3y 0.6779651    0.5522930  5.394712 6.494615e-06
h3:inflation                 0.4323857    0.2108777  1.952009 4.292765e-02
h3:economic_activity         0.2908544    0.0141147  1.051004 4.286152e-01

$diagnostic_list$`Shock: demand_shift`[[4]]
                               R-sqrd. Adj. R-sqrd.    F-stat      p-value
h4:demand_shift              0.4505994   0.23083910  2.050413 3.334294e-02
h4:inflation_expectations_1y 0.8998812   0.85983371 22.470341 4.511615e-15
h4:inflation_expectations_3y 0.6289971   0.48059596  4.238492 1.040828e-04
h4:inflation                 0.4307029   0.20298405  1.891380 5.173009e-02
h4:economic_activity         0.3033238   0.02465338  1.088468 3.966740e-01

$diagnostic_list$`Shock: demand_shift`[[5]]
                               R-sqrd. Adj. R-sqrd.     F-stat      p-value
h5:demand_shift              0.4330564  0.200464158  1.8618695 5.709623e-02
h5:inflation_expectations_1y 0.8544844  0.794785737 14.3132850 1.283370e-11
h5:inflation_expectations_3y 0.5925573  0.425401269  3.5449358 6.297349e-04
h5:inflation                 0.3823144  0.128904896  1.5086822 1.459259e-01
h5:economic_activity         0.2879435 -0.004182269  0.9856833 4.900693e-01

$diagnostic_list$`Shock: demand_shift`[[6]]
                               R-sqrd. Adj. R-sqrd.     F-stat      p-value
h6:demand_shift              0.4512122   0.22014360  1.9527198 4.551891e-02
h6:inflation_expectations_1y 0.8115293   0.73217328 10.2264314 2.812379e-09
h6:inflation_expectations_3y 0.5726408   0.39270006  3.1823857 1.703868e-03
h6:inflation                 0.4585514   0.23057302  2.0113812 3.883808e-02
h6:economic_activity         0.2688451  -0.03900962  0.8732856 6.016832e-01

$diagnostic_list$`Shock: demand_shift`[[7]]
                               R-sqrd. Adj. R-sqrd.    F-stat      p-value
h7:demand_shift              0.4662859    0.2354906 2.0203438 3.881243e-02
h7:inflation_expectations_1y 0.7548921    0.6488994 7.1221191 4.482988e-07
h7:inflation_expectations_3y 0.4797318    0.2547510 2.1323232 2.874405e-02
h7:inflation                 0.4461901    0.2067047 1.8631205 5.906194e-02
h7:economic_activity         0.1610299   -0.2017679 0.4438558 9.582104e-01

$diagnostic_list$`Shock: demand_shift`[[8]]
                               R-sqrd. Adj. R-sqrd.    F-stat      p-value
h8:demand_shift              0.4111250   0.14940282 1.5708450 1.284478e-01
h8:inflation_expectations_1y 0.6882492   0.54969327 4.9673028 3.243293e-05
h8:inflation_expectations_3y 0.3531301   0.06563240 1.2282884 2.946897e-01
h8:inflation                 0.3363369   0.04137547 1.1402742 3.582859e-01
h8:economic_activity         0.2820744  -0.03700366 0.8840294 5.909495e-01

$diagnostic_list$`Shock: demand_shift`[[9]]
                               R-sqrd. Adj. R-sqrd.    F-stat      p-value
h9:demand_shift              0.4206384   0.15578740 1.5882077 0.1244469853
h9:inflation_expectations_1y 0.6309711   0.46227212 3.7402194 0.0005469484
h9:inflation_expectations_3y 0.2620517  -0.07529607 0.7767999 0.6994044512
h9:inflation                 0.2781416  -0.05185074 0.8428729 0.6325782490
h9:economic_activity         0.2742605  -0.05750610 0.8266670 0.6490076742

$diagnostic_list$`Shock: demand_shift`[[10]]
                                R-sqrd. Adj. R-sqrd.    F-stat     p-value
h10:demand_shift              0.3496451  0.043595675 1.1424465 0.358880908
h10:inflation_expectations_1y 0.5773702  0.378485602 2.9030412 0.004422208
h10:inflation_expectations_3y 0.2185740 -0.149155828 0.5943875 0.865955039
h10:inflation                 0.2997910 -0.029719166 0.9098080 0.565567861
h10:economic_activity         0.3142275 -0.008488909 0.9736955 0.503849612

$diagnostic_list$`Shock: demand_shift`[[11]]
                                R-sqrd. Adj. R-sqrd.    F-stat    p-value
h11:demand_shift              0.3716482   0.06699275 1.2198968 0.30450546
h11:inflation_expectations_1y 0.5385331   0.31479158 2.4069430 0.01611669
h11:inflation_expectations_3y 0.2469248  -0.11820256 0.6762703 0.79560262
h11:inflation                 0.2294304  -0.14417903 0.6140916 0.84959096
h11:economic_activity         0.2787142  -0.07100014 0.7969767 0.67859219

$diagnostic_list$`Shock: demand_shift`[[12]]
                                R-sqrd. Adj. R-sqrd.    F-stat    p-value
h12:demand_shift              0.2986567 -0.052014993 0.8516704 0.62359217
h12:inflation_expectations_1y 0.4895756  0.234363350 1.9183077 0.05716139
h12:inflation_expectations_3y 0.3246553 -0.013017042 0.9614507 0.51642443
h12:inflation                 0.1616015 -0.257597784 0.3855004 0.97678325
h12:economic_activity         0.3346516  0.001977421 1.0059440 0.47529777


$diagnostic_list$`Shock: inflation_expectations_1y`
$diagnostic_list$`Shock: inflation_expectations_1y`[[1]]
                               R-sqrd. Adj. R-sqrd.     F-stat      p-value
h1:demand_shift              0.8678889   0.81873126  17.655225 6.672310e-14
h1:inflation_expectations_1y 0.9774194   0.96901732 116.330616 4.709296e-30
h1:inflation_expectations_3y 0.8866893   0.84452720  21.030474 2.835708e-15
h1:inflation                 0.5885986   0.43551902   3.845050 2.140977e-04
h1:economic_activity         0.3200487   0.06704351   1.264989 2.625608e-01

$diagnostic_list$`Shock: inflation_expectations_1y`[[2]]
                               R-sqrd. Adj. R-sqrd.    F-stat      p-value
h2:demand_shift              0.6965489   0.58094852  6.025488 1.448144e-06
h2:inflation_expectations_1y 0.9542530   0.93682563 54.755870 6.386664e-23
h2:inflation_expectations_3y 0.7915831   0.71218618  9.969947 1.252575e-09
h2:inflation                 0.4283099   0.21052316  1.966648 4.042271e-02
h2:economic_activity         0.3422272   0.09164715  1.365740 2.055758e-01

$diagnostic_list$`Shock: inflation_expectations_1y`[[3]]
                               R-sqrd. Adj. R-sqrd.    F-stat      p-value
h3:demand_shift              0.5481365    0.3717995  3.108460 1.730957e-03
h3:inflation_expectations_1y 0.9341247    0.9084173 36.336775 3.964886e-19
h3:inflation_expectations_3y 0.6779651    0.5522930  5.394712 6.494615e-06
h3:inflation                 0.4323857    0.2108777  1.952009 4.292765e-02
h3:economic_activity         0.2908544    0.0141147  1.051004 4.286152e-01

$diagnostic_list$`Shock: inflation_expectations_1y`[[4]]
                               R-sqrd. Adj. R-sqrd.    F-stat      p-value
h4:demand_shift              0.4505994   0.23083910  2.050413 3.334294e-02
h4:inflation_expectations_1y 0.8998812   0.85983371 22.470341 4.511615e-15
h4:inflation_expectations_3y 0.6289971   0.48059596  4.238492 1.040828e-04
h4:inflation                 0.4307029   0.20298405  1.891380 5.173009e-02
h4:economic_activity         0.3033238   0.02465338  1.088468 3.966740e-01

$diagnostic_list$`Shock: inflation_expectations_1y`[[5]]
                               R-sqrd. Adj. R-sqrd.     F-stat      p-value
h5:demand_shift              0.4330564  0.200464158  1.8618695 5.709623e-02
h5:inflation_expectations_1y 0.8544844  0.794785737 14.3132850 1.283370e-11
h5:inflation_expectations_3y 0.5925573  0.425401269  3.5449358 6.297349e-04
h5:inflation                 0.3823144  0.128904896  1.5086822 1.459259e-01
h5:economic_activity         0.2879435 -0.004182269  0.9856833 4.900693e-01

$diagnostic_list$`Shock: inflation_expectations_1y`[[6]]
                               R-sqrd. Adj. R-sqrd.     F-stat      p-value
h6:demand_shift              0.4512122   0.22014360  1.9527198 4.551891e-02
h6:inflation_expectations_1y 0.8115293   0.73217328 10.2264314 2.812379e-09
h6:inflation_expectations_3y 0.5726408   0.39270006  3.1823857 1.703868e-03
h6:inflation                 0.4585514   0.23057302  2.0113812 3.883808e-02
h6:economic_activity         0.2688451  -0.03900962  0.8732856 6.016832e-01

$diagnostic_list$`Shock: inflation_expectations_1y`[[7]]
                               R-sqrd. Adj. R-sqrd.    F-stat      p-value
h7:demand_shift              0.4662859    0.2354906 2.0203438 3.881243e-02
h7:inflation_expectations_1y 0.7548921    0.6488994 7.1221191 4.482988e-07
h7:inflation_expectations_3y 0.4797318    0.2547510 2.1323232 2.874405e-02
h7:inflation                 0.4461901    0.2067047 1.8631205 5.906194e-02
h7:economic_activity         0.1610299   -0.2017679 0.4438558 9.582104e-01

$diagnostic_list$`Shock: inflation_expectations_1y`[[8]]
                               R-sqrd. Adj. R-sqrd.    F-stat      p-value
h8:demand_shift              0.4111250   0.14940282 1.5708450 1.284478e-01
h8:inflation_expectations_1y 0.6882492   0.54969327 4.9673028 3.243293e-05
h8:inflation_expectations_3y 0.3531301   0.06563240 1.2282884 2.946897e-01
h8:inflation                 0.3363369   0.04137547 1.1402742 3.582859e-01
h8:economic_activity         0.2820744  -0.03700366 0.8840294 5.909495e-01

$diagnostic_list$`Shock: inflation_expectations_1y`[[9]]
                               R-sqrd. Adj. R-sqrd.    F-stat      p-value
h9:demand_shift              0.4206384   0.15578740 1.5882077 0.1244469853
h9:inflation_expectations_1y 0.6309711   0.46227212 3.7402194 0.0005469484
h9:inflation_expectations_3y 0.2620517  -0.07529607 0.7767999 0.6994044512
h9:inflation                 0.2781416  -0.05185074 0.8428729 0.6325782490
h9:economic_activity         0.2742605  -0.05750610 0.8266670 0.6490076742

$diagnostic_list$`Shock: inflation_expectations_1y`[[10]]
                                R-sqrd. Adj. R-sqrd.    F-stat     p-value
h10:demand_shift              0.3496451  0.043595675 1.1424465 0.358880908
h10:inflation_expectations_1y 0.5773702  0.378485602 2.9030412 0.004422208
h10:inflation_expectations_3y 0.2185740 -0.149155828 0.5943875 0.865955039
h10:inflation                 0.2997910 -0.029719166 0.9098080 0.565567861
h10:economic_activity         0.3142275 -0.008488909 0.9736955 0.503849612

$diagnostic_list$`Shock: inflation_expectations_1y`[[11]]
                                R-sqrd. Adj. R-sqrd.    F-stat    p-value
h11:demand_shift              0.3716482   0.06699275 1.2198968 0.30450546
h11:inflation_expectations_1y 0.5385331   0.31479158 2.4069430 0.01611669
h11:inflation_expectations_3y 0.2469248  -0.11820256 0.6762703 0.79560262
h11:inflation                 0.2294304  -0.14417903 0.6140916 0.84959096
h11:economic_activity         0.2787142  -0.07100014 0.7969767 0.67859219

$diagnostic_list$`Shock: inflation_expectations_1y`[[12]]
                                R-sqrd. Adj. R-sqrd.    F-stat    p-value
h12:demand_shift              0.2986567 -0.052014993 0.8516704 0.62359217
h12:inflation_expectations_1y 0.4895756  0.234363350 1.9183077 0.05716139
h12:inflation_expectations_3y 0.3246553 -0.013017042 0.9614507 0.51642443
h12:inflation                 0.1616015 -0.257597784 0.3855004 0.97678325
h12:economic_activity         0.3346516  0.001977421 1.0059440 0.47529777


$diagnostic_list$`Shock: inflation_expectations_3y`
$diagnostic_list$`Shock: inflation_expectations_3y`[[1]]
                               R-sqrd. Adj. R-sqrd.     F-stat      p-value
h1:demand_shift              0.8678889   0.81873126  17.655225 6.672310e-14
h1:inflation_expectations_1y 0.9774194   0.96901732 116.330616 4.709296e-30
h1:inflation_expectations_3y 0.8866893   0.84452720  21.030474 2.835708e-15
h1:inflation                 0.5885986   0.43551902   3.845050 2.140977e-04
h1:economic_activity         0.3200487   0.06704351   1.264989 2.625608e-01

$diagnostic_list$`Shock: inflation_expectations_3y`[[2]]
                               R-sqrd. Adj. R-sqrd.    F-stat      p-value
h2:demand_shift              0.6965489   0.58094852  6.025488 1.448144e-06
h2:inflation_expectations_1y 0.9542530   0.93682563 54.755870 6.386664e-23
h2:inflation_expectations_3y 0.7915831   0.71218618  9.969947 1.252575e-09
h2:inflation                 0.4283099   0.21052316  1.966648 4.042271e-02
h2:economic_activity         0.3422272   0.09164715  1.365740 2.055758e-01

$diagnostic_list$`Shock: inflation_expectations_3y`[[3]]
                               R-sqrd. Adj. R-sqrd.    F-stat      p-value
h3:demand_shift              0.5481365    0.3717995  3.108460 1.730957e-03
h3:inflation_expectations_1y 0.9341247    0.9084173 36.336775 3.964886e-19
h3:inflation_expectations_3y 0.6779651    0.5522930  5.394712 6.494615e-06
h3:inflation                 0.4323857    0.2108777  1.952009 4.292765e-02
h3:economic_activity         0.2908544    0.0141147  1.051004 4.286152e-01

$diagnostic_list$`Shock: inflation_expectations_3y`[[4]]
                               R-sqrd. Adj. R-sqrd.    F-stat      p-value
h4:demand_shift              0.4505994   0.23083910  2.050413 3.334294e-02
h4:inflation_expectations_1y 0.8998812   0.85983371 22.470341 4.511615e-15
h4:inflation_expectations_3y 0.6289971   0.48059596  4.238492 1.040828e-04
h4:inflation                 0.4307029   0.20298405  1.891380 5.173009e-02
h4:economic_activity         0.3033238   0.02465338  1.088468 3.966740e-01

$diagnostic_list$`Shock: inflation_expectations_3y`[[5]]
                               R-sqrd. Adj. R-sqrd.     F-stat      p-value
h5:demand_shift              0.4330564  0.200464158  1.8618695 5.709623e-02
h5:inflation_expectations_1y 0.8544844  0.794785737 14.3132850 1.283370e-11
h5:inflation_expectations_3y 0.5925573  0.425401269  3.5449358 6.297349e-04
h5:inflation                 0.3823144  0.128904896  1.5086822 1.459259e-01
h5:economic_activity         0.2879435 -0.004182269  0.9856833 4.900693e-01

$diagnostic_list$`Shock: inflation_expectations_3y`[[6]]
                               R-sqrd. Adj. R-sqrd.     F-stat      p-value
h6:demand_shift              0.4512122   0.22014360  1.9527198 4.551891e-02
h6:inflation_expectations_1y 0.8115293   0.73217328 10.2264314 2.812379e-09
h6:inflation_expectations_3y 0.5726408   0.39270006  3.1823857 1.703868e-03
h6:inflation                 0.4585514   0.23057302  2.0113812 3.883808e-02
h6:economic_activity         0.2688451  -0.03900962  0.8732856 6.016832e-01

$diagnostic_list$`Shock: inflation_expectations_3y`[[7]]
                               R-sqrd. Adj. R-sqrd.    F-stat      p-value
h7:demand_shift              0.4662859    0.2354906 2.0203438 3.881243e-02
h7:inflation_expectations_1y 0.7548921    0.6488994 7.1221191 4.482988e-07
h7:inflation_expectations_3y 0.4797318    0.2547510 2.1323232 2.874405e-02
h7:inflation                 0.4461901    0.2067047 1.8631205 5.906194e-02
h7:economic_activity         0.1610299   -0.2017679 0.4438558 9.582104e-01

$diagnostic_list$`Shock: inflation_expectations_3y`[[8]]
                               R-sqrd. Adj. R-sqrd.    F-stat      p-value
h8:demand_shift              0.4111250   0.14940282 1.5708450 1.284478e-01
h8:inflation_expectations_1y 0.6882492   0.54969327 4.9673028 3.243293e-05
h8:inflation_expectations_3y 0.3531301   0.06563240 1.2282884 2.946897e-01
h8:inflation                 0.3363369   0.04137547 1.1402742 3.582859e-01
h8:economic_activity         0.2820744  -0.03700366 0.8840294 5.909495e-01

$diagnostic_list$`Shock: inflation_expectations_3y`[[9]]
                               R-sqrd. Adj. R-sqrd.    F-stat      p-value
h9:demand_shift              0.4206384   0.15578740 1.5882077 0.1244469853
h9:inflation_expectations_1y 0.6309711   0.46227212 3.7402194 0.0005469484
h9:inflation_expectations_3y 0.2620517  -0.07529607 0.7767999 0.6994044512
h9:inflation                 0.2781416  -0.05185074 0.8428729 0.6325782490
h9:economic_activity         0.2742605  -0.05750610 0.8266670 0.6490076742

$diagnostic_list$`Shock: inflation_expectations_3y`[[10]]
                                R-sqrd. Adj. R-sqrd.    F-stat     p-value
h10:demand_shift              0.3496451  0.043595675 1.1424465 0.358880908
h10:inflation_expectations_1y 0.5773702  0.378485602 2.9030412 0.004422208
h10:inflation_expectations_3y 0.2185740 -0.149155828 0.5943875 0.865955039
h10:inflation                 0.2997910 -0.029719166 0.9098080 0.565567861
h10:economic_activity         0.3142275 -0.008488909 0.9736955 0.503849612

$diagnostic_list$`Shock: inflation_expectations_3y`[[11]]
                                R-sqrd. Adj. R-sqrd.    F-stat    p-value
h11:demand_shift              0.3716482   0.06699275 1.2198968 0.30450546
h11:inflation_expectations_1y 0.5385331   0.31479158 2.4069430 0.01611669
h11:inflation_expectations_3y 0.2469248  -0.11820256 0.6762703 0.79560262
h11:inflation                 0.2294304  -0.14417903 0.6140916 0.84959096
h11:economic_activity         0.2787142  -0.07100014 0.7969767 0.67859219

$diagnostic_list$`Shock: inflation_expectations_3y`[[12]]
                                R-sqrd. Adj. R-sqrd.    F-stat    p-value
h12:demand_shift              0.2986567 -0.052014993 0.8516704 0.62359217
h12:inflation_expectations_1y 0.4895756  0.234363350 1.9183077 0.05716139
h12:inflation_expectations_3y 0.3246553 -0.013017042 0.9614507 0.51642443
h12:inflation                 0.1616015 -0.257597784 0.3855004 0.97678325
h12:economic_activity         0.3346516  0.001977421 1.0059440 0.47529777


$diagnostic_list$`Shock: inflation`
$diagnostic_list$`Shock: inflation`[[1]]
                               R-sqrd. Adj. R-sqrd.     F-stat      p-value
h1:demand_shift              0.8678889   0.81873126  17.655225 6.672310e-14
h1:inflation_expectations_1y 0.9774194   0.96901732 116.330616 4.709296e-30
h1:inflation_expectations_3y 0.8866893   0.84452720  21.030474 2.835708e-15
h1:inflation                 0.5885986   0.43551902   3.845050 2.140977e-04
h1:economic_activity         0.3200487   0.06704351   1.264989 2.625608e-01

$diagnostic_list$`Shock: inflation`[[2]]
                               R-sqrd. Adj. R-sqrd.    F-stat      p-value
h2:demand_shift              0.6965489   0.58094852  6.025488 1.448144e-06
h2:inflation_expectations_1y 0.9542530   0.93682563 54.755870 6.386664e-23
h2:inflation_expectations_3y 0.7915831   0.71218618  9.969947 1.252575e-09
h2:inflation                 0.4283099   0.21052316  1.966648 4.042271e-02
h2:economic_activity         0.3422272   0.09164715  1.365740 2.055758e-01

$diagnostic_list$`Shock: inflation`[[3]]
                               R-sqrd. Adj. R-sqrd.    F-stat      p-value
h3:demand_shift              0.5481365    0.3717995  3.108460 1.730957e-03
h3:inflation_expectations_1y 0.9341247    0.9084173 36.336775 3.964886e-19
h3:inflation_expectations_3y 0.6779651    0.5522930  5.394712 6.494615e-06
h3:inflation                 0.4323857    0.2108777  1.952009 4.292765e-02
h3:economic_activity         0.2908544    0.0141147  1.051004 4.286152e-01

$diagnostic_list$`Shock: inflation`[[4]]
                               R-sqrd. Adj. R-sqrd.    F-stat      p-value
h4:demand_shift              0.4505994   0.23083910  2.050413 3.334294e-02
h4:inflation_expectations_1y 0.8998812   0.85983371 22.470341 4.511615e-15
h4:inflation_expectations_3y 0.6289971   0.48059596  4.238492 1.040828e-04
h4:inflation                 0.4307029   0.20298405  1.891380 5.173009e-02
h4:economic_activity         0.3033238   0.02465338  1.088468 3.966740e-01

$diagnostic_list$`Shock: inflation`[[5]]
                               R-sqrd. Adj. R-sqrd.     F-stat      p-value
h5:demand_shift              0.4330564  0.200464158  1.8618695 5.709623e-02
h5:inflation_expectations_1y 0.8544844  0.794785737 14.3132850 1.283370e-11
h5:inflation_expectations_3y 0.5925573  0.425401269  3.5449358 6.297349e-04
h5:inflation                 0.3823144  0.128904896  1.5086822 1.459259e-01
h5:economic_activity         0.2879435 -0.004182269  0.9856833 4.900693e-01

$diagnostic_list$`Shock: inflation`[[6]]
                               R-sqrd. Adj. R-sqrd.     F-stat      p-value
h6:demand_shift              0.4512122   0.22014360  1.9527198 4.551891e-02
h6:inflation_expectations_1y 0.8115293   0.73217328 10.2264314 2.812379e-09
h6:inflation_expectations_3y 0.5726408   0.39270006  3.1823857 1.703868e-03
h6:inflation                 0.4585514   0.23057302  2.0113812 3.883808e-02
h6:economic_activity         0.2688451  -0.03900962  0.8732856 6.016832e-01

$diagnostic_list$`Shock: inflation`[[7]]
                               R-sqrd. Adj. R-sqrd.    F-stat      p-value
h7:demand_shift              0.4662859    0.2354906 2.0203438 3.881243e-02
h7:inflation_expectations_1y 0.7548921    0.6488994 7.1221191 4.482988e-07
h7:inflation_expectations_3y 0.4797318    0.2547510 2.1323232 2.874405e-02
h7:inflation                 0.4461901    0.2067047 1.8631205 5.906194e-02
h7:economic_activity         0.1610299   -0.2017679 0.4438558 9.582104e-01

$diagnostic_list$`Shock: inflation`[[8]]
                               R-sqrd. Adj. R-sqrd.    F-stat      p-value
h8:demand_shift              0.4111250   0.14940282 1.5708450 1.284478e-01
h8:inflation_expectations_1y 0.6882492   0.54969327 4.9673028 3.243293e-05
h8:inflation_expectations_3y 0.3531301   0.06563240 1.2282884 2.946897e-01
h8:inflation                 0.3363369   0.04137547 1.1402742 3.582859e-01
h8:economic_activity         0.2820744  -0.03700366 0.8840294 5.909495e-01

$diagnostic_list$`Shock: inflation`[[9]]
                               R-sqrd. Adj. R-sqrd.    F-stat      p-value
h9:demand_shift              0.4206384   0.15578740 1.5882077 0.1244469853
h9:inflation_expectations_1y 0.6309711   0.46227212 3.7402194 0.0005469484
h9:inflation_expectations_3y 0.2620517  -0.07529607 0.7767999 0.6994044512
h9:inflation                 0.2781416  -0.05185074 0.8428729 0.6325782490
h9:economic_activity         0.2742605  -0.05750610 0.8266670 0.6490076742

$diagnostic_list$`Shock: inflation`[[10]]
                                R-sqrd. Adj. R-sqrd.    F-stat     p-value
h10:demand_shift              0.3496451  0.043595675 1.1424465 0.358880908
h10:inflation_expectations_1y 0.5773702  0.378485602 2.9030412 0.004422208
h10:inflation_expectations_3y 0.2185740 -0.149155828 0.5943875 0.865955039
h10:inflation                 0.2997910 -0.029719166 0.9098080 0.565567861
h10:economic_activity         0.3142275 -0.008488909 0.9736955 0.503849612

$diagnostic_list$`Shock: inflation`[[11]]
                                R-sqrd. Adj. R-sqrd.    F-stat    p-value
h11:demand_shift              0.3716482   0.06699275 1.2198968 0.30450546
h11:inflation_expectations_1y 0.5385331   0.31479158 2.4069430 0.01611669
h11:inflation_expectations_3y 0.2469248  -0.11820256 0.6762703 0.79560262
h11:inflation                 0.2294304  -0.14417903 0.6140916 0.84959096
h11:economic_activity         0.2787142  -0.07100014 0.7969767 0.67859219

$diagnostic_list$`Shock: inflation`[[12]]
                                R-sqrd. Adj. R-sqrd.    F-stat    p-value
h12:demand_shift              0.2986567 -0.052014993 0.8516704 0.62359217
h12:inflation_expectations_1y 0.4895756  0.234363350 1.9183077 0.05716139
h12:inflation_expectations_3y 0.3246553 -0.013017042 0.9614507 0.51642443
h12:inflation                 0.1616015 -0.257597784 0.3855004 0.97678325
h12:economic_activity         0.3346516  0.001977421 1.0059440 0.47529777


$diagnostic_list$`Shock: economic_activity`
$diagnostic_list$`Shock: economic_activity`[[1]]
                               R-sqrd. Adj. R-sqrd.     F-stat      p-value
h1:demand_shift              0.8678889   0.81873126  17.655225 6.672310e-14
h1:inflation_expectations_1y 0.9774194   0.96901732 116.330616 4.709296e-30
h1:inflation_expectations_3y 0.8866893   0.84452720  21.030474 2.835708e-15
h1:inflation                 0.5885986   0.43551902   3.845050 2.140977e-04
h1:economic_activity         0.3200487   0.06704351   1.264989 2.625608e-01

$diagnostic_list$`Shock: economic_activity`[[2]]
                               R-sqrd. Adj. R-sqrd.    F-stat      p-value
h2:demand_shift              0.6965489   0.58094852  6.025488 1.448144e-06
h2:inflation_expectations_1y 0.9542530   0.93682563 54.755870 6.386664e-23
h2:inflation_expectations_3y 0.7915831   0.71218618  9.969947 1.252575e-09
h2:inflation                 0.4283099   0.21052316  1.966648 4.042271e-02
h2:economic_activity         0.3422272   0.09164715  1.365740 2.055758e-01

$diagnostic_list$`Shock: economic_activity`[[3]]
                               R-sqrd. Adj. R-sqrd.    F-stat      p-value
h3:demand_shift              0.5481365    0.3717995  3.108460 1.730957e-03
h3:inflation_expectations_1y 0.9341247    0.9084173 36.336775 3.964886e-19
h3:inflation_expectations_3y 0.6779651    0.5522930  5.394712 6.494615e-06
h3:inflation                 0.4323857    0.2108777  1.952009 4.292765e-02
h3:economic_activity         0.2908544    0.0141147  1.051004 4.286152e-01

$diagnostic_list$`Shock: economic_activity`[[4]]
                               R-sqrd. Adj. R-sqrd.    F-stat      p-value
h4:demand_shift              0.4505994   0.23083910  2.050413 3.334294e-02
h4:inflation_expectations_1y 0.8998812   0.85983371 22.470341 4.511615e-15
h4:inflation_expectations_3y 0.6289971   0.48059596  4.238492 1.040828e-04
h4:inflation                 0.4307029   0.20298405  1.891380 5.173009e-02
h4:economic_activity         0.3033238   0.02465338  1.088468 3.966740e-01

$diagnostic_list$`Shock: economic_activity`[[5]]
                               R-sqrd. Adj. R-sqrd.     F-stat      p-value
h5:demand_shift              0.4330564  0.200464158  1.8618695 5.709623e-02
h5:inflation_expectations_1y 0.8544844  0.794785737 14.3132850 1.283370e-11
h5:inflation_expectations_3y 0.5925573  0.425401269  3.5449358 6.297349e-04
h5:inflation                 0.3823144  0.128904896  1.5086822 1.459259e-01
h5:economic_activity         0.2879435 -0.004182269  0.9856833 4.900693e-01

$diagnostic_list$`Shock: economic_activity`[[6]]
                               R-sqrd. Adj. R-sqrd.     F-stat      p-value
h6:demand_shift              0.4512122   0.22014360  1.9527198 4.551891e-02
h6:inflation_expectations_1y 0.8115293   0.73217328 10.2264314 2.812379e-09
h6:inflation_expectations_3y 0.5726408   0.39270006  3.1823857 1.703868e-03
h6:inflation                 0.4585514   0.23057302  2.0113812 3.883808e-02
h6:economic_activity         0.2688451  -0.03900962  0.8732856 6.016832e-01

$diagnostic_list$`Shock: economic_activity`[[7]]
                               R-sqrd. Adj. R-sqrd.    F-stat      p-value
h7:demand_shift              0.4662859    0.2354906 2.0203438 3.881243e-02
h7:inflation_expectations_1y 0.7548921    0.6488994 7.1221191 4.482988e-07
h7:inflation_expectations_3y 0.4797318    0.2547510 2.1323232 2.874405e-02
h7:inflation                 0.4461901    0.2067047 1.8631205 5.906194e-02
h7:economic_activity         0.1610299   -0.2017679 0.4438558 9.582104e-01

$diagnostic_list$`Shock: economic_activity`[[8]]
                               R-sqrd. Adj. R-sqrd.    F-stat      p-value
h8:demand_shift              0.4111250   0.14940282 1.5708450 1.284478e-01
h8:inflation_expectations_1y 0.6882492   0.54969327 4.9673028 3.243293e-05
h8:inflation_expectations_3y 0.3531301   0.06563240 1.2282884 2.946897e-01
h8:inflation                 0.3363369   0.04137547 1.1402742 3.582859e-01
h8:economic_activity         0.2820744  -0.03700366 0.8840294 5.909495e-01

$diagnostic_list$`Shock: economic_activity`[[9]]
                               R-sqrd. Adj. R-sqrd.    F-stat      p-value
h9:demand_shift              0.4206384   0.15578740 1.5882077 0.1244469853
h9:inflation_expectations_1y 0.6309711   0.46227212 3.7402194 0.0005469484
h9:inflation_expectations_3y 0.2620517  -0.07529607 0.7767999 0.6994044512
h9:inflation                 0.2781416  -0.05185074 0.8428729 0.6325782490
h9:economic_activity         0.2742605  -0.05750610 0.8266670 0.6490076742

$diagnostic_list$`Shock: economic_activity`[[10]]
                                R-sqrd. Adj. R-sqrd.    F-stat     p-value
h10:demand_shift              0.3496451  0.043595675 1.1424465 0.358880908
h10:inflation_expectations_1y 0.5773702  0.378485602 2.9030412 0.004422208
h10:inflation_expectations_3y 0.2185740 -0.149155828 0.5943875 0.865955039
h10:inflation                 0.2997910 -0.029719166 0.9098080 0.565567861
h10:economic_activity         0.3142275 -0.008488909 0.9736955 0.503849612

$diagnostic_list$`Shock: economic_activity`[[11]]
                                R-sqrd. Adj. R-sqrd.    F-stat    p-value
h11:demand_shift              0.3716482   0.06699275 1.2198968 0.30450546
h11:inflation_expectations_1y 0.5385331   0.31479158 2.4069430 0.01611669
h11:inflation_expectations_3y 0.2469248  -0.11820256 0.6762703 0.79560262
h11:inflation                 0.2294304  -0.14417903 0.6140916 0.84959096
h11:economic_activity         0.2787142  -0.07100014 0.7969767 0.67859219

$diagnostic_list$`Shock: economic_activity`[[12]]
                                R-sqrd. Adj. R-sqrd.    F-stat    p-value
h12:demand_shift              0.2986567 -0.052014993 0.8516704 0.62359217
h12:inflation_expectations_1y 0.4895756  0.234363350 1.9183077 0.05716139
h12:inflation_expectations_3y 0.3246553 -0.013017042 0.9614507 0.51642443
h12:inflation                 0.1616015 -0.257597784 0.3855004 0.97678325
h12:economic_activity         0.3346516  0.001977421 1.0059440 0.47529777



$specs
$specs$lags_endog_lin
SC(n) 
    1 

$specs$lags_criterion
[1] NaN

$specs$max_lags
[1] NaN

$specs$trend
[1] 0

$specs$shock_type
[1] 0

$specs$confint
[1] 1.65

$specs$hor
[1] 12

$specs$use_nw
[1] TRUE

$specs$nw_prewhite
[1] FALSE

$specs$adjust_se
[1] FALSE

$specs$use_twosls
[1] FALSE

$specs$contemp_data
$specs$contemp_data$dummy
 [1] 0 0 0 0 0 0 0 0 0 0 0 0 0 0 0 0 0 0 0 0 0 0 0 0 0 0 1 1 1 1 0 1 0 1 0 0 0 0 0 0 0 0 0 0 0 0 0 0 0 0 0 0 0 0 0 0 0 0 0 0
[61] 0

$specs$contemp_data$Jan
 [1] 0 0 0 0 0 0 0 0 0 0 0 1 0 0 0 0 0 0 0 0 0 0 0 1 0 0 0 0 0 0 0 0 0 0 0 1 0 0 0 0 0 0 0 0 0 0 0 1 0 0 0 0 0 0 0 0 0 0 0 1
[61] 0

$specs$contemp_data$Feb
 [1] 1 0 0 0 0 0 0 0 0 0 0 0 1 0 0 0 0 0 0 0 0 0 0 0 1 0 0 0 0 0 0 0 0 0 0 0 1 0 0 0 0 0 0 0 0 0 0 0 1 0 0 0 0 0 0 0 0 0 0 0
[61] 1

$specs$contemp_data$Mar
 [1] 0 1 0 0 0 0 0 0 0 0 0 0 0 1 0 0 0 0 0 0 0 0 0 0 0 1 0 0 0 0 0 0 0 0 0 0 0 1 0 0 0 0 0 0 0 0 0 0 0 1 0 0 0 0 0 0 0 0 0 0
[61] 0

$specs$contemp_data$Apr
 [1] 0 0 1 0 0 0 0 0 0 0 0 0 0 0 1 0 0 0 0 0 0 0 0 0 0 0 1 0 0 0 0 0 0 0 0 0 0 0 1 0 0 0 0 0 0 0 0 0 0 0 1 0 0 0 0 0 0 0 0 0
[61] 0

$specs$contemp_data$May
 [1] 0 0 0 1 0 0 0 0 0 0 0 0 0 0 0 1 0 0 0 0 0 0 0 0 0 0 0 1 0 0 0 0 0 0 0 0 0 0 0 1 0 0 0 0 0 0 0 0 0 0 0 1 0 0 0 0 0 0 0 0
[61] 0

$specs$contemp_data$Jun
 [1] 0 0 0 0 1 0 0 0 0 0 0 0 0 0 0 0 1 0 0 0 0 0 0 0 0 0 0 0 1 0 0 0 0 0 0 0 0 0 0 0 1 0 0 0 0 0 0 0 0 0 0 0 1 0 0 0 0 0 0 0
[61] 0

$specs$contemp_data$Jul
 [1] 0 0 0 0 0 1 0 0 0 0 0 0 0 0 0 0 0 1 0 0 0 0 0 0 0 0 0 0 0 1 0 0 0 0 0 0 0 0 0 0 0 1 0 0 0 0 0 0 0 0 0 0 0 1 0 0 0 0 0 0
[61] 0

$specs$contemp_data$Aug
 [1] 0 0 0 0 0 0 1 0 0 0 0 0 0 0 0 0 0 0 1 0 0 0 0 0 0 0 0 0 0 0 1 0 0 0 0 0 0 0 0 0 0 0 1 0 0 0 0 0 0 0 0 0 0 0 1 0 0 0 0 0
[61] 0

$specs$contemp_data$Sep
 [1] 0 0 0 0 0 0 0 1 0 0 0 0 0 0 0 0 0 0 0 1 0 0 0 0 0 0 0 0 0 0 0 1 0 0 0 0 0 0 0 0 0 0 0 1 0 0 0 0 0 0 0 0 0 0 0 1 0 0 0 0
[61] 0

$specs$contemp_data$Oct
 [1] 0 0 0 0 0 0 0 0 1 0 0 0 0 0 0 0 0 0 0 0 1 0 0 0 0 0 0 0 0 0 0 0 1 0 0 0 0 0 0 0 0 0 0 0 1 0 0 0 0 0 0 0 0 0 0 0 1 0 0 0
[61] 0


$specs$model_type
[1] 0

$specs$starts
[1] 1

$specs$ends
[1] 61

$specs$column_names
[1] "demand_shift"              "inflation_expectations_1y" "inflation_expectations_3y" "inflation"                
[5] "economic_activity"        

$specs$endog
[1] 5

$specs$y_lin
    demand_shift inflation_expectations_1y inflation_expectations_3y    inflation economic_activity
2   0.0338680642                  2.831908                  2.884280  0.032745451        0.02976223
3   0.0140645993                  2.752288                  2.908013  0.002310570        0.03672057
4   0.0160302055                  2.980844                  2.969947  0.031662657        0.02660601
5   0.0349393920                  2.980844                  2.961960  0.027403122        0.04356130
6   0.0371030852                  2.980844                  3.000000  0.010862582        0.01757053
7   0.0389636435                  2.982717                  2.883912  0.009406502        0.03236078
8   0.0373323103                  3.000000                  3.000000  0.021640425        0.02930438
9   0.0188175469                  2.995079                  3.000000  0.025003951        0.02923299
10  0.0303647610                  3.000000                  3.000000  0.028405410        0.02229492
11  0.0115630878                  2.969947                  2.883912 -0.008420605        0.02323041
12 -0.0083404768                  3.000000                  2.980844  0.008246918        0.01734758
13 -0.0041113050                  2.969947                  2.969947 -0.002323999        0.03391158
14 -0.0286023780                  2.793575                  2.768439  0.029025084        0.02600387
15 -0.0194417208                  2.816437                  2.864411  0.042416785        0.02691934
16 -0.0010913098                  2.598124                  2.693518  0.048586660        0.03757401
17  0.0005320479                  2.453082                  2.593332  0.003720327        0.02002637
18 -0.0110980462                  2.670152                  2.662437 -0.006141925        0.02480201
19 -0.0205573211                  2.590599                  2.579365  0.024993882        0.02186920
20 -0.0257352605                  2.414448                  2.501432  0.017681720        0.02278745
21 -0.0148362952                  2.483634                  2.374794  0.021370449        0.03620964
22 -0.0249917858                  2.330186                  2.378875  0.034784574        0.01981848
23 -0.0198242006                  2.347553                  2.521351  0.026361361        0.02549842
24 -0.0105024877                  2.527644                  2.537525  0.038444527        0.02259084
25  0.0064225518                  2.495654                  2.537525  0.019694440        0.03781474
26  0.0053014378                  2.537525                  2.588670  0.009814561        0.03578346
27 -0.0329646194                  2.537525                  2.399339 -0.050912346       -0.07956922
28 -0.0458430906                  2.623311                  2.623311 -0.090824177       -0.77070172
29 -0.0645516669                  3.000000                  2.610335 -0.010450429        0.21339722
30 -0.0479683294                  2.681402                  2.473736  0.053592068        0.21330076
31 -0.0165587649                  2.887446                  2.731703  0.061866907        0.02971606
32  0.0097666484                  3.000000                  2.980844  0.053808986        0.15791953
33 -0.0098141693                  2.980844                  2.742111  0.028930510        0.07717705
34 -0.0037643946                  2.836102                  2.702108  0.011918979        0.10115859
35 -0.0069311194                  2.962508                  2.819740  0.024543630        0.04507153
36 -0.0112163951                  3.000000                  2.980844  0.057557700        0.01677041
37  0.0049800650                  3.046669                  3.028186  0.028496735        0.06736316
38  0.0345279093                  3.090884                  3.000000  0.045997380        0.05066022
39  0.0435969041                  3.244256                  3.092952  0.059503194        0.06160136
40  0.0639880900                  3.360180                  3.098045  0.082225516        0.03720211
41  0.0620613276                  4.000000                  3.569710  0.082531234        0.06412900
42  0.0622672622                  4.801745                  3.546918  0.098347464        0.05475905
43  0.0450837332                  4.842451                  3.711669  0.054649100        0.08879717
44  0.0491102051                  5.179827                  3.999662  0.049840953        0.06602323
45  0.0466112201                  5.310169                  4.193985  0.052018077        0.07861505
46  0.0735439397                  5.653467                  4.211177  0.114305741        0.06819482
47  0.0695357100                  6.000000                  4.011200  0.098833469        0.06879133
48  0.0567868386                  5.990274                  4.000000  0.097421769        0.06937609
49  0.0484120292                  5.788440                  3.477248  0.075404740        0.03542764
50  0.0641777471                  6.000000                  3.774801  0.088488916        0.07849205
51  0.0567008717                  6.583898                  3.674923  0.126900569        0.05112829
52  0.0647429016                  6.345438                  3.902376  0.048497289        0.04431433
53  0.0414968072                  6.576015                  3.879077  0.115684054        0.03389257
54  0.0265598671                  6.775855                  3.618484  0.151285219        0.03843642
55  0.0285712273                  6.223626                  3.182451 -0.004064650        0.05041760
56  0.0023860409                  5.745714                  2.755268  0.028517738        0.02896168
57  0.0105082792                  5.440794                  2.909971  0.050566174        0.04915587
58  0.0257490644                  5.944291                  3.110663  0.060045147        0.03059615
59  0.0121765140                  5.228549                  2.997374  0.024858721        0.04330825
60  0.0046975380                  4.993469                  2.992784  0.015857387        0.03585464
61 -0.0004721397                  4.954980                  2.711993  0.063675095        0.04576300

$specs$x_lin
   demand_shift_lag_1 inflation_expectations_1y_lag_1 inflation_expectations_3y_lag_1 inflation_lag_1
2        0.0278223255                        2.711993                        2.793575     0.052137819
3        0.0338680642                        2.831908                        2.884280     0.032745451
4        0.0140645993                        2.752288                        2.908013     0.002310570
5        0.0160302055                        2.980844                        2.969947     0.031662657
6        0.0349393920                        2.980844                        2.961960     0.027403122
7        0.0371030852                        2.980844                        3.000000     0.010862582
8        0.0389636435                        2.982717                        2.883912     0.009406502
9        0.0373323103                        3.000000                        3.000000     0.021640425
10       0.0188175469                        2.995079                        3.000000     0.025003951
11       0.0303647610                        3.000000                        3.000000     0.028405410
12       0.0115630878                        2.969947                        2.883912    -0.008420605
13      -0.0083404768                        3.000000                        2.980844     0.008246918
14      -0.0041113050                        2.969947                        2.969947    -0.002323999
15      -0.0286023780                        2.793575                        2.768439     0.029025084
16      -0.0194417208                        2.816437                        2.864411     0.042416785
17      -0.0010913098                        2.598124                        2.693518     0.048586660
18       0.0005320479                        2.453082                        2.593332     0.003720327
19      -0.0110980462                        2.670152                        2.662437    -0.006141925
20      -0.0205573211                        2.590599                        2.579365     0.024993882
21      -0.0257352605                        2.414448                        2.501432     0.017681720
22      -0.0148362952                        2.483634                        2.374794     0.021370449
23      -0.0249917858                        2.330186                        2.378875     0.034784574
24      -0.0198242006                        2.347553                        2.521351     0.026361361
25      -0.0105024877                        2.527644                        2.537525     0.038444527
26       0.0064225518                        2.495654                        2.537525     0.019694440
27       0.0053014378                        2.537525                        2.588670     0.009814561
28      -0.0329646194                        2.537525                        2.399339    -0.050912346
29      -0.0458430906                        2.623311                        2.623311    -0.090824177
30      -0.0645516669                        3.000000                        2.610335    -0.010450429
31      -0.0479683294                        2.681402                        2.473736     0.053592068
32      -0.0165587649                        2.887446                        2.731703     0.061866907
33       0.0097666484                        3.000000                        2.980844     0.053808986
34      -0.0098141693                        2.980844                        2.742111     0.028930510
35      -0.0037643946                        2.836102                        2.702108     0.011918979
36      -0.0069311194                        2.962508                        2.819740     0.024543630
37      -0.0112163951                        3.000000                        2.980844     0.057557700
38       0.0049800650                        3.046669                        3.028186     0.028496735
39       0.0345279093                        3.090884                        3.000000     0.045997380
40       0.0435969041                        3.244256                        3.092952     0.059503194
41       0.0639880900                        3.360180                        3.098045     0.082225516
42       0.0620613276                        4.000000                        3.569710     0.082531234
43       0.0622672622                        4.801745                        3.546918     0.098347464
44       0.0450837332                        4.842451                        3.711669     0.054649100
45       0.0491102051                        5.179827                        3.999662     0.049840953
46       0.0466112201                        5.310169                        4.193985     0.052018077
47       0.0735439397                        5.653467                        4.211177     0.114305741
48       0.0695357100                        6.000000                        4.011200     0.098833469
49       0.0567868386                        5.990274                        4.000000     0.097421769
50       0.0484120292                        5.788440                        3.477248     0.075404740
51       0.0641777471                        6.000000                        3.774801     0.088488916
52       0.0567008717                        6.583898                        3.674923     0.126900569
53       0.0647429016                        6.345438                        3.902376     0.048497289
54       0.0414968072                        6.576015                        3.879077     0.115684054
55       0.0265598671                        6.775855                        3.618484     0.151285219
56       0.0285712273                        6.223626                        3.182451    -0.004064650
57       0.0023860409                        5.745714                        2.755268     0.028517738
58       0.0105082792                        5.440794                        2.909971     0.050566174
59       0.0257490644                        5.944291                        3.110663     0.060045147
60       0.0121765140                        5.228549                        2.997374     0.024858721
61       0.0046975380                        4.993469                        2.992784     0.015857387
   economic_activity_lag_1 dummy Jan Feb Mar Apr May Jun Jul Aug Sep Oct
2               0.02580719     0   0   0   1   0   0   0   0   0   0   0
3               0.02976223     0   0   0   0   1   0   0   0   0   0   0
4               0.03672057     0   0   0   0   0   1   0   0   0   0   0
5               0.02660601     0   0   0   0   0   0   1   0   0   0   0
6               0.04356130     0   0   0   0   0   0   0   1   0   0   0
7               0.01757053     0   0   0   0   0   0   0   0   1   0   0
8               0.03236078     0   0   0   0   0   0   0   0   0   1   0
9               0.02930438     0   0   0   0   0   0   0   0   0   0   1
10              0.02923299     0   0   0   0   0   0   0   0   0   0   0
11              0.02229492     0   0   0   0   0   0   0   0   0   0   0
12              0.02323041     0   1   0   0   0   0   0   0   0   0   0
13              0.01734758     0   0   1   0   0   0   0   0   0   0   0
14              0.03391158     0   0   0   1   0   0   0   0   0   0   0
15              0.02600387     0   0   0   0   1   0   0   0   0   0   0
16              0.02691934     0   0   0   0   0   1   0   0   0   0   0
17              0.03757401     0   0   0   0   0   0   1   0   0   0   0
18              0.02002637     0   0   0   0   0   0   0   1   0   0   0
19              0.02480201     0   0   0   0   0   0   0   0   1   0   0
20              0.02186920     0   0   0   0   0   0   0   0   0   1   0
21              0.02278745     0   0   0   0   0   0   0   0   0   0   1
22              0.03620964     0   0   0   0   0   0   0   0   0   0   0
23              0.01981848     0   0   0   0   0   0   0   0   0   0   0
24              0.02549842     0   1   0   0   0   0   0   0   0   0   0
25              0.02259084     0   0   1   0   0   0   0   0   0   0   0
26              0.03781474     0   0   0   1   0   0   0   0   0   0   0
27              0.03578346     1   0   0   0   1   0   0   0   0   0   0
28             -0.07956922     1   0   0   0   0   1   0   0   0   0   0
29             -0.77070172     1   0   0   0   0   0   1   0   0   0   0
30              0.21339722     1   0   0   0   0   0   0   1   0   0   0
31              0.21330076     0   0   0   0   0   0   0   0   1   0   0
32              0.02971606     1   0   0   0   0   0   0   0   0   1   0
33              0.15791953     0   0   0   0   0   0   0   0   0   0   1
34              0.07717705     1   0   0   0   0   0   0   0   0   0   0
35              0.10115859     0   0   0   0   0   0   0   0   0   0   0
36              0.04507153     0   1   0   0   0   0   0   0   0   0   0
37              0.01677041     0   0   1   0   0   0   0   0   0   0   0
38              0.06736316     0   0   0   1   0   0   0   0   0   0   0
39              0.05066022     0   0   0   0   1   0   0   0   0   0   0
40              0.06160136     0   0   0   0   0   1   0   0   0   0   0
41              0.03720211     0   0   0   0   0   0   1   0   0   0   0
42              0.06412900     0   0   0   0   0   0   0   1   0   0   0
43              0.05475905     0   0   0   0   0   0   0   0   1   0   0
44              0.08879717     0   0   0   0   0   0   0   0   0   1   0
45              0.06602323     0   0   0   0   0   0   0   0   0   0   1
46              0.07861505     0   0   0   0   0   0   0   0   0   0   0
47              0.06819482     0   0   0   0   0   0   0   0   0   0   0
48              0.06879133     0   1   0   0   0   0   0   0   0   0   0
49              0.06937609     0   0   1   0   0   0   0   0   0   0   0
50              0.03542764     0   0   0   1   0   0   0   0   0   0   0
51              0.07849205     0   0   0   0   1   0   0   0   0   0   0
52              0.05112829     0   0   0   0   0   1   0   0   0   0   0
53              0.04431433     0   0   0   0   0   0   1   0   0   0   0
54              0.03389257     0   0   0   0   0   0   0   1   0   0   0
55              0.03843642     0   0   0   0   0   0   0   0   1   0   0
56              0.05041760     0   0   0   0   0   0   0   0   0   1   0
57              0.02896168     0   0   0   0   0   0   0   0   0   0   1
58              0.04915587     0   0   0   0   0   0   0   0   0   0   0
59              0.03059615     0   0   0   0   0   0   0   0   0   0   0
60              0.04330825     0   1   0   0   0   0   0   0   0   0   0
61              0.03585464     0   0   1   0   0   0   0   0   0   0   0


attr(,"class")
[1] "lpirfs_lin_obj"
