[1] "debt"                 "djn level estimation"
                   1             2             3             4             5             6
AIC(n) -2.484661e+01 -2.541324e+01 -2.513847e+01 -2.552143e+01 -2.645662e+01 -2.722084e+01
HQ(n)  -2.364695e+01 -2.386073e+01 -2.323313e+01 -2.326324e+01 -2.384559e+01 -2.425697e+01
SC(n)  -2.174437e+01 -2.139857e+01 -2.021138e+01 -1.968191e+01 -1.970468e+01 -1.955647e+01
FPE(n)  1.797351e-11  1.163799e-11  1.922152e-11  1.898178e-11  1.352059e-11  1.682102e-11
                   1             2             3             4             5             6
AIC(n) -2.484661e+01 -2.541324e+01 -2.513847e+01 -2.552143e+01 -2.645662e+01 -2.722084e+01
HQ(n)  -2.364695e+01 -2.386073e+01 -2.323313e+01 -2.326324e+01 -2.384559e+01 -2.425697e+01
SC(n)  -2.174437e+01 -2.139857e+01 -2.021138e+01 -1.968191e+01 -1.970468e+01 -1.955647e+01
FPE(n)  1.797351e-11  1.163799e-11  1.922152e-11  1.898178e-11  1.352059e-11  1.682102e-11
$irf_lin_mean
, , 1

           [,1]        [,2]          [,3]         [,4]         [,5]        [,6]        [,7]       [,8]        [,9]
[1,] 0.01814131 0.014580106  1.260101e-02 0.0106327161  0.010486655 0.011574557 0.016393805 0.01583135 0.016399748
[2,] 0.03773799 0.049026539  1.159972e-01 0.1421972746  0.176746523 0.208803796 0.224461210 0.26422897 0.291337738
[3,] 0.03537023 0.060718018  8.856465e-02 0.1110696082  0.129993426 0.147351942 0.177801590 0.15625669 0.171870551
[4,] 0.01289253 0.003620905  6.026265e-05 0.0006468239  0.001407196 0.005929752 0.006873557 0.01151291 0.008326467
[5,] 0.03342528 0.014562125 -1.429720e-02 0.0049257914 -0.002130809 0.002388618 0.008055082 0.01735424 0.013737146
          [,10]       [,11]       [,12]        [,13]
[1,] 0.01505329 0.011088402 0.008553831  0.009057733
[2,] 0.33915238 0.346484558 0.397781471  0.409564317
[3,] 0.15858482 0.164616926 0.173536662  0.176828737
[4,] 0.01075746 0.008989116 0.007050751  0.007056787
[5,] 0.01365208 0.015446601 0.002039960 -0.005751330

, , 2

            [,1]        [,2]        [,3]         [,4]        [,5]         [,6]          [,7]         [,8]         [,9]
[1,]  0.00000000 0.002066635 0.002522615  0.003158432 0.003133931  0.001338521  0.0004303119  0.002533044  0.003958288
[2,]  0.21650740 0.233944119 0.201143198  0.201198831 0.234778036  0.237011383  0.2116826955  0.247643649  0.240805858
[3,]  0.08620098 0.078982760 0.039257893  0.031872137 0.053316457  0.037007394  0.0245412332  0.032897979  0.013165309
[4,]  0.01076817 0.005527887 0.002908101  0.005290867 0.004739105  0.003125185  0.0003578636  0.004619981  0.005632762
[5,] -0.02116121 0.009823140 0.009239477 -0.002122615 0.003332470 -0.004567041 -0.0016195461 -0.001228723 -0.004125942
            [,10]       [,11]       [,12]         [,13]
[1,]  0.007301602 0.008328597 0.008853478  0.0045589258
[2,]  0.235518244 0.245344731 0.273734950  0.2791965144
[3,]  0.015510106 0.008192598 0.033201970  0.0308408829
[4,]  0.000208423 0.005481560 0.004309033  0.0008039768
[5,] -0.001473424 0.008543953 0.004273660 -0.0003030947

, , 3

             [,1]         [,2]        [,3]        [,4]        [,5]        [,6]        [,7]        [,8]         [,9]
[1,]  0.000000000  0.001495128 0.002166624 0.004033543 0.005211133 0.004872516 0.004175579 0.004743616  0.002680120
[2,]  0.000000000  0.058609716 0.072079088 0.114136803 0.116282698 0.154618546 0.246007465 0.278709987  0.238780093
[3,]  0.164227505  0.149448259 0.142510602 0.127866444 0.112230762 0.120616492 0.119604566 0.157797648  0.089441831
[4,] -0.004382999  0.004516078 0.007050190 0.008248744 0.009932942 0.007627820 0.011919404 0.010110806  0.010293287
[5,] -0.010009639 -0.001317077 0.010302440 0.008320809 0.013982442 0.008776313 0.018350005 0.012403297 -0.002100149
            [,10]        [,11]         [,12]        [,13]
[1,]  0.001660264  0.003392083 -0.0020458081 -0.006759531
[2,]  0.169676202  0.186268596  0.0207762777 -0.042886419
[3,]  0.059771545  0.006909810 -0.0712838552 -0.065910936
[4,]  0.004543511  0.002813722 -0.0009977959 -0.008851895
[5,] -0.010027380 -0.017050351  0.0073024635 -0.011437970

, , 4

           [,1]          [,2]          [,3]          [,4]         [,5]          [,6]         [,7]          [,8]        [,9]
[1,] 0.00000000  0.0009941205  9.595805e-06 -0.0008775606 -0.004213703 -0.0018580490  0.001492602  0.0029581008 0.011190184
[2,] 0.00000000 -0.0100499632  2.123035e-02  0.0111191002  0.061331365  0.0809660728  0.098262252  0.2046455837 0.225013862
[3,] 0.00000000  0.0166596546 -1.097039e-03 -0.0199798370  0.003048018  0.0263668847  0.049297635  0.0796701157 0.058721238
[4,] 0.02714531  0.0092718814 -1.355320e-03 -0.0011629778 -0.001885209  0.0003669537  0.002782830  0.0106453031 0.009211425
[5,] 0.05746834  0.0098265373 -1.327889e-02  0.0003707477 -0.006793356 -0.0116573927 -0.007587656 -0.0001801096 0.001761863
           [,10]      [,11]      [,12]        [,13]
[1,] 0.016372360 0.01567401 0.01143163  0.006635826
[2,] 0.239219090 0.32579886 0.43485429  0.495989674
[3,] 0.061645323 0.09385841 0.15722678  0.209815497
[4,] 0.004642426 0.01504599 0.01198392 -0.002348194
[5,] 0.003489963 0.02717834 0.01495463 -0.029440379

, , 5

          [,1]         [,2]         [,3]          [,4]          [,5]          [,6]          [,7]          [,8]         [,9]
[1,] 0.0000000 -0.001304533 -0.001646717 -0.0016945007 -0.0042995588  0.0017860712  0.0038789760 -0.0010177517  0.002739117
[2,] 0.0000000 -0.042385917  0.031286149  0.0100561770 -0.0610389456 -0.0780500588 -0.0005816179 -0.0523874320 -0.057115649
[3,] 0.0000000 -0.005759676  0.040930012  0.0009080517 -0.0685401949 -0.0283312463 -0.0137687184 -0.0066772560 -0.015734105
[4,] 0.0000000  0.004505629  0.003423139 -0.0021527482 -0.0018633652 -0.0005381135  0.0089588493 -0.0004085666 -0.003512665
[5,] 0.0945766 -0.022170246 -0.021498295  0.0142801125 -0.0009662785  0.0081982508  0.0037684431 -0.0024812095  0.005767872
             [,10]        [,11]         [,12]        [,13]
[1,] -0.0004836009 -0.001297075 -0.0056926060 -0.000803824
[2,] -0.0921144285 -0.064944184 -0.0962190451 -0.097525718
[3,] -0.0338553911 -0.012152794 -0.0422429385 -0.004643791
[4,]  0.0026968032 -0.001156377 -0.0005857738 -0.008587074
[5,] -0.0029765631 -0.011395876  0.0053119773 -0.027557430


$irf_lin_low
, , 1

           [,1]         [,2]         [,3]          [,4]          [,5]          [,6]         [,7]          [,8]          [,9]
[1,] 0.01814131  0.008008635  0.003756179  0.0004392761  0.0006029083 -0.0002773928  0.004611778 -0.0004379259 -0.0001450581
[2,] 0.03773799 -0.028819285 -0.020282180 -0.0689631518 -0.0645199268 -0.0889380056 -0.155732376 -0.1924665576 -0.2140602643
[3,] 0.03537023  0.001166187 -0.008262824 -0.0152311614 -0.0111715858 -0.0119760287 -0.002809695 -0.0674581430 -0.0365741994
[4,] 0.01289253 -0.008358075 -0.012961047 -0.0132287443 -0.0091090080 -0.0057418722 -0.007233500 -0.0039543949 -0.0078764099
[5,] 0.03342528 -0.033371735 -0.045410798 -0.0156612731 -0.0244366428 -0.0189751196 -0.019837265 -0.0195153414 -0.0107318991
             [,10]        [,11]        [,12]       [,13]
[1,] -0.0007794956 -0.005487792 -0.008701231 -0.01279156
[2,] -0.2063272631 -0.247784329 -0.188367697 -0.20217844
[3,] -0.0795278671 -0.071098335 -0.044188448 -0.03773852
[4,] -0.0093212433 -0.004287318 -0.007543133 -0.01501221
[5,] -0.0188813864 -0.026434465 -0.037170622 -0.04365600

, , 2

            [,1]          [,2]          [,3]          [,4]         [,5]         [,6]         [,7]         [,8]         [,9]
[1,]  0.00000000 -8.745446e-05 -8.270214e-05 -0.0008335067 -0.001593648 -0.004261721 -0.006188860 -0.005835241 -0.004557480
[2,]  0.21650740  1.924262e-01  1.305380e-01  0.1047641696  0.117735870  0.085600601  0.008202266 -0.070976818 -0.116509268
[3,]  0.08620098  4.185626e-02 -1.128936e-02 -0.0310079946 -0.015633438 -0.040931342 -0.060201568 -0.103807663 -0.120569560
[4,]  0.01076817  6.328807e-04 -1.382389e-03 -0.0002729368 -0.001054170 -0.003527139 -0.008770204 -0.004642918 -0.002230578
[5,] -0.02116121 -1.980014e-03  2.416189e-05 -0.0129578520 -0.010646296 -0.015938189 -0.020773409 -0.018777300 -0.020289461
             [,10]        [,11]        [,12]       [,13]
[1,] -0.0006293948 -0.001823099 -0.004472942 -0.01404332
[2,] -0.1147982664 -0.119836841 -0.124906227 -0.14982753
[3,] -0.1312931074 -0.128845551 -0.112263768 -0.13358183
[4,] -0.0108755954 -0.003461404 -0.005391443 -0.01331914
[5,] -0.0205071018 -0.015276298 -0.022613390 -0.01413344

, , 3

             [,1]         [,2]        [,3]        [,4]        [,5]        [,6]          [,7]        [,8]         [,9]
[1,]  0.000000000 0.0009899768 0.001023722 0.002052620 0.002596751 0.001940970 -0.0002166134 0.000178961 -0.001209815
[2,]  0.000000000 0.0376913494 0.044207694 0.094696709 0.084027190 0.115066696  0.1720367046 0.112222089  0.053490612
[3,]  0.164227505 0.1294451461 0.120997290 0.111751781 0.103649011 0.114954818  0.0969430626 0.083571139  0.025891646
[4,] -0.004382999 0.0025434127 0.006372394 0.006512630 0.007218633 0.004259776  0.0078837680 0.006317696  0.005699414
[5,] -0.010009639 0.0008049906 0.008692851 0.002327245 0.002890767 0.005621799  0.0014764557 0.004090483 -0.012248719
            [,10]         [,11]        [,12]       [,13]
[1,] -0.001894436 -0.0005910788 -0.009216373 -0.01890633
[2,]  0.017436947  0.0518662885 -0.130302372 -0.22228820
[3,] -0.003329532 -0.0247581927 -0.120309928 -0.13803503
[4,]  0.001459004 -0.0021122018 -0.004481528 -0.01267753
[5,] -0.019809435 -0.0206329715 -0.007581375 -0.01703007

, , 4

           [,1]         [,2]         [,3]        [,4]         [,5]         [,6]         [,7]         [,8]          [,9]
[1,] 0.00000000 -0.005463809 -0.007414111 -0.00916289 -0.011555264 -0.011576377 -0.007529849 -0.010272368 -0.0026976922
[2,] 0.00000000 -0.078297128 -0.092954349 -0.16452321 -0.113778789 -0.138503737 -0.191320647 -0.117134150 -0.1345935691
[3,] 0.00000000 -0.040863653 -0.085920083 -0.13218986 -0.115776516 -0.100424792 -0.078144038 -0.063301552 -0.0956200126
[4,] 0.02714531 -0.002027523 -0.013739389 -0.01275829 -0.009217009 -0.009066643 -0.009929927 -0.001984619 -0.0007359454
[5,] 0.05746834 -0.039636940 -0.038781862 -0.01775330 -0.025602706 -0.032351701 -0.032019721 -0.021499925 -0.0174691398
            [,10]        [,11]         [,12]        [,13]
[1,]  0.003793134  0.001904186 -0.0020402602 -0.006962144
[2,] -0.168014110 -0.143040795 -0.0129976135  0.081590135
[3,] -0.130084588 -0.122485097 -0.0233930066  0.045999829
[4,] -0.014110728  0.005677089  0.0005865753 -0.022469760
[5,] -0.023722164 -0.019888567 -0.0192913821 -0.072197263

, , 5

          [,1]         [,2]         [,3]         [,4]         [,5]         [,6]          [,7]         [,8]         [,9]
[1,] 0.0000000 -0.005625267 -0.007477119 -0.007219693 -0.008034332 -0.003449987 -0.0004776478 -0.006543182 -0.002629489
[2,] 0.0000000 -0.081331225 -0.019007184 -0.061379945 -0.132563840 -0.157767229 -0.1124366028 -0.148739159 -0.156540733
[3,] 0.0000000 -0.033487473 -0.002177999 -0.052863823 -0.118883163 -0.071316238 -0.0648924962 -0.054404315 -0.066905278
[4,] 0.0000000 -0.002683873 -0.005038373 -0.008578450 -0.004765646 -0.004791583  0.0046686351 -0.004497185 -0.008004152
[5,] 0.0945766 -0.058752642 -0.038813416  0.005798934 -0.009765300  0.001460850 -0.0115120453 -0.014423720 -0.001465687
            [,10]        [,11]        [,12]        [,13]
[1,] -0.006599064 -0.007435708 -0.012229964 -0.007832132
[2,] -0.206564750 -0.196380269 -0.225723781 -0.215668581
[3,] -0.093052847 -0.069190203 -0.099685583 -0.055763846
[4,] -0.003814770 -0.005314892 -0.006138204 -0.019312574
[5,] -0.012692399 -0.030180692 -0.011660233 -0.066811111


$irf_lin_up
, , 1

           [,1]       [,2]       [,3]       [,4]       [,5]       [,6]       [,7]       [,8]       [,9]      [,10]
[1,] 0.01814131 0.02115158 0.02144584 0.02082616 0.02037040 0.02342651 0.02817583 0.03210062 0.03294455 0.03088608
[2,] 0.03773799 0.12687236 0.25227652 0.35335770 0.41801297 0.50654560 0.60465480 0.72092451 0.79673574 0.88463202
[3,] 0.03537023 0.12026985 0.18539213 0.23737038 0.27115844 0.30667991 0.35841288 0.37997152 0.38031530 0.39669751
[4,] 0.01289253 0.01559988 0.01308157 0.01452239 0.01192340 0.01760138 0.02098061 0.02698021 0.02452934 0.03083616
[5,] 0.03342528 0.06249598 0.01681640 0.02551286 0.02017502 0.02375236 0.03594743 0.05422381 0.03820619 0.04618555
          [,11]      [,12]      [,13]
[1,] 0.02766460 0.02580889 0.03090702
[2,] 0.94075344 0.98393064 1.02130707
[3,] 0.40033219 0.39126177 0.39139599
[4,] 0.02226555 0.02164464 0.02912578
[5,] 0.05732767 0.04125054 0.03215334

, , 2

            [,1]        [,2]        [,3]        [,4]       [,5]        [,6]        [,7]       [,8]       [,9]      [,10]
[1,]  0.00000000 0.004220725 0.005127932 0.007150371 0.00786151 0.006938762 0.007049484 0.01090133 0.01247406 0.01523260
[2,]  0.21650740 0.275462014 0.271748425 0.297633493 0.35182020 0.388422165 0.415163125 0.56626412 0.59812098 0.58583475
[3,]  0.08620098 0.116109262 0.089805148 0.094752269 0.12226635 0.114946130 0.109284034 0.16960362 0.14690018 0.16231332
[4,]  0.01076817 0.010422894 0.007198592 0.010854670 0.01053238 0.009777509 0.009485932 0.01388288 0.01349610 0.01129244
[5,] -0.02116121 0.021626294 0.018454793 0.008712622 0.01731123 0.006804106 0.017534317 0.01631985 0.01203758 0.01756025
          [,11]      [,12]      [,13]
[1,] 0.01848029 0.02217990 0.02316117
[2,] 0.61052630 0.67237613 0.70822056
[3,] 0.14523075 0.17866771 0.19526359
[4,] 0.01442453 0.01400951 0.01492709
[5,] 0.03236420 0.03116071 0.01352725

, , 3

             [,1]         [,2]        [,3]        [,4]        [,5]        [,6]       [,7]       [,8]        [,9]
[1,]  0.000000000  0.002000280 0.003309526 0.006014466 0.007825515 0.007804062 0.00856777 0.00930827 0.006570054
[2,]  0.000000000  0.079528082 0.099950482 0.133576898 0.148538206 0.194170397 0.31997823 0.44519789 0.424069574
[3,]  0.164227505  0.169451372 0.164023913 0.143981107 0.120812514 0.126278166 0.14226607 0.23202416 0.152992016
[4,] -0.004382999  0.006488743 0.007727986 0.009984857 0.012647250 0.010995864 0.01595504 0.01390392 0.014887159
[5,] -0.010009639 -0.003439144 0.011912029 0.014314372 0.025074116 0.011930827 0.03522355 0.02071611 0.008048422
             [,10]        [,11]        [,12]        [,13]
[1,]  0.0052149643  0.007375244  0.005124757  0.005387265
[2,]  0.3219154565  0.320670904  0.171854928  0.136515364
[3,]  0.1228726217  0.038577814 -0.022257782  0.006213162
[4,]  0.0076280178  0.007739646  0.002485936 -0.005026257
[5,] -0.0002453252 -0.013467730  0.022186302 -0.005845874

, , 4

           [,1]       [,2]        [,3]        [,4]        [,5]        [,6]       [,7]       [,8]       [,9]      [,10]
[1,] 0.00000000 0.00745205 0.007433303 0.007407768 0.003127859 0.007860279 0.01051505 0.01618857 0.02507806 0.02895159
[2,] 0.00000000 0.05819720 0.135415052 0.186761406 0.236441518 0.300435882 0.38784515 0.52642532 0.58462129 0.64645229
[3,] 0.00000000 0.07418296 0.083726004 0.092230182 0.121872552 0.153158561 0.17673931 0.22264178 0.21306249 0.25337523
[4,] 0.02714531 0.02057129 0.011028749 0.010432332 0.005446591 0.009800550 0.01549559 0.02327523 0.01915880 0.02339558
[5,] 0.05746834 0.05929001 0.012224083 0.018494795 0.012015994 0.009036916 0.01684441 0.02113971 0.02099287 0.03070209
          [,11]      [,12]      [,13]
[1,] 0.02944382 0.02490351 0.02023380
[2,] 0.79463851 0.88270619 0.91038921
[3,] 0.31020192 0.33784657 0.37363117
[4,] 0.02441490 0.02338127 0.01777337
[5,] 0.07424525 0.04920064 0.01331650

, , 5

          [,1]         [,2]         [,3]        [,4]          [,5]        [,6]       [,7]        [,8]         [,9]
[1,] 0.0000000  0.003016200  0.004183685 0.003830692 -0.0005647855 0.007022130 0.00823560 0.004507678 0.0081077240
[2,] 0.0000000 -0.003440609  0.081579482 0.081492299  0.0104859484 0.001667112 0.11127337 0.043964295 0.0423094352
[3,] 0.0000000  0.021968121  0.084038024 0.054679926 -0.0181972273 0.014653746 0.03735506 0.041049803 0.0354370688
[4,] 0.0000000  0.011695131  0.011884651 0.004272954  0.0010389154 0.003715356 0.01324906 0.003680052 0.0009788222
[5,] 0.0945766  0.014412150 -0.004183175 0.022761291  0.0078327428 0.014935652 0.01904893 0.009461301 0.0130014301
           [,10]       [,11]       [,12]       [,13]
[1,] 0.005631863 0.004841558 0.000844752 0.006224484
[2,] 0.022335893 0.066491901 0.033285691 0.020617145
[3,] 0.025342065 0.044884615 0.015199706 0.046476263
[4,] 0.009208377 0.003002138 0.004966656 0.002138426
[5,] 0.006739273 0.007388940 0.022284188 0.011696252


$diagnostic_list
$diagnostic_list$`Shock: debt`
$diagnostic_list$`Shock: debt`[[1]]
                               R-sqrd. Adj. R-sqrd.     F-stat      p-value
h1:debt                      0.8568080   0.80352723  16.081004 3.462172e-13
h1:inflation_expectations_1y 0.9771537   0.96865270 114.946230 6.045233e-30
h1:inflation_expectations_3y 0.8873200   0.84539259  21.163232 2.526932e-15
h1:inflation                 0.5624234   0.39960416   3.454281 6.033842e-04
h1:economic_activity         0.3104916   0.05393033   1.210204 2.993353e-01

$diagnostic_list$`Shock: debt`[[2]]
                               R-sqrd. Adj. R-sqrd.    F-stat      p-value
h2:debt                      0.7170492   0.60925840  6.652231 4.026211e-07
h2:inflation_expectations_1y 0.9525188   0.93443074 52.660056 1.378343e-22
h2:inflation_expectations_3y 0.7948579   0.71670859 10.171011 9.228975e-10
h2:inflation                 0.4105640   0.18601700  1.828410 5.954616e-02
h2:economic_activity         0.2915736   0.02169688  1.080396 4.021331e-01

$diagnostic_list$`Shock: debt`[[3]]
                               R-sqrd. Adj. R-sqrd.    F-stat      p-value
h3:debt                      0.6430456  0.503746294  4.616288 3.809981e-05
h3:inflation_expectations_1y 0.9307039  0.903661553 34.416506 1.092347e-18
h3:inflation_expectations_3y 0.7013738  0.584836682  6.018460 1.722784e-06
h3:inflation                 0.4227020  0.197415022  1.876282 5.298631e-02
h3:economic_activity         0.2875712  0.009550173  1.034351 4.436475e-01

$diagnostic_list$`Shock: debt`[[4]]
                               R-sqrd. Adj. R-sqrd.    F-stat      p-value
h4:debt                      0.6259022   0.47626314  4.182745 1.190767e-04
h4:inflation_expectations_1y 0.8985352   0.85794928 22.139086 5.834796e-15
h4:inflation_expectations_3y 0.6619598   0.52674374  4.895570 2.247176e-05
h4:inflation                 0.4306927   0.20296978  1.891301 5.174127e-02
h4:economic_activity         0.3015827   0.02221579  1.079522 4.043086e-01

$diagnostic_list$`Shock: debt`[[5]]
                               R-sqrd. Adj. R-sqrd.     F-stat      p-value
h5:debt                      0.5896660   0.42132390  3.5027833 7.007915e-04
h5:inflation_expectations_1y 0.8569060   0.79820077 14.5967576 9.426048e-12
h5:inflation_expectations_3y 0.6226690   0.46786648  4.0223448 1.930963e-04
h5:inflation                 0.3959577   0.14814542  1.5978132 1.157411e-01
h5:economic_activity         0.2819512  -0.01263292  0.9571161 5.176190e-01

$diagnostic_list$`Shock: debt`[[6]]
                               R-sqrd. Adj. R-sqrd.     F-stat      p-value
h6:debt                      0.6945131    0.5658870  5.3994738 9.883205e-06
h6:inflation_expectations_1y 0.8130764    0.7343717 10.3307237 2.434880e-09
h6:inflation_expectations_3y 0.6306597    0.4751480  4.0553839 1.962028e-04
h6:inflation                 0.4605154    0.2333640  2.0273501 3.719343e-02
h6:economic_activity         0.2680293   -0.0401689  0.8696654 6.053717e-01

$diagnostic_list$`Shock: debt`[[7]]
                               R-sqrd. Adj. R-sqrd.   F-stat      p-value
h7:debt                      0.6211388    0.4573069 3.791318 4.043758e-04
h7:inflation_expectations_1y 0.7579745    0.6533149 7.242280 3.642266e-07
h7:inflation_expectations_3y 0.5117824    0.3006613 2.424118 1.315358e-02
h7:inflation                 0.4607729    0.2275935 1.976045 4.369924e-02
h7:economic_activity         0.1770682   -0.1787941 0.497575 9.323634e-01

$diagnostic_list$`Shock: debt`[[8]]
                               R-sqrd. Adj. R-sqrd.    F-stat      p-value
h8:debt                      0.5932077   0.41241107 3.2810776 1.519547e-03
h8:inflation_expectations_1y 0.6960989   0.56103176 5.1537247 2.203979e-05
h8:inflation_expectations_3y 0.4239787   0.16796924 1.6561056 1.032877e-01
h8:inflation                 0.3391932   0.04550131 1.1549287 3.470539e-01
h8:economic_activity         0.2786434  -0.04195959 0.8691229 6.059988e-01

$diagnostic_list$`Shock: debt`[[9]]
                               R-sqrd. Adj. R-sqrd.    F-stat      p-value
h9:debt                      0.5517894  0.346893115 2.6930181 0.0071034492
h9:inflation_expectations_1y 0.6476226  0.486535825 4.0203333 0.0002874714
h9:inflation_expectations_3y 0.3200743  0.009251085 1.0297632 0.4516676513
h9:inflation                 0.3124350 -0.001880381 0.9940175 0.4842799747
h9:economic_activity         0.2786890 -0.051053162 0.8451725 0.6302486292

$diagnostic_list$`Shock: debt`[[10]]
                                R-sqrd. Adj. R-sqrd.    F-stat     p-value
h10:debt                      0.4724147   0.22413919 1.9027843 0.056691404
h10:inflation_expectations_1y 0.5866267   0.39209813 3.0156324 0.003349958
h10:inflation_expectations_3y 0.2774467  -0.06257835 0.8159596 0.659695192
h10:inflation                 0.2803383  -0.05832609 0.8277761 0.647760115
h10:economic_activity         0.3120309  -0.01171923 0.9638016 0.513213738

$diagnostic_list$`Shock: debt`[[11]]
                                R-sqrd. Adj. R-sqrd.    F-stat    p-value
h11:debt                      0.4402140   0.16880267 1.6219440 0.11756137
h11:inflation_expectations_1y 0.5514284   0.33393907 2.5354277 0.01166672
h11:inflation_expectations_3y 0.2975470  -0.04303628 0.8736395 0.60162779
h11:inflation                 0.2176616  -0.16165401 0.5738271 0.88090541
h11:economic_activity         0.2735261  -0.07870370 0.7765558 0.69901970

$diagnostic_list$`Shock: debt`[[12]]
                                R-sqrd. Adj. R-sqrd.   F-stat    p-value
h12:debt                      0.4147303  0.122095377 1.417228 0.19525679
h12:inflation_expectations_1y 0.4972322  0.245848301 1.977980 0.04921614
h12:inflation_expectations_3y 0.3541660  0.031249014 1.096771 0.39725480
h12:inflation                 0.2234659 -0.164801094 0.575547 0.87897354
h12:economic_activity         0.3385153  0.007772905 1.023501 0.45955860


$diagnostic_list$`Shock: inflation_expectations_1y`
$diagnostic_list$`Shock: inflation_expectations_1y`[[1]]
                               R-sqrd. Adj. R-sqrd.     F-stat      p-value
h1:debt                      0.8568080   0.80352723  16.081004 3.462172e-13
h1:inflation_expectations_1y 0.9771537   0.96865270 114.946230 6.045233e-30
h1:inflation_expectations_3y 0.8873200   0.84539259  21.163232 2.526932e-15
h1:inflation                 0.5624234   0.39960416   3.454281 6.033842e-04
h1:economic_activity         0.3104916   0.05393033   1.210204 2.993353e-01

$diagnostic_list$`Shock: inflation_expectations_1y`[[2]]
                               R-sqrd. Adj. R-sqrd.    F-stat      p-value
h2:debt                      0.7170492   0.60925840  6.652231 4.026211e-07
h2:inflation_expectations_1y 0.9525188   0.93443074 52.660056 1.378343e-22
h2:inflation_expectations_3y 0.7948579   0.71670859 10.171011 9.228975e-10
h2:inflation                 0.4105640   0.18601700  1.828410 5.954616e-02
h2:economic_activity         0.2915736   0.02169688  1.080396 4.021331e-01

$diagnostic_list$`Shock: inflation_expectations_1y`[[3]]
                               R-sqrd. Adj. R-sqrd.    F-stat      p-value
h3:debt                      0.6430456  0.503746294  4.616288 3.809981e-05
h3:inflation_expectations_1y 0.9307039  0.903661553 34.416506 1.092347e-18
h3:inflation_expectations_3y 0.7013738  0.584836682  6.018460 1.722784e-06
h3:inflation                 0.4227020  0.197415022  1.876282 5.298631e-02
h3:economic_activity         0.2875712  0.009550173  1.034351 4.436475e-01

$diagnostic_list$`Shock: inflation_expectations_1y`[[4]]
                               R-sqrd. Adj. R-sqrd.    F-stat      p-value
h4:debt                      0.6259022   0.47626314  4.182745 1.190767e-04
h4:inflation_expectations_1y 0.8985352   0.85794928 22.139086 5.834796e-15
h4:inflation_expectations_3y 0.6619598   0.52674374  4.895570 2.247176e-05
h4:inflation                 0.4306927   0.20296978  1.891301 5.174127e-02
h4:economic_activity         0.3015827   0.02221579  1.079522 4.043086e-01

$diagnostic_list$`Shock: inflation_expectations_1y`[[5]]
                               R-sqrd. Adj. R-sqrd.     F-stat      p-value
h5:debt                      0.5896660   0.42132390  3.5027833 7.007915e-04
h5:inflation_expectations_1y 0.8569060   0.79820077 14.5967576 9.426048e-12
h5:inflation_expectations_3y 0.6226690   0.46786648  4.0223448 1.930963e-04
h5:inflation                 0.3959577   0.14814542  1.5978132 1.157411e-01
h5:economic_activity         0.2819512  -0.01263292  0.9571161 5.176190e-01

$diagnostic_list$`Shock: inflation_expectations_1y`[[6]]
                               R-sqrd. Adj. R-sqrd.     F-stat      p-value
h6:debt                      0.6945131    0.5658870  5.3994738 9.883205e-06
h6:inflation_expectations_1y 0.8130764    0.7343717 10.3307237 2.434880e-09
h6:inflation_expectations_3y 0.6306597    0.4751480  4.0553839 1.962028e-04
h6:inflation                 0.4605154    0.2333640  2.0273501 3.719343e-02
h6:economic_activity         0.2680293   -0.0401689  0.8696654 6.053717e-01

$diagnostic_list$`Shock: inflation_expectations_1y`[[7]]
                               R-sqrd. Adj. R-sqrd.   F-stat      p-value
h7:debt                      0.6211388    0.4573069 3.791318 4.043758e-04
h7:inflation_expectations_1y 0.7579745    0.6533149 7.242280 3.642266e-07
h7:inflation_expectations_3y 0.5117824    0.3006613 2.424118 1.315358e-02
h7:inflation                 0.4607729    0.2275935 1.976045 4.369924e-02
h7:economic_activity         0.1770682   -0.1787941 0.497575 9.323634e-01

$diagnostic_list$`Shock: inflation_expectations_1y`[[8]]
                               R-sqrd. Adj. R-sqrd.    F-stat      p-value
h8:debt                      0.5932077   0.41241107 3.2810776 1.519547e-03
h8:inflation_expectations_1y 0.6960989   0.56103176 5.1537247 2.203979e-05
h8:inflation_expectations_3y 0.4239787   0.16796924 1.6561056 1.032877e-01
h8:inflation                 0.3391932   0.04550131 1.1549287 3.470539e-01
h8:economic_activity         0.2786434  -0.04195959 0.8691229 6.059988e-01

$diagnostic_list$`Shock: inflation_expectations_1y`[[9]]
                               R-sqrd. Adj. R-sqrd.    F-stat      p-value
h9:debt                      0.5517894  0.346893115 2.6930181 0.0071034492
h9:inflation_expectations_1y 0.6476226  0.486535825 4.0203333 0.0002874714
h9:inflation_expectations_3y 0.3200743  0.009251085 1.0297632 0.4516676513
h9:inflation                 0.3124350 -0.001880381 0.9940175 0.4842799747
h9:economic_activity         0.2786890 -0.051053162 0.8451725 0.6302486292

$diagnostic_list$`Shock: inflation_expectations_1y`[[10]]
                                R-sqrd. Adj. R-sqrd.    F-stat     p-value
h10:debt                      0.4724147   0.22413919 1.9027843 0.056691404
h10:inflation_expectations_1y 0.5866267   0.39209813 3.0156324 0.003349958
h10:inflation_expectations_3y 0.2774467  -0.06257835 0.8159596 0.659695192
h10:inflation                 0.2803383  -0.05832609 0.8277761 0.647760115
h10:economic_activity         0.3120309  -0.01171923 0.9638016 0.513213738

$diagnostic_list$`Shock: inflation_expectations_1y`[[11]]
                                R-sqrd. Adj. R-sqrd.    F-stat    p-value
h11:debt                      0.4402140   0.16880267 1.6219440 0.11756137
h11:inflation_expectations_1y 0.5514284   0.33393907 2.5354277 0.01166672
h11:inflation_expectations_3y 0.2975470  -0.04303628 0.8736395 0.60162779
h11:inflation                 0.2176616  -0.16165401 0.5738271 0.88090541
h11:economic_activity         0.2735261  -0.07870370 0.7765558 0.69901970

$diagnostic_list$`Shock: inflation_expectations_1y`[[12]]
                                R-sqrd. Adj. R-sqrd.   F-stat    p-value
h12:debt                      0.4147303  0.122095377 1.417228 0.19525679
h12:inflation_expectations_1y 0.4972322  0.245848301 1.977980 0.04921614
h12:inflation_expectations_3y 0.3541660  0.031249014 1.096771 0.39725480
h12:inflation                 0.2234659 -0.164801094 0.575547 0.87897354
h12:economic_activity         0.3385153  0.007772905 1.023501 0.45955860


$diagnostic_list$`Shock: inflation_expectations_3y`
$diagnostic_list$`Shock: inflation_expectations_3y`[[1]]
                               R-sqrd. Adj. R-sqrd.     F-stat      p-value
h1:debt                      0.8568080   0.80352723  16.081004 3.462172e-13
h1:inflation_expectations_1y 0.9771537   0.96865270 114.946230 6.045233e-30
h1:inflation_expectations_3y 0.8873200   0.84539259  21.163232 2.526932e-15
h1:inflation                 0.5624234   0.39960416   3.454281 6.033842e-04
h1:economic_activity         0.3104916   0.05393033   1.210204 2.993353e-01

$diagnostic_list$`Shock: inflation_expectations_3y`[[2]]
                               R-sqrd. Adj. R-sqrd.    F-stat      p-value
h2:debt                      0.7170492   0.60925840  6.652231 4.026211e-07
h2:inflation_expectations_1y 0.9525188   0.93443074 52.660056 1.378343e-22
h2:inflation_expectations_3y 0.7948579   0.71670859 10.171011 9.228975e-10
h2:inflation                 0.4105640   0.18601700  1.828410 5.954616e-02
h2:economic_activity         0.2915736   0.02169688  1.080396 4.021331e-01

$diagnostic_list$`Shock: inflation_expectations_3y`[[3]]
                               R-sqrd. Adj. R-sqrd.    F-stat      p-value
h3:debt                      0.6430456  0.503746294  4.616288 3.809981e-05
h3:inflation_expectations_1y 0.9307039  0.903661553 34.416506 1.092347e-18
h3:inflation_expectations_3y 0.7013738  0.584836682  6.018460 1.722784e-06
h3:inflation                 0.4227020  0.197415022  1.876282 5.298631e-02
h3:economic_activity         0.2875712  0.009550173  1.034351 4.436475e-01

$diagnostic_list$`Shock: inflation_expectations_3y`[[4]]
                               R-sqrd. Adj. R-sqrd.    F-stat      p-value
h4:debt                      0.6259022   0.47626314  4.182745 1.190767e-04
h4:inflation_expectations_1y 0.8985352   0.85794928 22.139086 5.834796e-15
h4:inflation_expectations_3y 0.6619598   0.52674374  4.895570 2.247176e-05
h4:inflation                 0.4306927   0.20296978  1.891301 5.174127e-02
h4:economic_activity         0.3015827   0.02221579  1.079522 4.043086e-01

$diagnostic_list$`Shock: inflation_expectations_3y`[[5]]
                               R-sqrd. Adj. R-sqrd.     F-stat      p-value
h5:debt                      0.5896660   0.42132390  3.5027833 7.007915e-04
h5:inflation_expectations_1y 0.8569060   0.79820077 14.5967576 9.426048e-12
h5:inflation_expectations_3y 0.6226690   0.46786648  4.0223448 1.930963e-04
h5:inflation                 0.3959577   0.14814542  1.5978132 1.157411e-01
h5:economic_activity         0.2819512  -0.01263292  0.9571161 5.176190e-01

$diagnostic_list$`Shock: inflation_expectations_3y`[[6]]
                               R-sqrd. Adj. R-sqrd.     F-stat      p-value
h6:debt                      0.6945131    0.5658870  5.3994738 9.883205e-06
h6:inflation_expectations_1y 0.8130764    0.7343717 10.3307237 2.434880e-09
h6:inflation_expectations_3y 0.6306597    0.4751480  4.0553839 1.962028e-04
h6:inflation                 0.4605154    0.2333640  2.0273501 3.719343e-02
h6:economic_activity         0.2680293   -0.0401689  0.8696654 6.053717e-01

$diagnostic_list$`Shock: inflation_expectations_3y`[[7]]
                               R-sqrd. Adj. R-sqrd.   F-stat      p-value
h7:debt                      0.6211388    0.4573069 3.791318 4.043758e-04
h7:inflation_expectations_1y 0.7579745    0.6533149 7.242280 3.642266e-07
h7:inflation_expectations_3y 0.5117824    0.3006613 2.424118 1.315358e-02
h7:inflation                 0.4607729    0.2275935 1.976045 4.369924e-02
h7:economic_activity         0.1770682   -0.1787941 0.497575 9.323634e-01

$diagnostic_list$`Shock: inflation_expectations_3y`[[8]]
                               R-sqrd. Adj. R-sqrd.    F-stat      p-value
h8:debt                      0.5932077   0.41241107 3.2810776 1.519547e-03
h8:inflation_expectations_1y 0.6960989   0.56103176 5.1537247 2.203979e-05
h8:inflation_expectations_3y 0.4239787   0.16796924 1.6561056 1.032877e-01
h8:inflation                 0.3391932   0.04550131 1.1549287 3.470539e-01
h8:economic_activity         0.2786434  -0.04195959 0.8691229 6.059988e-01

$diagnostic_list$`Shock: inflation_expectations_3y`[[9]]
                               R-sqrd. Adj. R-sqrd.    F-stat      p-value
h9:debt                      0.5517894  0.346893115 2.6930181 0.0071034492
h9:inflation_expectations_1y 0.6476226  0.486535825 4.0203333 0.0002874714
h9:inflation_expectations_3y 0.3200743  0.009251085 1.0297632 0.4516676513
h9:inflation                 0.3124350 -0.001880381 0.9940175 0.4842799747
h9:economic_activity         0.2786890 -0.051053162 0.8451725 0.6302486292

$diagnostic_list$`Shock: inflation_expectations_3y`[[10]]
                                R-sqrd. Adj. R-sqrd.    F-stat     p-value
h10:debt                      0.4724147   0.22413919 1.9027843 0.056691404
h10:inflation_expectations_1y 0.5866267   0.39209813 3.0156324 0.003349958
h10:inflation_expectations_3y 0.2774467  -0.06257835 0.8159596 0.659695192
h10:inflation                 0.2803383  -0.05832609 0.8277761 0.647760115
h10:economic_activity         0.3120309  -0.01171923 0.9638016 0.513213738

$diagnostic_list$`Shock: inflation_expectations_3y`[[11]]
                                R-sqrd. Adj. R-sqrd.    F-stat    p-value
h11:debt                      0.4402140   0.16880267 1.6219440 0.11756137
h11:inflation_expectations_1y 0.5514284   0.33393907 2.5354277 0.01166672
h11:inflation_expectations_3y 0.2975470  -0.04303628 0.8736395 0.60162779
h11:inflation                 0.2176616  -0.16165401 0.5738271 0.88090541
h11:economic_activity         0.2735261  -0.07870370 0.7765558 0.69901970

$diagnostic_list$`Shock: inflation_expectations_3y`[[12]]
                                R-sqrd. Adj. R-sqrd.   F-stat    p-value
h12:debt                      0.4147303  0.122095377 1.417228 0.19525679
h12:inflation_expectations_1y 0.4972322  0.245848301 1.977980 0.04921614
h12:inflation_expectations_3y 0.3541660  0.031249014 1.096771 0.39725480
h12:inflation                 0.2234659 -0.164801094 0.575547 0.87897354
h12:economic_activity         0.3385153  0.007772905 1.023501 0.45955860


$diagnostic_list$`Shock: inflation`
$diagnostic_list$`Shock: inflation`[[1]]
                               R-sqrd. Adj. R-sqrd.     F-stat      p-value
h1:debt                      0.8568080   0.80352723  16.081004 3.462172e-13
h1:inflation_expectations_1y 0.9771537   0.96865270 114.946230 6.045233e-30
h1:inflation_expectations_3y 0.8873200   0.84539259  21.163232 2.526932e-15
h1:inflation                 0.5624234   0.39960416   3.454281 6.033842e-04
h1:economic_activity         0.3104916   0.05393033   1.210204 2.993353e-01

$diagnostic_list$`Shock: inflation`[[2]]
                               R-sqrd. Adj. R-sqrd.    F-stat      p-value
h2:debt                      0.7170492   0.60925840  6.652231 4.026211e-07
h2:inflation_expectations_1y 0.9525188   0.93443074 52.660056 1.378343e-22
h2:inflation_expectations_3y 0.7948579   0.71670859 10.171011 9.228975e-10
h2:inflation                 0.4105640   0.18601700  1.828410 5.954616e-02
h2:economic_activity         0.2915736   0.02169688  1.080396 4.021331e-01

$diagnostic_list$`Shock: inflation`[[3]]
                               R-sqrd. Adj. R-sqrd.    F-stat      p-value
h3:debt                      0.6430456  0.503746294  4.616288 3.809981e-05
h3:inflation_expectations_1y 0.9307039  0.903661553 34.416506 1.092347e-18
h3:inflation_expectations_3y 0.7013738  0.584836682  6.018460 1.722784e-06
h3:inflation                 0.4227020  0.197415022  1.876282 5.298631e-02
h3:economic_activity         0.2875712  0.009550173  1.034351 4.436475e-01

$diagnostic_list$`Shock: inflation`[[4]]
                               R-sqrd. Adj. R-sqrd.    F-stat      p-value
h4:debt                      0.6259022   0.47626314  4.182745 1.190767e-04
h4:inflation_expectations_1y 0.8985352   0.85794928 22.139086 5.834796e-15
h4:inflation_expectations_3y 0.6619598   0.52674374  4.895570 2.247176e-05
h4:inflation                 0.4306927   0.20296978  1.891301 5.174127e-02
h4:economic_activity         0.3015827   0.02221579  1.079522 4.043086e-01

$diagnostic_list$`Shock: inflation`[[5]]
                               R-sqrd. Adj. R-sqrd.     F-stat      p-value
h5:debt                      0.5896660   0.42132390  3.5027833 7.007915e-04
h5:inflation_expectations_1y 0.8569060   0.79820077 14.5967576 9.426048e-12
h5:inflation_expectations_3y 0.6226690   0.46786648  4.0223448 1.930963e-04
h5:inflation                 0.3959577   0.14814542  1.5978132 1.157411e-01
h5:economic_activity         0.2819512  -0.01263292  0.9571161 5.176190e-01

$diagnostic_list$`Shock: inflation`[[6]]
                               R-sqrd. Adj. R-sqrd.     F-stat      p-value
h6:debt                      0.6945131    0.5658870  5.3994738 9.883205e-06
h6:inflation_expectations_1y 0.8130764    0.7343717 10.3307237 2.434880e-09
h6:inflation_expectations_3y 0.6306597    0.4751480  4.0553839 1.962028e-04
h6:inflation                 0.4605154    0.2333640  2.0273501 3.719343e-02
h6:economic_activity         0.2680293   -0.0401689  0.8696654 6.053717e-01

$diagnostic_list$`Shock: inflation`[[7]]
                               R-sqrd. Adj. R-sqrd.   F-stat      p-value
h7:debt                      0.6211388    0.4573069 3.791318 4.043758e-04
h7:inflation_expectations_1y 0.7579745    0.6533149 7.242280 3.642266e-07
h7:inflation_expectations_3y 0.5117824    0.3006613 2.424118 1.315358e-02
h7:inflation                 0.4607729    0.2275935 1.976045 4.369924e-02
h7:economic_activity         0.1770682   -0.1787941 0.497575 9.323634e-01

$diagnostic_list$`Shock: inflation`[[8]]
                               R-sqrd. Adj. R-sqrd.    F-stat      p-value
h8:debt                      0.5932077   0.41241107 3.2810776 1.519547e-03
h8:inflation_expectations_1y 0.6960989   0.56103176 5.1537247 2.203979e-05
h8:inflation_expectations_3y 0.4239787   0.16796924 1.6561056 1.032877e-01
h8:inflation                 0.3391932   0.04550131 1.1549287 3.470539e-01
h8:economic_activity         0.2786434  -0.04195959 0.8691229 6.059988e-01

$diagnostic_list$`Shock: inflation`[[9]]
                               R-sqrd. Adj. R-sqrd.    F-stat      p-value
h9:debt                      0.5517894  0.346893115 2.6930181 0.0071034492
h9:inflation_expectations_1y 0.6476226  0.486535825 4.0203333 0.0002874714
h9:inflation_expectations_3y 0.3200743  0.009251085 1.0297632 0.4516676513
h9:inflation                 0.3124350 -0.001880381 0.9940175 0.4842799747
h9:economic_activity         0.2786890 -0.051053162 0.8451725 0.6302486292

$diagnostic_list$`Shock: inflation`[[10]]
                                R-sqrd. Adj. R-sqrd.    F-stat     p-value
h10:debt                      0.4724147   0.22413919 1.9027843 0.056691404
h10:inflation_expectations_1y 0.5866267   0.39209813 3.0156324 0.003349958
h10:inflation_expectations_3y 0.2774467  -0.06257835 0.8159596 0.659695192
h10:inflation                 0.2803383  -0.05832609 0.8277761 0.647760115
h10:economic_activity         0.3120309  -0.01171923 0.9638016 0.513213738

$diagnostic_list$`Shock: inflation`[[11]]
                                R-sqrd. Adj. R-sqrd.    F-stat    p-value
h11:debt                      0.4402140   0.16880267 1.6219440 0.11756137
h11:inflation_expectations_1y 0.5514284   0.33393907 2.5354277 0.01166672
h11:inflation_expectations_3y 0.2975470  -0.04303628 0.8736395 0.60162779
h11:inflation                 0.2176616  -0.16165401 0.5738271 0.88090541
h11:economic_activity         0.2735261  -0.07870370 0.7765558 0.69901970

$diagnostic_list$`Shock: inflation`[[12]]
                                R-sqrd. Adj. R-sqrd.   F-stat    p-value
h12:debt                      0.4147303  0.122095377 1.417228 0.19525679
h12:inflation_expectations_1y 0.4972322  0.245848301 1.977980 0.04921614
h12:inflation_expectations_3y 0.3541660  0.031249014 1.096771 0.39725480
h12:inflation                 0.2234659 -0.164801094 0.575547 0.87897354
h12:economic_activity         0.3385153  0.007772905 1.023501 0.45955860


$diagnostic_list$`Shock: economic_activity`
$diagnostic_list$`Shock: economic_activity`[[1]]
                               R-sqrd. Adj. R-sqrd.     F-stat      p-value
h1:debt                      0.8568080   0.80352723  16.081004 3.462172e-13
h1:inflation_expectations_1y 0.9771537   0.96865270 114.946230 6.045233e-30
h1:inflation_expectations_3y 0.8873200   0.84539259  21.163232 2.526932e-15
h1:inflation                 0.5624234   0.39960416   3.454281 6.033842e-04
h1:economic_activity         0.3104916   0.05393033   1.210204 2.993353e-01

$diagnostic_list$`Shock: economic_activity`[[2]]
                               R-sqrd. Adj. R-sqrd.    F-stat      p-value
h2:debt                      0.7170492   0.60925840  6.652231 4.026211e-07
h2:inflation_expectations_1y 0.9525188   0.93443074 52.660056 1.378343e-22
h2:inflation_expectations_3y 0.7948579   0.71670859 10.171011 9.228975e-10
h2:inflation                 0.4105640   0.18601700  1.828410 5.954616e-02
h2:economic_activity         0.2915736   0.02169688  1.080396 4.021331e-01

$diagnostic_list$`Shock: economic_activity`[[3]]
                               R-sqrd. Adj. R-sqrd.    F-stat      p-value
h3:debt                      0.6430456  0.503746294  4.616288 3.809981e-05
h3:inflation_expectations_1y 0.9307039  0.903661553 34.416506 1.092347e-18
h3:inflation_expectations_3y 0.7013738  0.584836682  6.018460 1.722784e-06
h3:inflation                 0.4227020  0.197415022  1.876282 5.298631e-02
h3:economic_activity         0.2875712  0.009550173  1.034351 4.436475e-01

$diagnostic_list$`Shock: economic_activity`[[4]]
                               R-sqrd. Adj. R-sqrd.    F-stat      p-value
h4:debt                      0.6259022   0.47626314  4.182745 1.190767e-04
h4:inflation_expectations_1y 0.8985352   0.85794928 22.139086 5.834796e-15
h4:inflation_expectations_3y 0.6619598   0.52674374  4.895570 2.247176e-05
h4:inflation                 0.4306927   0.20296978  1.891301 5.174127e-02
h4:economic_activity         0.3015827   0.02221579  1.079522 4.043086e-01

$diagnostic_list$`Shock: economic_activity`[[5]]
                               R-sqrd. Adj. R-sqrd.     F-stat      p-value
h5:debt                      0.5896660   0.42132390  3.5027833 7.007915e-04
h5:inflation_expectations_1y 0.8569060   0.79820077 14.5967576 9.426048e-12
h5:inflation_expectations_3y 0.6226690   0.46786648  4.0223448 1.930963e-04
h5:inflation                 0.3959577   0.14814542  1.5978132 1.157411e-01
h5:economic_activity         0.2819512  -0.01263292  0.9571161 5.176190e-01

$diagnostic_list$`Shock: economic_activity`[[6]]
                               R-sqrd. Adj. R-sqrd.     F-stat      p-value
h6:debt                      0.6945131    0.5658870  5.3994738 9.883205e-06
h6:inflation_expectations_1y 0.8130764    0.7343717 10.3307237 2.434880e-09
h6:inflation_expectations_3y 0.6306597    0.4751480  4.0553839 1.962028e-04
h6:inflation                 0.4605154    0.2333640  2.0273501 3.719343e-02
h6:economic_activity         0.2680293   -0.0401689  0.8696654 6.053717e-01

$diagnostic_list$`Shock: economic_activity`[[7]]
                               R-sqrd. Adj. R-sqrd.   F-stat      p-value
h7:debt                      0.6211388    0.4573069 3.791318 4.043758e-04
h7:inflation_expectations_1y 0.7579745    0.6533149 7.242280 3.642266e-07
h7:inflation_expectations_3y 0.5117824    0.3006613 2.424118 1.315358e-02
h7:inflation                 0.4607729    0.2275935 1.976045 4.369924e-02
h7:economic_activity         0.1770682   -0.1787941 0.497575 9.323634e-01

$diagnostic_list$`Shock: economic_activity`[[8]]
                               R-sqrd. Adj. R-sqrd.    F-stat      p-value
h8:debt                      0.5932077   0.41241107 3.2810776 1.519547e-03
h8:inflation_expectations_1y 0.6960989   0.56103176 5.1537247 2.203979e-05
h8:inflation_expectations_3y 0.4239787   0.16796924 1.6561056 1.032877e-01
h8:inflation                 0.3391932   0.04550131 1.1549287 3.470539e-01
h8:economic_activity         0.2786434  -0.04195959 0.8691229 6.059988e-01

$diagnostic_list$`Shock: economic_activity`[[9]]
                               R-sqrd. Adj. R-sqrd.    F-stat      p-value
h9:debt                      0.5517894  0.346893115 2.6930181 0.0071034492
h9:inflation_expectations_1y 0.6476226  0.486535825 4.0203333 0.0002874714
h9:inflation_expectations_3y 0.3200743  0.009251085 1.0297632 0.4516676513
h9:inflation                 0.3124350 -0.001880381 0.9940175 0.4842799747
h9:economic_activity         0.2786890 -0.051053162 0.8451725 0.6302486292

$diagnostic_list$`Shock: economic_activity`[[10]]
                                R-sqrd. Adj. R-sqrd.    F-stat     p-value
h10:debt                      0.4724147   0.22413919 1.9027843 0.056691404
h10:inflation_expectations_1y 0.5866267   0.39209813 3.0156324 0.003349958
h10:inflation_expectations_3y 0.2774467  -0.06257835 0.8159596 0.659695192
h10:inflation                 0.2803383  -0.05832609 0.8277761 0.647760115
h10:economic_activity         0.3120309  -0.01171923 0.9638016 0.513213738

$diagnostic_list$`Shock: economic_activity`[[11]]
                                R-sqrd. Adj. R-sqrd.    F-stat    p-value
h11:debt                      0.4402140   0.16880267 1.6219440 0.11756137
h11:inflation_expectations_1y 0.5514284   0.33393907 2.5354277 0.01166672
h11:inflation_expectations_3y 0.2975470  -0.04303628 0.8736395 0.60162779
h11:inflation                 0.2176616  -0.16165401 0.5738271 0.88090541
h11:economic_activity         0.2735261  -0.07870370 0.7765558 0.69901970

$diagnostic_list$`Shock: economic_activity`[[12]]
                                R-sqrd. Adj. R-sqrd.   F-stat    p-value
h12:debt                      0.4147303  0.122095377 1.417228 0.19525679
h12:inflation_expectations_1y 0.4972322  0.245848301 1.977980 0.04921614
h12:inflation_expectations_3y 0.3541660  0.031249014 1.096771 0.39725480
h12:inflation                 0.2234659 -0.164801094 0.575547 0.87897354
h12:economic_activity         0.3385153  0.007772905 1.023501 0.45955860



$specs
$specs$lags_endog_lin
SC(n) 
    1 

$specs$lags_criterion
[1] NaN

$specs$max_lags
[1] NaN

$specs$trend
[1] 0

$specs$shock_type
[1] 0

$specs$confint
[1] 1.65

$specs$hor
[1] 12

$specs$use_nw
[1] TRUE

$specs$nw_prewhite
[1] FALSE

$specs$adjust_se
[1] FALSE

$specs$use_twosls
[1] FALSE

$specs$contemp_data
$specs$contemp_data$dummy
 [1] 0 0 0 0 0 0 0 0 0 0 0 0 0 0 0 0 0 0 0 0 0 0 0 0 0 0 1 1 1 1 0 1 0 1 0 0 0 0 0 0 0 0 0 0 0 0 0 0 0 0 0 0 0 0 0 0 0 0 0 0
[61] 0

$specs$contemp_data$Jan
 [1] 0 0 0 0 0 0 0 0 0 0 0 1 0 0 0 0 0 0 0 0 0 0 0 1 0 0 0 0 0 0 0 0 0 0 0 1 0 0 0 0 0 0 0 0 0 0 0 1 0 0 0 0 0 0 0 0 0 0 0 1
[61] 0

$specs$contemp_data$Feb
 [1] 1 0 0 0 0 0 0 0 0 0 0 0 1 0 0 0 0 0 0 0 0 0 0 0 1 0 0 0 0 0 0 0 0 0 0 0 1 0 0 0 0 0 0 0 0 0 0 0 1 0 0 0 0 0 0 0 0 0 0 0
[61] 1

$specs$contemp_data$Mar
 [1] 0 1 0 0 0 0 0 0 0 0 0 0 0 1 0 0 0 0 0 0 0 0 0 0 0 1 0 0 0 0 0 0 0 0 0 0 0 1 0 0 0 0 0 0 0 0 0 0 0 1 0 0 0 0 0 0 0 0 0 0
[61] 0

$specs$contemp_data$Apr
 [1] 0 0 1 0 0 0 0 0 0 0 0 0 0 0 1 0 0 0 0 0 0 0 0 0 0 0 1 0 0 0 0 0 0 0 0 0 0 0 1 0 0 0 0 0 0 0 0 0 0 0 1 0 0 0 0 0 0 0 0 0
[61] 0

$specs$contemp_data$May
 [1] 0 0 0 1 0 0 0 0 0 0 0 0 0 0 0 1 0 0 0 0 0 0 0 0 0 0 0 1 0 0 0 0 0 0 0 0 0 0 0 1 0 0 0 0 0 0 0 0 0 0 0 1 0 0 0 0 0 0 0 0
[61] 0

$specs$contemp_data$Jun
 [1] 0 0 0 0 1 0 0 0 0 0 0 0 0 0 0 0 1 0 0 0 0 0 0 0 0 0 0 0 1 0 0 0 0 0 0 0 0 0 0 0 1 0 0 0 0 0 0 0 0 0 0 0 1 0 0 0 0 0 0 0
[61] 0

$specs$contemp_data$Jul
 [1] 0 0 0 0 0 1 0 0 0 0 0 0 0 0 0 0 0 1 0 0 0 0 0 0 0 0 0 0 0 1 0 0 0 0 0 0 0 0 0 0 0 1 0 0 0 0 0 0 0 0 0 0 0 1 0 0 0 0 0 0
[61] 0

$specs$contemp_data$Aug
 [1] 0 0 0 0 0 0 1 0 0 0 0 0 0 0 0 0 0 0 1 0 0 0 0 0 0 0 0 0 0 0 1 0 0 0 0 0 0 0 0 0 0 0 1 0 0 0 0 0 0 0 0 0 0 0 1 0 0 0 0 0
[61] 0

$specs$contemp_data$Sep
 [1] 0 0 0 0 0 0 0 1 0 0 0 0 0 0 0 0 0 0 0 1 0 0 0 0 0 0 0 0 0 0 0 1 0 0 0 0 0 0 0 0 0 0 0 1 0 0 0 0 0 0 0 0 0 0 0 1 0 0 0 0
[61] 0

$specs$contemp_data$Oct
 [1] 0 0 0 0 0 0 0 0 1 0 0 0 0 0 0 0 0 0 0 0 1 0 0 0 0 0 0 0 0 0 0 0 1 0 0 0 0 0 0 0 0 0 0 0 1 0 0 0 0 0 0 0 0 0 0 0 1 0 0 0
[61] 0


$specs$model_type
[1] 0

$specs$starts
[1] 1

$specs$ends
[1] 61

$specs$column_names
[1] "debt"                      "inflation_expectations_1y" "inflation_expectations_3y" "inflation"                
[5] "economic_activity"        

$specs$endog
[1] 5

$specs$y_lin
            debt inflation_expectations_1y inflation_expectations_3y    inflation economic_activity
2  -0.0111853737                  2.831908                  2.884280  0.032745451        0.02976223
3  -0.0245958310                  2.752288                  2.908013  0.002310570        0.03672057
4  -0.0190103164                  2.980844                  2.969947  0.031662657        0.02660601
5  -0.0131367278                  2.980844                  2.961960  0.027403122        0.04356130
6  -0.0515757178                  2.980844                  3.000000  0.010862582        0.01757053
7  -0.0315431488                  2.982717                  2.883912  0.009406502        0.03236078
8  -0.0711200685                  3.000000                  3.000000  0.021640425        0.02930438
9  -0.0450982752                  2.995079                  3.000000  0.025003951        0.02923299
10 -0.0346622205                  3.000000                  3.000000  0.028405410        0.02229492
11 -0.0578890203                  2.969947                  2.883912 -0.008420605        0.02323041
12 -0.0654606682                  3.000000                  2.980844  0.008246918        0.01734758
13 -0.0666615386                  2.969947                  2.969947 -0.002323999        0.03391158
14 -0.0819689794                  2.793575                  2.768439  0.029025084        0.02600387
15 -0.0967433287                  2.816437                  2.864411  0.042416785        0.02691934
16 -0.0548822890                  2.598124                  2.693518  0.048586660        0.03757401
17 -0.0779161769                  2.453082                  2.593332  0.003720327        0.02002637
18 -0.1153405808                  2.670152                  2.662437 -0.006141925        0.02480201
19 -0.0988138777                  2.590599                  2.579365  0.024993882        0.02186920
20 -0.1227908372                  2.414448                  2.501432  0.017681720        0.02278745
21 -0.1262618356                  2.483634                  2.374794  0.021370449        0.03620964
22 -0.0940149183                  2.330186                  2.378875  0.034784574        0.01981848
23 -0.0822898502                  2.347553                  2.521351  0.026361361        0.02549842
24 -0.0756959976                  2.527644                  2.537525  0.038444527        0.02259084
25 -0.0679802199                  2.495654                  2.537525  0.019694440        0.03781474
26 -0.0861279942                  2.537525                  2.588670  0.009814561        0.03578346
27 -0.1625440220                  2.537525                  2.399339 -0.050912346       -0.07956922
28 -0.1668276133                  2.623311                  2.623311 -0.090824177       -0.77070172
29 -0.1323188651                  3.000000                  2.610335 -0.010450429        0.21339722
30 -0.1133722735                  2.681402                  2.473736  0.053592068        0.21330076
31 -0.0771731100                  2.887446                  2.731703  0.061866907        0.02971606
32 -0.0538222244                  3.000000                  2.980844  0.053808986        0.15791953
33 -0.0742575811                  2.980844                  2.742111  0.028930510        0.07717705
34 -0.0725594922                  2.836102                  2.702108  0.011918979        0.10115859
35 -0.0336168118                  2.962508                  2.819740  0.024543630        0.04507153
36 -0.0614211471                  3.000000                  2.980844  0.057557700        0.01677041
37 -0.0215934921                  3.046669                  3.028186  0.028496735        0.06736316
38 -0.0007786747                  3.090884                  3.000000  0.045997380        0.05066022
39  0.0099894582                  3.244256                  3.092952  0.059503194        0.06160136
40  0.0007416414                  3.360180                  3.098045  0.082225516        0.03720211
41  0.0060733098                  4.000000                  3.569710  0.082531234        0.06412900
42 -0.0010229020                  4.801745                  3.546918  0.098347464        0.05475905
43 -0.0102220648                  4.842451                  3.711669  0.054649100        0.08879717
44 -0.0083971664                  5.179827                  3.999662  0.049840953        0.06602323
45  0.0077663678                  5.310169                  4.193985  0.052018077        0.07861505
46  0.0123581183                  5.653467                  4.211177  0.114305741        0.06819482
47  0.0173006853                  6.000000                  4.011200  0.098833469        0.06879133
48 -0.0009585400                  5.990274                  4.000000  0.097421769        0.06937609
49  0.0099663582                  5.788440                  3.477248  0.075404740        0.03542764
50  0.0135593516                  6.000000                  3.774801  0.088488916        0.07849205
51  0.0111876907                  6.583898                  3.674923  0.126900569        0.05112829
52  0.0109785754                  6.345438                  3.902376  0.048497289        0.04431433
53  0.0004409438                  6.576015                  3.879077  0.115684054        0.03389257
54  0.0009363129                  6.775855                  3.618484  0.151285219        0.03843642
55 -0.0004561857                  6.223626                  3.182451 -0.004064650        0.05041760
56 -0.0019452667                  5.745714                  2.755268  0.028517738        0.02896168
57 -0.0125424488                  5.440794                  2.909971  0.050566174        0.04915587
58 -0.0090909042                  5.944291                  3.110663  0.060045147        0.03059615
59 -0.0101748106                  5.228549                  2.997374  0.024858721        0.04330825
60 -0.0073116999                  4.993469                  2.992784  0.015857387        0.03585464
61 -0.0087844500                  4.954980                  2.711993  0.063675095        0.04576300

$specs$x_lin
      debt_lag_1 inflation_expectations_1y_lag_1 inflation_expectations_3y_lag_1 inflation_lag_1 economic_activity_lag_1
2  -0.0287849139                        2.711993                        2.793575     0.052137819              0.02580719
3  -0.0111853737                        2.831908                        2.884280     0.032745451              0.02976223
4  -0.0245958310                        2.752288                        2.908013     0.002310570              0.03672057
5  -0.0190103164                        2.980844                        2.969947     0.031662657              0.02660601
6  -0.0131367278                        2.980844                        2.961960     0.027403122              0.04356130
7  -0.0515757178                        2.980844                        3.000000     0.010862582              0.01757053
8  -0.0315431488                        2.982717                        2.883912     0.009406502              0.03236078
9  -0.0711200685                        3.000000                        3.000000     0.021640425              0.02930438
10 -0.0450982752                        2.995079                        3.000000     0.025003951              0.02923299
11 -0.0346622205                        3.000000                        3.000000     0.028405410              0.02229492
12 -0.0578890203                        2.969947                        2.883912    -0.008420605              0.02323041
13 -0.0654606682                        3.000000                        2.980844     0.008246918              0.01734758
14 -0.0666615386                        2.969947                        2.969947    -0.002323999              0.03391158
15 -0.0819689794                        2.793575                        2.768439     0.029025084              0.02600387
16 -0.0967433287                        2.816437                        2.864411     0.042416785              0.02691934
17 -0.0548822890                        2.598124                        2.693518     0.048586660              0.03757401
18 -0.0779161769                        2.453082                        2.593332     0.003720327              0.02002637
19 -0.1153405808                        2.670152                        2.662437    -0.006141925              0.02480201
20 -0.0988138777                        2.590599                        2.579365     0.024993882              0.02186920
21 -0.1227908372                        2.414448                        2.501432     0.017681720              0.02278745
22 -0.1262618356                        2.483634                        2.374794     0.021370449              0.03620964
23 -0.0940149183                        2.330186                        2.378875     0.034784574              0.01981848
24 -0.0822898502                        2.347553                        2.521351     0.026361361              0.02549842
25 -0.0756959976                        2.527644                        2.537525     0.038444527              0.02259084
26 -0.0679802199                        2.495654                        2.537525     0.019694440              0.03781474
27 -0.0861279942                        2.537525                        2.588670     0.009814561              0.03578346
28 -0.1625440220                        2.537525                        2.399339    -0.050912346             -0.07956922
29 -0.1668276133                        2.623311                        2.623311    -0.090824177             -0.77070172
30 -0.1323188651                        3.000000                        2.610335    -0.010450429              0.21339722
31 -0.1133722735                        2.681402                        2.473736     0.053592068              0.21330076
32 -0.0771731100                        2.887446                        2.731703     0.061866907              0.02971606
33 -0.0538222244                        3.000000                        2.980844     0.053808986              0.15791953
34 -0.0742575811                        2.980844                        2.742111     0.028930510              0.07717705
35 -0.0725594922                        2.836102                        2.702108     0.011918979              0.10115859
36 -0.0336168118                        2.962508                        2.819740     0.024543630              0.04507153
37 -0.0614211471                        3.000000                        2.980844     0.057557700              0.01677041
38 -0.0215934921                        3.046669                        3.028186     0.028496735              0.06736316
39 -0.0007786747                        3.090884                        3.000000     0.045997380              0.05066022
40  0.0099894582                        3.244256                        3.092952     0.059503194              0.06160136
41  0.0007416414                        3.360180                        3.098045     0.082225516              0.03720211
42  0.0060733098                        4.000000                        3.569710     0.082531234              0.06412900
43 -0.0010229020                        4.801745                        3.546918     0.098347464              0.05475905
44 -0.0102220648                        4.842451                        3.711669     0.054649100              0.08879717
45 -0.0083971664                        5.179827                        3.999662     0.049840953              0.06602323
46  0.0077663678                        5.310169                        4.193985     0.052018077              0.07861505
47  0.0123581183                        5.653467                        4.211177     0.114305741              0.06819482
48  0.0173006853                        6.000000                        4.011200     0.098833469              0.06879133
49 -0.0009585400                        5.990274                        4.000000     0.097421769              0.06937609
50  0.0099663582                        5.788440                        3.477248     0.075404740              0.03542764
51  0.0135593516                        6.000000                        3.774801     0.088488916              0.07849205
52  0.0111876907                        6.583898                        3.674923     0.126900569              0.05112829
53  0.0109785754                        6.345438                        3.902376     0.048497289              0.04431433
54  0.0004409438                        6.576015                        3.879077     0.115684054              0.03389257
55  0.0009363129                        6.775855                        3.618484     0.151285219              0.03843642
56 -0.0004561857                        6.223626                        3.182451    -0.004064650              0.05041760
57 -0.0019452667                        5.745714                        2.755268     0.028517738              0.02896168
58 -0.0125424488                        5.440794                        2.909971     0.050566174              0.04915587
59 -0.0090909042                        5.944291                        3.110663     0.060045147              0.03059615
60 -0.0101748106                        5.228549                        2.997374     0.024858721              0.04330825
61 -0.0073116999                        4.993469                        2.992784     0.015857387              0.03585464
   dummy Jan Feb Mar Apr May Jun Jul Aug Sep Oct
2      0   0   0   1   0   0   0   0   0   0   0
3      0   0   0   0   1   0   0   0   0   0   0
4      0   0   0   0   0   1   0   0   0   0   0
5      0   0   0   0   0   0   1   0   0   0   0
6      0   0   0   0   0   0   0   1   0   0   0
7      0   0   0   0   0   0   0   0   1   0   0
8      0   0   0   0   0   0   0   0   0   1   0
9      0   0   0   0   0   0   0   0   0   0   1
10     0   0   0   0   0   0   0   0   0   0   0
11     0   0   0   0   0   0   0   0   0   0   0
12     0   1   0   0   0   0   0   0   0   0   0
13     0   0   1   0   0   0   0   0   0   0   0
14     0   0   0   1   0   0   0   0   0   0   0
15     0   0   0   0   1   0   0   0   0   0   0
16     0   0   0   0   0   1   0   0   0   0   0
17     0   0   0   0   0   0   1   0   0   0   0
18     0   0   0   0   0   0   0   1   0   0   0
19     0   0   0   0   0   0   0   0   1   0   0
20     0   0   0   0   0   0   0   0   0   1   0
21     0   0   0   0   0   0   0   0   0   0   1
22     0   0   0   0   0   0   0   0   0   0   0
23     0   0   0   0   0   0   0   0   0   0   0
24     0   1   0   0   0   0   0   0   0   0   0
25     0   0   1   0   0   0   0   0   0   0   0
26     0   0   0   1   0   0   0   0   0   0   0
27     1   0   0   0   1   0   0   0   0   0   0
28     1   0   0   0   0   1   0   0   0   0   0
29     1   0   0   0   0   0   1   0   0   0   0
30     1   0   0   0   0   0   0   1   0   0   0
31     0   0   0   0   0   0   0   0   1   0   0
32     1   0   0   0   0   0   0   0   0   1   0
33     0   0   0   0   0   0   0   0   0   0   1
34     1   0   0   0   0   0   0   0   0   0   0
35     0   0   0   0   0   0   0   0   0   0   0
36     0   1   0   0   0   0   0   0   0   0   0
37     0   0   1   0   0   0   0   0   0   0   0
38     0   0   0   1   0   0   0   0   0   0   0
39     0   0   0   0   1   0   0   0   0   0   0
40     0   0   0   0   0   1   0   0   0   0   0
41     0   0   0   0   0   0   1   0   0   0   0
42     0   0   0   0   0   0   0   1   0   0   0
43     0   0   0   0   0   0   0   0   1   0   0
44     0   0   0   0   0   0   0   0   0   1   0
45     0   0   0   0   0   0   0   0   0   0   1
46     0   0   0   0   0   0   0   0   0   0   0
47     0   0   0   0   0   0   0   0   0   0   0
48     0   1   0   0   0   0   0   0   0   0   0
49     0   0   1   0   0   0   0   0   0   0   0
50     0   0   0   1   0   0   0   0   0   0   0
51     0   0   0   0   1   0   0   0   0   0   0
52     0   0   0   0   0   1   0   0   0   0   0
53     0   0   0   0   0   0   1   0   0   0   0
54     0   0   0   0   0   0   0   1   0   0   0
55     0   0   0   0   0   0   0   0   1   0   0
56     0   0   0   0   0   0   0   0   0   1   0
57     0   0   0   0   0   0   0   0   0   0   1
58     0   0   0   0   0   0   0   0   0   0   0
59     0   0   0   0   0   0   0   0   0   0   0
60     0   1   0   0   0   0   0   0   0   0   0
61     0   0   1   0   0   0   0   0   0   0   0


attr(,"class")
[1] "lpirfs_lin_obj"
