[1] "labor_shortage"       "djn level estimation"
                   1             2             3             4             5             6
AIC(n) -2.652718e+01 -2.726119e+01 -2.693419e+01 -2.807503e+01 -2.947293e+01 -3.181235e+01
HQ(n)  -2.532752e+01 -2.570868e+01 -2.502884e+01 -2.581684e+01 -2.686190e+01 -2.884848e+01
SC(n)  -2.342494e+01 -2.324652e+01 -2.200710e+01 -2.223552e+01 -2.272099e+01 -2.414799e+01
FPE(n)  3.347904e-12  1.833675e-12  3.190933e-12  1.476801e-12  6.622587e-13  1.705234e-13
                   1             2             3             4             5             6
AIC(n) -2.652718e+01 -2.726119e+01 -2.693419e+01 -2.807503e+01 -2.947293e+01 -3.181235e+01
HQ(n)  -2.532752e+01 -2.570868e+01 -2.502884e+01 -2.581684e+01 -2.686190e+01 -2.884848e+01
SC(n)  -2.342494e+01 -2.324652e+01 -2.200710e+01 -2.223552e+01 -2.272099e+01 -2.414799e+01
FPE(n)  3.347904e-12  1.833675e-12  3.190933e-12  1.476801e-12  6.622587e-13  1.705234e-13
$irf_lin_mean
, , 1

             [,1]        [,2]         [,3]         [,4]          [,5]          [,6]         [,7]         [,8]        [,9]
[1,]  0.002609359 0.002314255  0.001825265  0.001321122  1.693395e-03  0.0013704150 0.0018925060  0.002572626 0.002075695
[2,]  0.054077731 0.070857800  0.064105219  0.123208027  1.134000e-01  0.1273982860 0.1410678075  0.111126606 0.153121476
[3,]  0.025530281 0.025154963  0.059626502  0.091356942  7.759311e-02  0.0736162018 0.0766769464  0.044615205 0.058634013
[4,]  0.003919077 0.003326988  0.001776765  0.001625342 -5.347718e-05 -0.0004687542 0.0008576479  0.004373112 0.001631134
[5,] -0.009668371 0.029586591 -0.007162092 -0.010351389  9.055321e-03 -0.0161476912 0.0224927957 -0.022191463 0.004950801
           [,10]       [,11]       [,12]        [,13]
[1,] 0.003229457 0.003773003 0.004192841  0.004495147
[2,] 0.185879295 0.182096446 0.239982569  0.319324771
[3,] 0.058663691 0.060086659 0.119227125  0.136343664
[4,] 0.007438919 0.007854399 0.010755192  0.022253707
[5,] 0.024428055 0.012024468 0.018542754 -0.026589325

, , 2

             [,1]         [,2]         [,3]          [,4]          [,5]         [,6]          [,7]         [,8]         [,9]
[1,]  0.000000000 0.0007772298 0.0006251182 -0.0004573332 -5.067830e-04 -0.002904289 -0.0008794178  0.001363856 -0.000354178
[2,]  0.084903854 0.0710486621 0.0294786521  0.0930992312  1.359258e-01  0.171363261  0.1463865498  0.089927062  0.030783991
[3,]  0.007297023 0.0153916741 0.0185191526  0.0692303646  1.085905e-01  0.074488868  0.0811341237 -0.050587970 -0.028840170
[4,]  0.003892801 0.0003460130 0.0039059009  0.0034773169 -1.174969e-05 -0.006286034 -0.0067965707  0.008723982 -0.002355074
[5,] -0.031943219 0.0201165229 0.0198130075 -0.0046505047 -2.204610e-02 -0.014063784 -0.0168551595 -0.027494446  0.020192916
            [,10]         [,11]         [,12]       [,13]
[1,]  0.001415628 -0.0003353393 -8.531325e-05 0.001872831
[2,]  0.034854085 -0.0109555710  9.092855e-02 0.073723628
[3,] -0.058602050 -0.0181197397  3.495313e-02 0.015240478
[4,]  0.010618972  0.0028744567  2.648634e-03 0.014934457
[5,]  0.017370050  0.0415928563 -2.481158e-02 0.024884005

, , 3

             [,1]         [,2]          [,3]        [,4]         [,5]         [,6]          [,7]         [,8]          [,9]
[1,]  0.000000000 0.0005893206  0.0002483302 0.002761681  0.002156348  0.001170676  0.0003417392  0.001641443 -0.0003006009
[2,]  0.000000000 0.0117099412  0.0077613157 0.064324444 -0.013365008 -0.001468672  0.1586592287  0.038756368  0.1110163842
[3,]  0.063844137 0.0439945131  0.0600872888 0.035161804 -0.020001508  0.012696432  0.0978451031  0.043502901  0.0947928642
[4,] -0.009648451 0.0064532353  0.0072740853 0.002139397  0.003927999 -0.002014669  0.0059367918  0.010751265 -0.0119139910
[5,]  0.014352322 0.0028511678 -0.0145173643 0.018546236 -0.004471174 -0.003391881 -0.0091671746 -0.002143176  0.0072039010
           [,10]        [,11]       [,12]       [,13]
[1,] 0.001126422  0.003905838  0.01007035  0.02516659
[2,] 0.237855014  0.463618200  0.84541692  1.08692653
[3,] 0.083520389  0.130596984  0.33365836  0.41030753
[4,] 0.013587568  0.009746241  0.01422591  0.08771204
[5,] 0.036012609 -0.112850420 -0.04429629 -0.26769639

, , 4

           [,1]          [,2]         [,3]         [,4]         [,5]          [,6]          [,7]         [,8]         [,9]
[1,] 0.00000000  0.0006120802 -0.001319263 -0.002368520 -0.002447751  0.0004752778 -0.0003943784 -0.000696577  0.001657132
[2,] 0.00000000 -0.0306186149  0.001709097 -0.075198841 -0.067471294 -0.0278368238 -0.1212314284 -0.002453250 -0.007323442
[3,] 0.00000000 -0.0364593448 -0.035534595 -0.079761334 -0.043944036 -0.0306305596 -0.0843331441  0.002509552 -0.037250738
[4,] 0.01336017 -0.0021005948 -0.013076353 -0.003443084 -0.005683311  0.0023173995  0.0055085562 -0.011456923  0.009143826
[5,] 0.02772217 -0.0098920723 -0.018369537 -0.011168433  0.007934130  0.0003332737  0.0066236447  0.049936080 -0.013664199
            [,10]        [,11]        [,12]       [,13]
[1,] -0.002240412 -0.002391357 -0.001149215 -0.01727058
[2,] -0.131601066 -0.103736000 -0.393827906 -0.65844394
[3,] -0.032843839  0.016314408 -0.182181658 -0.25263722
[4,] -0.013055988 -0.004335894 -0.006636418 -0.06392954
[5,] -0.097296578  0.040054774  0.101263771  0.18249655

, , 5

           [,1]          [,2]          [,3]          [,4]         [,5]         [,6]         [,7]         [,8]        [,9]
[1,] 0.00000000 -0.0009633732 -0.0001354434  0.0004869235  0.001964599  0.003894959  0.001315304  0.000552219 0.003844742
[2,] 0.00000000 -0.0092474722 -0.0167613876 -0.0810721954 -0.087692502 -0.185757894 -0.156392020  0.015230944 0.007243415
[3,] 0.00000000  0.0202902470  0.0265774132 -0.0109945337 -0.045475377 -0.119188646 -0.061865302  0.044741095 0.045154043
[4,] 0.00000000 -0.0028271397  0.0079174306  0.0034651668 -0.001165915  0.004944246 -0.002224865  0.002012702 0.010220011
[5,] 0.04562473 -0.0233196854  0.0091263003  0.0198750892  0.010264589  0.012475715  0.018700160 -0.010286981 0.021643102
            [,10]       [,11]        [,12]         [,13]
[1,]  0.000262138 0.006152771 -0.002724189 -0.0003864591
[2,]  0.226365132 0.071771373  0.020997705  0.1918069390
[3,]  0.110973945 0.092035936 -0.031250588  0.1619849304
[4,] -0.003219184 0.017403293  0.012801651 -0.0045760997
[5,]  0.039526297 0.052572044  0.010253836 -0.1304891260


$irf_lin_low
, , 1

             [,1]          [,2]         [,3]          [,4]         [,5]         [,6]          [,7]         [,8]
[1,]  0.002609359  0.0007210175  0.000352074 -0.0009829668 -0.001188319 -0.001098947 -0.0001895243  0.001321029
[2,]  0.054077731  0.0253123198  0.003850483  0.0661244494  0.028079261  0.031687333  0.0353134559 -0.008947736
[3,]  0.025530281 -0.0128672032  0.021480441  0.0318829156  0.013974593  0.014561433  0.0148106254 -0.004884753
[4,]  0.003919077 -0.0020227380 -0.006260049 -0.0081743327 -0.011006025 -0.013337814 -0.0084021480 -0.005893167
[5,] -0.009668371  0.0070803378 -0.031176674 -0.0364146080 -0.021621533 -0.046224276 -0.0192879891 -0.076428215
              [,9]        [,10]         [,11]        [,12]         [,13]
[1,]  0.0003196478 -0.001895686 -0.0001222481  0.001348935  0.0001697994
[2,]  0.0450636226 -0.089502657 -0.0539987923  0.070269673  0.0951065469
[3,]  0.0049476046 -0.025690603  0.0223198864  0.081876530  0.0270983625
[4,] -0.0061035761 -0.013403680 -0.0052757140  0.003031711  0.0087115083
[5,] -0.0527310388 -0.028731867 -0.0593379842 -0.055879142 -0.0833058298

, , 2

             [,1]          [,2]          [,3]         [,4]         [,5]        [,6]         [,7]          [,8]          [,9]
[1,]  0.000000000  0.0001238209 -0.0002139569 -0.001940732 -0.001797418 -0.00326863 -0.001639199  0.0008283917 -0.0014145998
[2,]  0.084903854  0.0499314237 -0.0030733677  0.055512053  0.095959544  0.14287401  0.101333683  0.0473152353  0.0002073806
[3,]  0.007297023  0.0006123620 -0.0081314541  0.034288549  0.078923926  0.05003056  0.048461771 -0.0573017643 -0.0463741426
[4,]  0.003892801 -0.0026425780 -0.0014824682 -0.002830792 -0.005073686 -0.01168890 -0.009246592  0.0056730907 -0.0045010834
[5,] -0.031943219  0.0098750424  0.0081720171 -0.019852539 -0.034528475 -0.03038641 -0.035335776 -0.0525657174 -0.0197427167
            [,10]        [,11]         [,12]         [,13]
[1,] -0.001694986 -0.001952474 -0.0022020626 -0.0003930923
[2,] -0.118932443 -0.103231022  0.0009934838 -0.0687008243
[3,] -0.088301035 -0.022246325  0.0079841341 -0.0667001206
[4,] -0.003573812 -0.001620743 -0.0026148675  0.0064779229
[5,] -0.015544077  0.025373195 -0.0610679593 -0.0128908609

, , 3

             [,1]          [,2]          [,3]          [,4]          [,5]          [,6]          [,7]          [,8]
[1,]  0.000000000 -0.0001278536  0.0001087751  0.0023699376  0.0009187490 -0.0005407694 -0.0004956663  0.0012807457
[2,]  0.000000000  0.0000831761  0.0035558030  0.0534611138 -0.0456801833 -0.0340238925  0.1264996893 -0.0365454441
[3,]  0.063844137  0.0266686320  0.0629634558  0.0149996111 -0.0458857479 -0.0093807188  0.0779556663 -0.0004181356
[4,] -0.009648451  0.0052982183  0.0065062000 -0.0003284165  0.0003874383 -0.0059438399  0.0030008517  0.0052196575
[5,]  0.014352322 -0.0067692076 -0.0223526793  0.0173462762 -0.0215538491 -0.0095039760 -0.0246017245 -0.0153282714
              [,9]         [,10]        [,11]       [,12]       [,13]
[1,] -0.0004080582 -0.0008711427  0.001639707  0.01035258  0.02312781
[2,]  0.0355663177  0.1223131745  0.316833013  0.76214087  1.07040720
[3,]  0.0466220418  0.0188267951  0.097141184  0.32934332  0.43927699
[4,] -0.0152635200  0.0090695041  0.001180026  0.01534353  0.08623480
[5,] -0.0120670841  0.0282341101 -0.171376983 -0.09634934 -0.26629615

, , 4

           [,1]          [,2]         [,3]         [,4]         [,5]         [,6]         [,7]         [,8]          [,9]
[1,] 0.00000000 -0.0006165358 -0.002746858 -0.004416968 -0.005162239 -0.002027571 -0.002284532 -0.001981021 -0.0003192565
[2,] 0.00000000 -0.0709493165 -0.059805488 -0.125009890 -0.149847868 -0.130246431 -0.239125277 -0.126763537 -0.1298014479
[3,] 0.00000000 -0.0665822156 -0.078717596 -0.133207801 -0.107605582 -0.089284983 -0.149735072 -0.056361697 -0.0873524676
[4,] 0.01336017 -0.0067609632 -0.020613530 -0.013404564 -0.017792017 -0.006520827 -0.003424913 -0.021710564  0.0001089636
[5,] 0.02772217 -0.0292205112 -0.037821138 -0.034574477 -0.014267233 -0.025297030 -0.022535900 -0.001759993 -0.0650219250
            [,10]        [,11]        [,12]       [,13]
[1,] -0.007587067 -0.006437895 -0.004557697 -0.02179342
[2,] -0.425831900 -0.346844832 -0.559808967 -0.93799894
[3,] -0.119945780 -0.022687172 -0.221801986 -0.40553130
[4,] -0.035890385 -0.018526907 -0.016667297 -0.08058341
[5,] -0.148255837 -0.032669264  0.037880622  0.10915455

, , 5

           [,1]         [,2]         [,3]          [,4]          [,5]          [,6]          [,7]          [,8]         [,9]
[1,] 0.00000000 -0.001833397 -0.000682531 -0.0006504245 -0.0000272157  0.0020323854  0.0001257709 -8.998612e-05  0.002944345
[2,] 0.00000000 -0.032977800 -0.047531915 -0.1051251387 -0.1410273968 -0.2531246257 -0.2292610402 -8.381996e-02 -0.099655198
[3,] 0.00000000  0.000329978  0.005716827 -0.0461829904 -0.0868160159 -0.1572223683 -0.1005949101 -8.784470e-03 -0.007251375
[4,] 0.00000000 -0.005340682  0.004532652 -0.0020816821 -0.0096535129 -0.0003895282 -0.0083173599 -5.836424e-03  0.004339132
[5,] 0.04562473 -0.035666536 -0.001965950  0.0059629933 -0.0075325978 -0.0013387342 -0.0028972286 -3.770818e-02 -0.008944644
            [,10]        [,11]        [,12]        [,13]
[1,] -0.003142181  0.003459471 -0.003727932 -0.002806779
[2,]  0.041000882 -0.094397428 -0.081922999  0.082309303
[3,]  0.035550406  0.060970940 -0.043954834  0.117489424
[4,] -0.015620230  0.006999038  0.009503801 -0.011284856
[5,]  0.011341512 -0.002986709 -0.028224888 -0.157023801


$irf_lin_up
, , 1

             [,1]        [,2]        [,3]        [,4]        [,5]        [,6]        [,7]        [,8]        [,9]
[1,]  0.002609359 0.003907492 0.003298457 0.003625211 0.004575109 0.003839777 0.003974536 0.003824222 0.003831742
[2,]  0.054077731 0.116403279 0.124359955 0.180291605 0.198720833 0.223109239 0.246822159 0.231200948 0.261179329
[3,]  0.025530281 0.063177129 0.097772564 0.150830968 0.141211622 0.132670970 0.138543267 0.094115164 0.112320421
[4,]  0.003919077 0.008676714 0.009813579 0.011425016 0.010899070 0.012400305 0.010117444 0.014639391 0.009365844
[5,] -0.009668371 0.052092844 0.016852490 0.015711830 0.039732175 0.013928894 0.064273580 0.032045289 0.062632641
           [,10]       [,11]       [,12]       [,13]
[1,] 0.008354601 0.007668255 0.007036746 0.008820496
[2,] 0.461261248 0.418191684 0.409695465 0.543542995
[3,] 0.143017985 0.097853432 0.156577720 0.245588966
[4,] 0.028281518 0.020984511 0.018478672 0.035795906
[5,] 0.077587976 0.083386919 0.092964649 0.030127179

, , 2

             [,1]        [,2]        [,3]        [,4]          [,5]          [,6]          [,7]         [,8]          [,9]
[1,]  0.000000000 0.001430639 0.001464193 0.001026066  0.0007838517 -0.0025399473 -0.0001196368  0.001899321  0.0007062439
[2,]  0.084903854 0.092165901 0.062030672 0.130686410  0.1758920779  0.1998525090  0.1914394162  0.132538889  0.0613606014
[3,]  0.007297023 0.030170986 0.045169759 0.104172180  0.1382571308  0.0989471797  0.1138064762 -0.043874175 -0.0113061982
[4,]  0.003892801 0.003334604 0.009294270 0.009785425  0.0050501870 -0.0008831694 -0.0043465491  0.011774873 -0.0002090638
[5,] -0.031943219 0.030358003 0.031453998 0.010551530 -0.0095637348  0.0022588441  0.0016254566 -0.002423174  0.0601285489
            [,10]        [,11]       [,12]       [,13]
[1,]  0.004526242  0.001281795 0.002031436 0.004138754
[2,]  0.188640613  0.081319880 0.180863622 0.216148081
[3,] -0.028903065 -0.013993154 0.061922132 0.097181077
[4,]  0.024811755  0.007369656 0.007912136 0.023390991
[5,]  0.050284178  0.057812517 0.011444800 0.062658872

, , 3

             [,1]        [,2]          [,3]        [,4]        [,5]        [,6]        [,7]        [,8]          [,9]
[1,]  0.000000000 0.001306495  0.0003878853 0.003153425 0.003393946 0.002882121 0.001179145 0.002002139 -0.0001931436
[2,]  0.000000000 0.023336706  0.0119668285 0.075187773 0.018950168 0.031086549 0.190818768 0.114058181  0.1864664508
[3,]  0.063844137 0.061320394  0.0572111217 0.055323997 0.005882732 0.034773583 0.117734540 0.087423937  0.1429636867
[4,] -0.009648451 0.007608252  0.0080419705 0.004607210 0.007468560 0.001914501 0.008872732 0.016282873 -0.0085644620
[5,]  0.014352322 0.012471543 -0.0066820493 0.019746195 0.012611502 0.002720214 0.006267375 0.011041920  0.0264748862
           [,10]        [,11]       [,12]       [,13]
[1,] 0.003123987  0.006171968 0.009788122  0.02720538
[2,] 0.353396853  0.610403386 0.928692969  1.10344586
[3,] 0.148213984  0.164052784 0.337973393  0.38133807
[4,] 0.018105633  0.018312456 0.013108297  0.08918927
[5,] 0.043791107 -0.054323856 0.007756767 -0.26909663

, , 4

           [,1]         [,2]          [,3]          [,4]         [,5]        [,6]         [,7]          [,8]       [,9]
[1,] 0.00000000  0.001840696  0.0001083326 -0.0003200723 0.0002667381 0.002978126  0.001495775  0.0005878673 0.00363352
[2,] 0.00000000  0.009712087  0.0632236812 -0.0253877913 0.0149052805 0.074572783 -0.003337580  0.1218570373 0.11515456
[3,] 0.00000000 -0.006336474  0.0076484052 -0.0263148673 0.0197175098 0.028023864 -0.018931216  0.0613808006 0.01285099
[4,] 0.01336017  0.002559774 -0.0055391763  0.0065183958 0.0064253962 0.011155626  0.014442025 -0.0012032808 0.01817869
[5,] 0.02772217  0.009436366  0.0010820634  0.0122376108 0.0301354940 0.025963577  0.035783190  0.1016321521 0.03769353
            [,10]       [,11]        [,12]       [,13]
[1,]  0.003106242 0.001655181  0.002259267 -0.01274775
[2,]  0.162629767 0.139372832 -0.227846845 -0.37888893
[3,]  0.054258103 0.055315988 -0.142561331 -0.09974313
[4,]  0.009778409 0.009855119  0.003394461 -0.04727568
[5,] -0.046337320 0.112778812  0.164646920  0.25583855

, , 5

           [,1]          [,2]         [,3]         [,4]         [,5]         [,6]         [,7]        [,8]        [,9]
[1,] 0.00000000 -9.334944e-05 0.0004116443  0.001624271  0.003956414  0.005757533  0.002504836 0.001194424 0.004745138
[2,] 0.00000000  1.448286e-02 0.0140091402 -0.057019252 -0.034357608 -0.118391163 -0.083523000 0.114281848 0.114142027
[3,] 0.00000000  4.025052e-02 0.0474379991  0.024193923 -0.004134739 -0.081154923 -0.023135694 0.098266660 0.097559461
[4,] 0.00000000 -3.135972e-04 0.0113022091  0.009012016  0.007321682  0.010278020  0.003867630 0.009861828 0.016100890
[5,] 0.04562473 -1.097283e-02 0.0202185505  0.033787185  0.028061776  0.026290164  0.040297549 0.017134218 0.052230848
           [,10]       [,11]        [,12]        [,13]
[1,] 0.003666457 0.008846071 -0.001720446  0.002033860
[2,] 0.411729381 0.237940173  0.123918409  0.301304575
[3,] 0.186397484 0.123100932 -0.018546341  0.206480437
[4,] 0.009181861 0.027807549  0.016099500  0.002132657
[5,] 0.067711083 0.108130797  0.048732560 -0.103954451


$diagnostic_list
$diagnostic_list$`Shock: labor_shortage`
$diagnostic_list$`Shock: labor_shortage`[[1]]
                               R-sqrd. Adj. R-sqrd.    F-stat      p-value
h1:labor_shortage            0.9820343    0.9253731 17.331701 1.324174e-06
h1:inflation_expectations_1y 0.9966621    0.9861349 94.675093 3.010471e-11
h1:inflation_expectations_3y 0.9843460    0.9349758 19.938063 5.626534e-07
h1:inflation                 0.9004442    0.5864604  2.867804 2.176655e-02
h1:economic_activity         0.8530501    0.3895928  1.840623 1.170803e-01

$diagnostic_list$`Shock: labor_shortage`[[2]]
                               R-sqrd. Adj. R-sqrd.    F-stat      p-value
h2:labor_shortage            0.9680233    0.8587696  8.860326 1.261237e-04
h2:inflation_expectations_1y 0.9939656    0.9733480 48.209587 8.825834e-09
h2:inflation_expectations_3y 0.9746292    0.8879457 11.243538 3.519240e-05
h2:inflation                 0.8628153    0.3941008  1.840812 1.269215e-01
h2:economic_activity         0.8853110    0.4934569  2.259287 6.432230e-02

$diagnostic_list$`Shock: labor_shortage`[[3]]
                               R-sqrd. Adj. R-sqrd.     F-stat      p-value
h3:labor_shortage            0.9515499    0.7709631  5.2692113 2.610881e-03
h3:inflation_expectations_1y 0.9957071    0.9797064 62.2289115 8.868561e-09
h3:inflation_expectations_3y 0.9670607    0.8442868  7.8767612 4.056801e-04
h3:inflation                 0.7396669   -0.2306657  0.7622818 7.472843e-01
h3:economic_activity         0.7509271   -0.1774356  0.8088726 7.048281e-01

$diagnostic_list$`Shock: labor_shortage`[[4]]
                               R-sqrd. Adj. R-sqrd.     F-stat      p-value
h4:labor_shortage            0.9456727   0.72293086  4.2455996 9.235870e-03
h4:inflation_expectations_1y 0.9901663   0.94984800 24.5587468 3.728094e-06
h4:inflation_expectations_3y 0.9429147   0.70886499  4.0286941 1.130305e-02
h4:inflation                 0.7471002  -0.28978909  0.7205207 7.799806e-01
h4:economic_activity         0.7844956  -0.09907267  0.8878721 6.331280e-01

$diagnostic_list$`Shock: labor_shortage`[[5]]
                               R-sqrd. Adj. R-sqrd.     F-stat      p-value
h5:labor_shortage            0.9512076    0.7289309  4.2793850 1.254264e-02
h5:inflation_expectations_1y 0.9867636    0.9264646 16.3645100 6.266478e-05
h5:inflation_expectations_3y 0.9498220    0.7212333  4.1551573 1.391255e-02
h5:inflation                 0.7941407   -0.1436626  0.8468094 6.674111e-01
h5:economic_activity         0.8813049    0.3405830  1.6298673 2.216637e-01

$diagnostic_list$`Shock: labor_shortage`[[6]]
                               R-sqrd. Adj. R-sqrd.    F-stat      p-value
h6:labor_shortage            0.9598097   0.75383439  4.659829 0.0135115447
h6:inflation_expectations_1y 0.9846661   0.90608012 12.529788 0.0004224926
h6:inflation_expectations_3y 0.9679077   0.80343464  5.884901 0.0062360680
h6:inflation                 0.9021179   0.40047237  1.798317 0.1929654559
h6:economic_activity         0.8399619   0.01976671  1.024100 0.5322287436

$diagnostic_list$`Shock: labor_shortage`[[7]]
                               R-sqrd.  Adj. R-sqrd.    F-stat      p-value
h7:labor_shortage            0.9865039  0.9074554151 12.479730 0.0009567099
h7:inflation_expectations_1y 0.9841068  0.8910177392 10.571674 0.0016349647
h7:inflation_expectations_3y 0.9752323  0.8301643614  6.722590 0.0067519915
h7:inflation                 0.8542072  0.0002776061  1.000325 0.5545737651
h7:economic_activity         0.7232312 -0.8978434458  0.446143 0.9498638309

$diagnostic_list$`Shock: labor_shortage`[[8]]
                               R-sqrd. Adj. R-sqrd.     F-stat     p-value
h8:labor_shortage            0.9876700    0.9034152 11.7224176 0.002587566
h8:inflation_expectations_1y 0.9869815    0.8980219 11.0947120 0.003015261
h8:inflation_expectations_3y 0.9805656    0.8477640  7.3836856 0.009135941
h8:inflation                 0.9365995    0.5033628  2.1618658 0.168163874
h8:economic_activity         0.7478902   -0.9748604  0.4341256 0.947701168

$diagnostic_list$`Shock: labor_shortage`[[9]]
                               R-sqrd. Adj. R-sqrd.    F-stat    p-value
h9:labor_shortage            0.9757202    0.7766257 4.9007889 0.04106434
h9:inflation_expectations_1y 0.9860383    0.8715526 8.6127655 0.01187064
h9:inflation_expectations_3y 0.9850989    0.8629098 8.0620852 0.01378912
h9:inflation                 0.9227471    0.2892733 1.4566460 0.36364356
h9:economic_activity         0.8051670   -0.7924633 0.5039758 0.89863935

$diagnostic_list$`Shock: labor_shortage`[[10]]
                                R-sqrd. Adj. R-sqrd.    F-stat     p-value
h10:labor_shortage            0.9796666    0.7712492  4.700503 0.070125456
h10:inflation_expectations_1y 0.9878202    0.8629772  7.912501 0.027929257
h10:inflation_expectations_3y 0.9966577    0.9623988 29.091969 0.002357318
h10:inflation                 0.9334122    0.2508875  1.367587 0.424100575
h10:economic_activity         0.8192820   -1.0330778  0.442291 0.920946981

$diagnostic_list$`Shock: labor_shortage`[[11]]
                                R-sqrd. Adj. R-sqrd.    F-stat     p-value
h11:labor_shortage            0.9863451    0.7997280  5.285396 0.096850190
h11:inflation_expectations_1y 0.9953982    0.9325076 15.827445 0.021032795
h11:inflation_expectations_3y 0.9973188    0.9606753 27.216803 0.009565714
h11:inflation                 0.9746333    0.6279551  2.811349 0.214747213
h11:economic_activity         0.8215438   -1.6173571  0.336850 0.957086520

$diagnostic_list$`Shock: labor_shortage`[[12]]
                                R-sqrd. Adj. R-sqrd.    F-stat   p-value
h12:labor_shortage            0.9858046    0.6947994 3.3875841 0.2540453
h12:inflation_expectations_1y 0.9922811    0.8340445 6.2708690 0.1468761
h12:inflation_expectations_3y 0.9844286    0.6652146 3.0839148 0.2751027
h12:inflation                 0.9671820    0.2944121 1.4376118 0.4954342
h12:economic_activity         0.9320019   -0.4619595 0.6685995 0.7639281


$diagnostic_list$`Shock: inflation_expectations_1y`
$diagnostic_list$`Shock: inflation_expectations_1y`[[1]]
                               R-sqrd. Adj. R-sqrd.    F-stat      p-value
h1:labor_shortage            0.9820343    0.9253731 17.331701 1.324174e-06
h1:inflation_expectations_1y 0.9966621    0.9861349 94.675093 3.010471e-11
h1:inflation_expectations_3y 0.9843460    0.9349758 19.938063 5.626534e-07
h1:inflation                 0.9004442    0.5864604  2.867804 2.176655e-02
h1:economic_activity         0.8530501    0.3895928  1.840623 1.170803e-01

$diagnostic_list$`Shock: inflation_expectations_1y`[[2]]
                               R-sqrd. Adj. R-sqrd.    F-stat      p-value
h2:labor_shortage            0.9680233    0.8587696  8.860326 1.261237e-04
h2:inflation_expectations_1y 0.9939656    0.9733480 48.209587 8.825834e-09
h2:inflation_expectations_3y 0.9746292    0.8879457 11.243538 3.519240e-05
h2:inflation                 0.8628153    0.3941008  1.840812 1.269215e-01
h2:economic_activity         0.8853110    0.4934569  2.259287 6.432230e-02

$diagnostic_list$`Shock: inflation_expectations_1y`[[3]]
                               R-sqrd. Adj. R-sqrd.     F-stat      p-value
h3:labor_shortage            0.9515499    0.7709631  5.2692113 2.610881e-03
h3:inflation_expectations_1y 0.9957071    0.9797064 62.2289115 8.868561e-09
h3:inflation_expectations_3y 0.9670607    0.8442868  7.8767612 4.056801e-04
h3:inflation                 0.7396669   -0.2306657  0.7622818 7.472843e-01
h3:economic_activity         0.7509271   -0.1774356  0.8088726 7.048281e-01

$diagnostic_list$`Shock: inflation_expectations_1y`[[4]]
                               R-sqrd. Adj. R-sqrd.     F-stat      p-value
h4:labor_shortage            0.9456727   0.72293086  4.2455996 9.235870e-03
h4:inflation_expectations_1y 0.9901663   0.94984800 24.5587468 3.728094e-06
h4:inflation_expectations_3y 0.9429147   0.70886499  4.0286941 1.130305e-02
h4:inflation                 0.7471002  -0.28978909  0.7205207 7.799806e-01
h4:economic_activity         0.7844956  -0.09907267  0.8878721 6.331280e-01

$diagnostic_list$`Shock: inflation_expectations_1y`[[5]]
                               R-sqrd. Adj. R-sqrd.     F-stat      p-value
h5:labor_shortage            0.9512076    0.7289309  4.2793850 1.254264e-02
h5:inflation_expectations_1y 0.9867636    0.9264646 16.3645100 6.266478e-05
h5:inflation_expectations_3y 0.9498220    0.7212333  4.1551573 1.391255e-02
h5:inflation                 0.7941407   -0.1436626  0.8468094 6.674111e-01
h5:economic_activity         0.8813049    0.3405830  1.6298673 2.216637e-01

$diagnostic_list$`Shock: inflation_expectations_1y`[[6]]
                               R-sqrd. Adj. R-sqrd.    F-stat      p-value
h6:labor_shortage            0.9598097   0.75383439  4.659829 0.0135115447
h6:inflation_expectations_1y 0.9846661   0.90608012 12.529788 0.0004224926
h6:inflation_expectations_3y 0.9679077   0.80343464  5.884901 0.0062360680
h6:inflation                 0.9021179   0.40047237  1.798317 0.1929654559
h6:economic_activity         0.8399619   0.01976671  1.024100 0.5322287436

$diagnostic_list$`Shock: inflation_expectations_1y`[[7]]
                               R-sqrd.  Adj. R-sqrd.    F-stat      p-value
h7:labor_shortage            0.9865039  0.9074554151 12.479730 0.0009567099
h7:inflation_expectations_1y 0.9841068  0.8910177392 10.571674 0.0016349647
h7:inflation_expectations_3y 0.9752323  0.8301643614  6.722590 0.0067519915
h7:inflation                 0.8542072  0.0002776061  1.000325 0.5545737651
h7:economic_activity         0.7232312 -0.8978434458  0.446143 0.9498638309

$diagnostic_list$`Shock: inflation_expectations_1y`[[8]]
                               R-sqrd. Adj. R-sqrd.     F-stat     p-value
h8:labor_shortage            0.9876700    0.9034152 11.7224176 0.002587566
h8:inflation_expectations_1y 0.9869815    0.8980219 11.0947120 0.003015261
h8:inflation_expectations_3y 0.9805656    0.8477640  7.3836856 0.009135941
h8:inflation                 0.9365995    0.5033628  2.1618658 0.168163874
h8:economic_activity         0.7478902   -0.9748604  0.4341256 0.947701168

$diagnostic_list$`Shock: inflation_expectations_1y`[[9]]
                               R-sqrd. Adj. R-sqrd.    F-stat    p-value
h9:labor_shortage            0.9757202    0.7766257 4.9007889 0.04106434
h9:inflation_expectations_1y 0.9860383    0.8715526 8.6127655 0.01187064
h9:inflation_expectations_3y 0.9850989    0.8629098 8.0620852 0.01378912
h9:inflation                 0.9227471    0.2892733 1.4566460 0.36364356
h9:economic_activity         0.8051670   -0.7924633 0.5039758 0.89863935

$diagnostic_list$`Shock: inflation_expectations_1y`[[10]]
                                R-sqrd. Adj. R-sqrd.    F-stat     p-value
h10:labor_shortage            0.9796666    0.7712492  4.700503 0.070125456
h10:inflation_expectations_1y 0.9878202    0.8629772  7.912501 0.027929257
h10:inflation_expectations_3y 0.9966577    0.9623988 29.091969 0.002357318
h10:inflation                 0.9334122    0.2508875  1.367587 0.424100575
h10:economic_activity         0.8192820   -1.0330778  0.442291 0.920946981

$diagnostic_list$`Shock: inflation_expectations_1y`[[11]]
                                R-sqrd. Adj. R-sqrd.    F-stat     p-value
h11:labor_shortage            0.9863451    0.7997280  5.285396 0.096850190
h11:inflation_expectations_1y 0.9953982    0.9325076 15.827445 0.021032795
h11:inflation_expectations_3y 0.9973188    0.9606753 27.216803 0.009565714
h11:inflation                 0.9746333    0.6279551  2.811349 0.214747213
h11:economic_activity         0.8215438   -1.6173571  0.336850 0.957086520

$diagnostic_list$`Shock: inflation_expectations_1y`[[12]]
                                R-sqrd. Adj. R-sqrd.    F-stat   p-value
h12:labor_shortage            0.9858046    0.6947994 3.3875841 0.2540453
h12:inflation_expectations_1y 0.9922811    0.8340445 6.2708690 0.1468761
h12:inflation_expectations_3y 0.9844286    0.6652146 3.0839148 0.2751027
h12:inflation                 0.9671820    0.2944121 1.4376118 0.4954342
h12:economic_activity         0.9320019   -0.4619595 0.6685995 0.7639281


$diagnostic_list$`Shock: inflation_expectations_3y`
$diagnostic_list$`Shock: inflation_expectations_3y`[[1]]
                               R-sqrd. Adj. R-sqrd.    F-stat      p-value
h1:labor_shortage            0.9820343    0.9253731 17.331701 1.324174e-06
h1:inflation_expectations_1y 0.9966621    0.9861349 94.675093 3.010471e-11
h1:inflation_expectations_3y 0.9843460    0.9349758 19.938063 5.626534e-07
h1:inflation                 0.9004442    0.5864604  2.867804 2.176655e-02
h1:economic_activity         0.8530501    0.3895928  1.840623 1.170803e-01

$diagnostic_list$`Shock: inflation_expectations_3y`[[2]]
                               R-sqrd. Adj. R-sqrd.    F-stat      p-value
h2:labor_shortage            0.9680233    0.8587696  8.860326 1.261237e-04
h2:inflation_expectations_1y 0.9939656    0.9733480 48.209587 8.825834e-09
h2:inflation_expectations_3y 0.9746292    0.8879457 11.243538 3.519240e-05
h2:inflation                 0.8628153    0.3941008  1.840812 1.269215e-01
h2:economic_activity         0.8853110    0.4934569  2.259287 6.432230e-02

$diagnostic_list$`Shock: inflation_expectations_3y`[[3]]
                               R-sqrd. Adj. R-sqrd.     F-stat      p-value
h3:labor_shortage            0.9515499    0.7709631  5.2692113 2.610881e-03
h3:inflation_expectations_1y 0.9957071    0.9797064 62.2289115 8.868561e-09
h3:inflation_expectations_3y 0.9670607    0.8442868  7.8767612 4.056801e-04
h3:inflation                 0.7396669   -0.2306657  0.7622818 7.472843e-01
h3:economic_activity         0.7509271   -0.1774356  0.8088726 7.048281e-01

$diagnostic_list$`Shock: inflation_expectations_3y`[[4]]
                               R-sqrd. Adj. R-sqrd.     F-stat      p-value
h4:labor_shortage            0.9456727   0.72293086  4.2455996 9.235870e-03
h4:inflation_expectations_1y 0.9901663   0.94984800 24.5587468 3.728094e-06
h4:inflation_expectations_3y 0.9429147   0.70886499  4.0286941 1.130305e-02
h4:inflation                 0.7471002  -0.28978909  0.7205207 7.799806e-01
h4:economic_activity         0.7844956  -0.09907267  0.8878721 6.331280e-01

$diagnostic_list$`Shock: inflation_expectations_3y`[[5]]
                               R-sqrd. Adj. R-sqrd.     F-stat      p-value
h5:labor_shortage            0.9512076    0.7289309  4.2793850 1.254264e-02
h5:inflation_expectations_1y 0.9867636    0.9264646 16.3645100 6.266478e-05
h5:inflation_expectations_3y 0.9498220    0.7212333  4.1551573 1.391255e-02
h5:inflation                 0.7941407   -0.1436626  0.8468094 6.674111e-01
h5:economic_activity         0.8813049    0.3405830  1.6298673 2.216637e-01

$diagnostic_list$`Shock: inflation_expectations_3y`[[6]]
                               R-sqrd. Adj. R-sqrd.    F-stat      p-value
h6:labor_shortage            0.9598097   0.75383439  4.659829 0.0135115447
h6:inflation_expectations_1y 0.9846661   0.90608012 12.529788 0.0004224926
h6:inflation_expectations_3y 0.9679077   0.80343464  5.884901 0.0062360680
h6:inflation                 0.9021179   0.40047237  1.798317 0.1929654559
h6:economic_activity         0.8399619   0.01976671  1.024100 0.5322287436

$diagnostic_list$`Shock: inflation_expectations_3y`[[7]]
                               R-sqrd.  Adj. R-sqrd.    F-stat      p-value
h7:labor_shortage            0.9865039  0.9074554151 12.479730 0.0009567099
h7:inflation_expectations_1y 0.9841068  0.8910177392 10.571674 0.0016349647
h7:inflation_expectations_3y 0.9752323  0.8301643614  6.722590 0.0067519915
h7:inflation                 0.8542072  0.0002776061  1.000325 0.5545737651
h7:economic_activity         0.7232312 -0.8978434458  0.446143 0.9498638309

$diagnostic_list$`Shock: inflation_expectations_3y`[[8]]
                               R-sqrd. Adj. R-sqrd.     F-stat     p-value
h8:labor_shortage            0.9876700    0.9034152 11.7224176 0.002587566
h8:inflation_expectations_1y 0.9869815    0.8980219 11.0947120 0.003015261
h8:inflation_expectations_3y 0.9805656    0.8477640  7.3836856 0.009135941
h8:inflation                 0.9365995    0.5033628  2.1618658 0.168163874
h8:economic_activity         0.7478902   -0.9748604  0.4341256 0.947701168

$diagnostic_list$`Shock: inflation_expectations_3y`[[9]]
                               R-sqrd. Adj. R-sqrd.    F-stat    p-value
h9:labor_shortage            0.9757202    0.7766257 4.9007889 0.04106434
h9:inflation_expectations_1y 0.9860383    0.8715526 8.6127655 0.01187064
h9:inflation_expectations_3y 0.9850989    0.8629098 8.0620852 0.01378912
h9:inflation                 0.9227471    0.2892733 1.4566460 0.36364356
h9:economic_activity         0.8051670   -0.7924633 0.5039758 0.89863935

$diagnostic_list$`Shock: inflation_expectations_3y`[[10]]
                                R-sqrd. Adj. R-sqrd.    F-stat     p-value
h10:labor_shortage            0.9796666    0.7712492  4.700503 0.070125456
h10:inflation_expectations_1y 0.9878202    0.8629772  7.912501 0.027929257
h10:inflation_expectations_3y 0.9966577    0.9623988 29.091969 0.002357318
h10:inflation                 0.9334122    0.2508875  1.367587 0.424100575
h10:economic_activity         0.8192820   -1.0330778  0.442291 0.920946981

$diagnostic_list$`Shock: inflation_expectations_3y`[[11]]
                                R-sqrd. Adj. R-sqrd.    F-stat     p-value
h11:labor_shortage            0.9863451    0.7997280  5.285396 0.096850190
h11:inflation_expectations_1y 0.9953982    0.9325076 15.827445 0.021032795
h11:inflation_expectations_3y 0.9973188    0.9606753 27.216803 0.009565714
h11:inflation                 0.9746333    0.6279551  2.811349 0.214747213
h11:economic_activity         0.8215438   -1.6173571  0.336850 0.957086520

$diagnostic_list$`Shock: inflation_expectations_3y`[[12]]
                                R-sqrd. Adj. R-sqrd.    F-stat   p-value
h12:labor_shortage            0.9858046    0.6947994 3.3875841 0.2540453
h12:inflation_expectations_1y 0.9922811    0.8340445 6.2708690 0.1468761
h12:inflation_expectations_3y 0.9844286    0.6652146 3.0839148 0.2751027
h12:inflation                 0.9671820    0.2944121 1.4376118 0.4954342
h12:economic_activity         0.9320019   -0.4619595 0.6685995 0.7639281


$diagnostic_list$`Shock: inflation`
$diagnostic_list$`Shock: inflation`[[1]]
                               R-sqrd. Adj. R-sqrd.    F-stat      p-value
h1:labor_shortage            0.9820343    0.9253731 17.331701 1.324174e-06
h1:inflation_expectations_1y 0.9966621    0.9861349 94.675093 3.010471e-11
h1:inflation_expectations_3y 0.9843460    0.9349758 19.938063 5.626534e-07
h1:inflation                 0.9004442    0.5864604  2.867804 2.176655e-02
h1:economic_activity         0.8530501    0.3895928  1.840623 1.170803e-01

$diagnostic_list$`Shock: inflation`[[2]]
                               R-sqrd. Adj. R-sqrd.    F-stat      p-value
h2:labor_shortage            0.9680233    0.8587696  8.860326 1.261237e-04
h2:inflation_expectations_1y 0.9939656    0.9733480 48.209587 8.825834e-09
h2:inflation_expectations_3y 0.9746292    0.8879457 11.243538 3.519240e-05
h2:inflation                 0.8628153    0.3941008  1.840812 1.269215e-01
h2:economic_activity         0.8853110    0.4934569  2.259287 6.432230e-02

$diagnostic_list$`Shock: inflation`[[3]]
                               R-sqrd. Adj. R-sqrd.     F-stat      p-value
h3:labor_shortage            0.9515499    0.7709631  5.2692113 2.610881e-03
h3:inflation_expectations_1y 0.9957071    0.9797064 62.2289115 8.868561e-09
h3:inflation_expectations_3y 0.9670607    0.8442868  7.8767612 4.056801e-04
h3:inflation                 0.7396669   -0.2306657  0.7622818 7.472843e-01
h3:economic_activity         0.7509271   -0.1774356  0.8088726 7.048281e-01

$diagnostic_list$`Shock: inflation`[[4]]
                               R-sqrd. Adj. R-sqrd.     F-stat      p-value
h4:labor_shortage            0.9456727   0.72293086  4.2455996 9.235870e-03
h4:inflation_expectations_1y 0.9901663   0.94984800 24.5587468 3.728094e-06
h4:inflation_expectations_3y 0.9429147   0.70886499  4.0286941 1.130305e-02
h4:inflation                 0.7471002  -0.28978909  0.7205207 7.799806e-01
h4:economic_activity         0.7844956  -0.09907267  0.8878721 6.331280e-01

$diagnostic_list$`Shock: inflation`[[5]]
                               R-sqrd. Adj. R-sqrd.     F-stat      p-value
h5:labor_shortage            0.9512076    0.7289309  4.2793850 1.254264e-02
h5:inflation_expectations_1y 0.9867636    0.9264646 16.3645100 6.266478e-05
h5:inflation_expectations_3y 0.9498220    0.7212333  4.1551573 1.391255e-02
h5:inflation                 0.7941407   -0.1436626  0.8468094 6.674111e-01
h5:economic_activity         0.8813049    0.3405830  1.6298673 2.216637e-01

$diagnostic_list$`Shock: inflation`[[6]]
                               R-sqrd. Adj. R-sqrd.    F-stat      p-value
h6:labor_shortage            0.9598097   0.75383439  4.659829 0.0135115447
h6:inflation_expectations_1y 0.9846661   0.90608012 12.529788 0.0004224926
h6:inflation_expectations_3y 0.9679077   0.80343464  5.884901 0.0062360680
h6:inflation                 0.9021179   0.40047237  1.798317 0.1929654559
h6:economic_activity         0.8399619   0.01976671  1.024100 0.5322287436

$diagnostic_list$`Shock: inflation`[[7]]
                               R-sqrd.  Adj. R-sqrd.    F-stat      p-value
h7:labor_shortage            0.9865039  0.9074554151 12.479730 0.0009567099
h7:inflation_expectations_1y 0.9841068  0.8910177392 10.571674 0.0016349647
h7:inflation_expectations_3y 0.9752323  0.8301643614  6.722590 0.0067519915
h7:inflation                 0.8542072  0.0002776061  1.000325 0.5545737651
h7:economic_activity         0.7232312 -0.8978434458  0.446143 0.9498638309

$diagnostic_list$`Shock: inflation`[[8]]
                               R-sqrd. Adj. R-sqrd.     F-stat     p-value
h8:labor_shortage            0.9876700    0.9034152 11.7224176 0.002587566
h8:inflation_expectations_1y 0.9869815    0.8980219 11.0947120 0.003015261
h8:inflation_expectations_3y 0.9805656    0.8477640  7.3836856 0.009135941
h8:inflation                 0.9365995    0.5033628  2.1618658 0.168163874
h8:economic_activity         0.7478902   -0.9748604  0.4341256 0.947701168

$diagnostic_list$`Shock: inflation`[[9]]
                               R-sqrd. Adj. R-sqrd.    F-stat    p-value
h9:labor_shortage            0.9757202    0.7766257 4.9007889 0.04106434
h9:inflation_expectations_1y 0.9860383    0.8715526 8.6127655 0.01187064
h9:inflation_expectations_3y 0.9850989    0.8629098 8.0620852 0.01378912
h9:inflation                 0.9227471    0.2892733 1.4566460 0.36364356
h9:economic_activity         0.8051670   -0.7924633 0.5039758 0.89863935

$diagnostic_list$`Shock: inflation`[[10]]
                                R-sqrd. Adj. R-sqrd.    F-stat     p-value
h10:labor_shortage            0.9796666    0.7712492  4.700503 0.070125456
h10:inflation_expectations_1y 0.9878202    0.8629772  7.912501 0.027929257
h10:inflation_expectations_3y 0.9966577    0.9623988 29.091969 0.002357318
h10:inflation                 0.9334122    0.2508875  1.367587 0.424100575
h10:economic_activity         0.8192820   -1.0330778  0.442291 0.920946981

$diagnostic_list$`Shock: inflation`[[11]]
                                R-sqrd. Adj. R-sqrd.    F-stat     p-value
h11:labor_shortage            0.9863451    0.7997280  5.285396 0.096850190
h11:inflation_expectations_1y 0.9953982    0.9325076 15.827445 0.021032795
h11:inflation_expectations_3y 0.9973188    0.9606753 27.216803 0.009565714
h11:inflation                 0.9746333    0.6279551  2.811349 0.214747213
h11:economic_activity         0.8215438   -1.6173571  0.336850 0.957086520

$diagnostic_list$`Shock: inflation`[[12]]
                                R-sqrd. Adj. R-sqrd.    F-stat   p-value
h12:labor_shortage            0.9858046    0.6947994 3.3875841 0.2540453
h12:inflation_expectations_1y 0.9922811    0.8340445 6.2708690 0.1468761
h12:inflation_expectations_3y 0.9844286    0.6652146 3.0839148 0.2751027
h12:inflation                 0.9671820    0.2944121 1.4376118 0.4954342
h12:economic_activity         0.9320019   -0.4619595 0.6685995 0.7639281


$diagnostic_list$`Shock: economic_activity`
$diagnostic_list$`Shock: economic_activity`[[1]]
                               R-sqrd. Adj. R-sqrd.    F-stat      p-value
h1:labor_shortage            0.9820343    0.9253731 17.331701 1.324174e-06
h1:inflation_expectations_1y 0.9966621    0.9861349 94.675093 3.010471e-11
h1:inflation_expectations_3y 0.9843460    0.9349758 19.938063 5.626534e-07
h1:inflation                 0.9004442    0.5864604  2.867804 2.176655e-02
h1:economic_activity         0.8530501    0.3895928  1.840623 1.170803e-01

$diagnostic_list$`Shock: economic_activity`[[2]]
                               R-sqrd. Adj. R-sqrd.    F-stat      p-value
h2:labor_shortage            0.9680233    0.8587696  8.860326 1.261237e-04
h2:inflation_expectations_1y 0.9939656    0.9733480 48.209587 8.825834e-09
h2:inflation_expectations_3y 0.9746292    0.8879457 11.243538 3.519240e-05
h2:inflation                 0.8628153    0.3941008  1.840812 1.269215e-01
h2:economic_activity         0.8853110    0.4934569  2.259287 6.432230e-02

$diagnostic_list$`Shock: economic_activity`[[3]]
                               R-sqrd. Adj. R-sqrd.     F-stat      p-value
h3:labor_shortage            0.9515499    0.7709631  5.2692113 2.610881e-03
h3:inflation_expectations_1y 0.9957071    0.9797064 62.2289115 8.868561e-09
h3:inflation_expectations_3y 0.9670607    0.8442868  7.8767612 4.056801e-04
h3:inflation                 0.7396669   -0.2306657  0.7622818 7.472843e-01
h3:economic_activity         0.7509271   -0.1774356  0.8088726 7.048281e-01

$diagnostic_list$`Shock: economic_activity`[[4]]
                               R-sqrd. Adj. R-sqrd.     F-stat      p-value
h4:labor_shortage            0.9456727   0.72293086  4.2455996 9.235870e-03
h4:inflation_expectations_1y 0.9901663   0.94984800 24.5587468 3.728094e-06
h4:inflation_expectations_3y 0.9429147   0.70886499  4.0286941 1.130305e-02
h4:inflation                 0.7471002  -0.28978909  0.7205207 7.799806e-01
h4:economic_activity         0.7844956  -0.09907267  0.8878721 6.331280e-01

$diagnostic_list$`Shock: economic_activity`[[5]]
                               R-sqrd. Adj. R-sqrd.     F-stat      p-value
h5:labor_shortage            0.9512076    0.7289309  4.2793850 1.254264e-02
h5:inflation_expectations_1y 0.9867636    0.9264646 16.3645100 6.266478e-05
h5:inflation_expectations_3y 0.9498220    0.7212333  4.1551573 1.391255e-02
h5:inflation                 0.7941407   -0.1436626  0.8468094 6.674111e-01
h5:economic_activity         0.8813049    0.3405830  1.6298673 2.216637e-01

$diagnostic_list$`Shock: economic_activity`[[6]]
                               R-sqrd. Adj. R-sqrd.    F-stat      p-value
h6:labor_shortage            0.9598097   0.75383439  4.659829 0.0135115447
h6:inflation_expectations_1y 0.9846661   0.90608012 12.529788 0.0004224926
h6:inflation_expectations_3y 0.9679077   0.80343464  5.884901 0.0062360680
h6:inflation                 0.9021179   0.40047237  1.798317 0.1929654559
h6:economic_activity         0.8399619   0.01976671  1.024100 0.5322287436

$diagnostic_list$`Shock: economic_activity`[[7]]
                               R-sqrd.  Adj. R-sqrd.    F-stat      p-value
h7:labor_shortage            0.9865039  0.9074554151 12.479730 0.0009567099
h7:inflation_expectations_1y 0.9841068  0.8910177392 10.571674 0.0016349647
h7:inflation_expectations_3y 0.9752323  0.8301643614  6.722590 0.0067519915
h7:inflation                 0.8542072  0.0002776061  1.000325 0.5545737651
h7:economic_activity         0.7232312 -0.8978434458  0.446143 0.9498638309

$diagnostic_list$`Shock: economic_activity`[[8]]
                               R-sqrd. Adj. R-sqrd.     F-stat     p-value
h8:labor_shortage            0.9876700    0.9034152 11.7224176 0.002587566
h8:inflation_expectations_1y 0.9869815    0.8980219 11.0947120 0.003015261
h8:inflation_expectations_3y 0.9805656    0.8477640  7.3836856 0.009135941
h8:inflation                 0.9365995    0.5033628  2.1618658 0.168163874
h8:economic_activity         0.7478902   -0.9748604  0.4341256 0.947701168

$diagnostic_list$`Shock: economic_activity`[[9]]
                               R-sqrd. Adj. R-sqrd.    F-stat    p-value
h9:labor_shortage            0.9757202    0.7766257 4.9007889 0.04106434
h9:inflation_expectations_1y 0.9860383    0.8715526 8.6127655 0.01187064
h9:inflation_expectations_3y 0.9850989    0.8629098 8.0620852 0.01378912
h9:inflation                 0.9227471    0.2892733 1.4566460 0.36364356
h9:economic_activity         0.8051670   -0.7924633 0.5039758 0.89863935

$diagnostic_list$`Shock: economic_activity`[[10]]
                                R-sqrd. Adj. R-sqrd.    F-stat     p-value
h10:labor_shortage            0.9796666    0.7712492  4.700503 0.070125456
h10:inflation_expectations_1y 0.9878202    0.8629772  7.912501 0.027929257
h10:inflation_expectations_3y 0.9966577    0.9623988 29.091969 0.002357318
h10:inflation                 0.9334122    0.2508875  1.367587 0.424100575
h10:economic_activity         0.8192820   -1.0330778  0.442291 0.920946981

$diagnostic_list$`Shock: economic_activity`[[11]]
                                R-sqrd. Adj. R-sqrd.    F-stat     p-value
h11:labor_shortage            0.9863451    0.7997280  5.285396 0.096850190
h11:inflation_expectations_1y 0.9953982    0.9325076 15.827445 0.021032795
h11:inflation_expectations_3y 0.9973188    0.9606753 27.216803 0.009565714
h11:inflation                 0.9746333    0.6279551  2.811349 0.214747213
h11:economic_activity         0.8215438   -1.6173571  0.336850 0.957086520

$diagnostic_list$`Shock: economic_activity`[[12]]
                                R-sqrd. Adj. R-sqrd.    F-stat   p-value
h12:labor_shortage            0.9858046    0.6947994 3.3875841 0.2540453
h12:inflation_expectations_1y 0.9922811    0.8340445 6.2708690 0.1468761
h12:inflation_expectations_3y 0.9844286    0.6652146 3.0839148 0.2751027
h12:inflation                 0.9671820    0.2944121 1.4376118 0.4954342
h12:economic_activity         0.9320019   -0.4619595 0.6685995 0.7639281



$specs
$specs$lags_endog_lin
SC(n) 
    6 

$specs$lags_criterion
[1] NaN

$specs$max_lags
[1] NaN

$specs$trend
[1] 0

$specs$shock_type
[1] 0

$specs$confint
[1] 1.65

$specs$hor
[1] 12

$specs$use_nw
[1] TRUE

$specs$nw_prewhite
[1] FALSE

$specs$adjust_se
[1] FALSE

$specs$use_twosls
[1] FALSE

$specs$contemp_data
$specs$contemp_data$dummy
 [1] 0 0 0 0 0 0 0 0 0 0 0 0 0 0 0 0 0 0 0 0 0 0 0 0 0 0 1 1 1 1 0 1 0 1 0 0 0 0 0 0 0 0 0 0 0 0 0 0 0 0 0 0 0 0 0 0 0 0 0 0
[61] 0

$specs$contemp_data$Jan
 [1] 0 0 0 0 0 0 0 0 0 0 0 1 0 0 0 0 0 0 0 0 0 0 0 1 0 0 0 0 0 0 0 0 0 0 0 1 0 0 0 0 0 0 0 0 0 0 0 1 0 0 0 0 0 0 0 0 0 0 0 1
[61] 0

$specs$contemp_data$Feb
 [1] 1 0 0 0 0 0 0 0 0 0 0 0 1 0 0 0 0 0 0 0 0 0 0 0 1 0 0 0 0 0 0 0 0 0 0 0 1 0 0 0 0 0 0 0 0 0 0 0 1 0 0 0 0 0 0 0 0 0 0 0
[61] 1

$specs$contemp_data$Mar
 [1] 0 1 0 0 0 0 0 0 0 0 0 0 0 1 0 0 0 0 0 0 0 0 0 0 0 1 0 0 0 0 0 0 0 0 0 0 0 1 0 0 0 0 0 0 0 0 0 0 0 1 0 0 0 0 0 0 0 0 0 0
[61] 0

$specs$contemp_data$Apr
 [1] 0 0 1 0 0 0 0 0 0 0 0 0 0 0 1 0 0 0 0 0 0 0 0 0 0 0 1 0 0 0 0 0 0 0 0 0 0 0 1 0 0 0 0 0 0 0 0 0 0 0 1 0 0 0 0 0 0 0 0 0
[61] 0

$specs$contemp_data$May
 [1] 0 0 0 1 0 0 0 0 0 0 0 0 0 0 0 1 0 0 0 0 0 0 0 0 0 0 0 1 0 0 0 0 0 0 0 0 0 0 0 1 0 0 0 0 0 0 0 0 0 0 0 1 0 0 0 0 0 0 0 0
[61] 0

$specs$contemp_data$Jun
 [1] 0 0 0 0 1 0 0 0 0 0 0 0 0 0 0 0 1 0 0 0 0 0 0 0 0 0 0 0 1 0 0 0 0 0 0 0 0 0 0 0 1 0 0 0 0 0 0 0 0 0 0 0 1 0 0 0 0 0 0 0
[61] 0

$specs$contemp_data$Jul
 [1] 0 0 0 0 0 1 0 0 0 0 0 0 0 0 0 0 0 1 0 0 0 0 0 0 0 0 0 0 0 1 0 0 0 0 0 0 0 0 0 0 0 1 0 0 0 0 0 0 0 0 0 0 0 1 0 0 0 0 0 0
[61] 0

$specs$contemp_data$Aug
 [1] 0 0 0 0 0 0 1 0 0 0 0 0 0 0 0 0 0 0 1 0 0 0 0 0 0 0 0 0 0 0 1 0 0 0 0 0 0 0 0 0 0 0 1 0 0 0 0 0 0 0 0 0 0 0 1 0 0 0 0 0
[61] 0

$specs$contemp_data$Sep
 [1] 0 0 0 0 0 0 0 1 0 0 0 0 0 0 0 0 0 0 0 1 0 0 0 0 0 0 0 0 0 0 0 1 0 0 0 0 0 0 0 0 0 0 0 1 0 0 0 0 0 0 0 0 0 0 0 1 0 0 0 0
[61] 0

$specs$contemp_data$Oct
 [1] 0 0 0 0 0 0 0 0 1 0 0 0 0 0 0 0 0 0 0 0 1 0 0 0 0 0 0 0 0 0 0 0 1 0 0 0 0 0 0 0 0 0 0 0 1 0 0 0 0 0 0 0 0 0 0 0 1 0 0 0
[61] 0


$specs$model_type
[1] 0

$specs$starts
[1] 1

$specs$ends
[1] 61

$specs$column_names
[1] "labor_shortage"            "inflation_expectations_1y" "inflation_expectations_3y" "inflation"                
[5] "economic_activity"        

$specs$endog
[1] 5

$specs$y_lin
   labor_shortage inflation_expectations_1y inflation_expectations_3y    inflation economic_activity
7    0.0205308445                  2.982717                  2.883912  0.009406502        0.03236078
8    0.0077915934                  3.000000                  3.000000  0.021640425        0.02930438
9    0.0022493571                  2.995079                  3.000000  0.025003951        0.02923299
10   0.0062618143                  3.000000                  3.000000  0.028405410        0.02229492
11   0.0106924433                  2.969947                  2.883912 -0.008420605        0.02323041
12  -0.0057244288                  3.000000                  2.980844  0.008246918        0.01734758
13  -0.0100851309                  2.969947                  2.969947 -0.002323999        0.03391158
14  -0.0078575091                  2.793575                  2.768439  0.029025084        0.02600387
15  -0.0166542062                  2.816437                  2.864411  0.042416785        0.02691934
16  -0.0032462789                  2.598124                  2.693518  0.048586660        0.03757401
17  -0.0132419446                  2.453082                  2.593332  0.003720327        0.02002637
18  -0.0227314377                  2.670152                  2.662437 -0.006141925        0.02480201
19  -0.0282045374                  2.590599                  2.579365  0.024993882        0.02186920
20  -0.0209766701                  2.414448                  2.501432  0.017681720        0.02278745
21  -0.0182884646                  2.483634                  2.374794  0.021370449        0.03620964
22  -0.0323293758                  2.330186                  2.378875  0.034784574        0.01981848
23  -0.0186659930                  2.347553                  2.521351  0.026361361        0.02549842
24  -0.0276066290                  2.527644                  2.537525  0.038444527        0.02259084
25  -0.0218859788                  2.495654                  2.537525  0.019694440        0.03781474
26  -0.0133333343                  2.537525                  2.588670  0.009814561        0.03578346
27  -0.0410237665                  2.537525                  2.399339 -0.050912346       -0.07956922
28  -0.0437734750                  2.623311                  2.623311 -0.090824177       -0.77070172
29  -0.0334013549                  3.000000                  2.610335 -0.010450429        0.21339722
30  -0.0177744842                  2.681402                  2.473736  0.053592068        0.21330076
31  -0.0239497894                  2.887446                  2.731703  0.061866907        0.02971606
32  -0.0158407036                  3.000000                  2.980844  0.053808986        0.15791953
33  -0.0236988407                  2.980844                  2.742111  0.028930510        0.07717705
34  -0.0137614932                  2.836102                  2.702108  0.011918979        0.10115859
35  -0.0038818854                  2.962508                  2.819740  0.024543630        0.04507153
36  -0.0015400039                  3.000000                  2.980844  0.057557700        0.01677041
37  -0.0014884856                  3.046669                  3.028186  0.028496735        0.06736316
38   0.0062280834                  3.090884                  3.000000  0.045997380        0.05066022
39   0.0061650299                  3.244256                  3.092952  0.059503194        0.06160136
40   0.0184674397                  3.360180                  3.098045  0.082225516        0.03720211
41   0.0199743491                  4.000000                  3.569710  0.082531234        0.06412900
42   0.0285680900                  4.801745                  3.546918  0.098347464        0.05475905
43   0.0176240163                  4.842451                  3.711669  0.054649100        0.08879717
44   0.0187524465                  5.179827                  3.999662  0.049840953        0.06602323
45   0.0097663128                  5.310169                  4.193985  0.052018077        0.07861505
46   0.0251302710                  5.653467                  4.211177  0.114305741        0.06819482
47   0.0264357336                  6.000000                  4.011200  0.098833469        0.06879133
48   0.0303950504                  5.990274                  4.000000  0.097421769        0.06937609
49   0.0319840141                  5.788440                  3.477248  0.075404740        0.03542764
50   0.0284013325                  6.000000                  3.774801  0.088488916        0.07849205
51   0.0197288315                  6.583898                  3.674923  0.126900569        0.05112829
52   0.0205629035                  6.345438                  3.902376  0.048497289        0.04431433
53   0.0196323577                  6.576015                  3.879077  0.115684054        0.03389257
54   0.0056362973                  6.775855                  3.618484  0.151285219        0.03843642
55   0.0077479004                  6.223626                  3.182451 -0.004064650        0.05041760
56   0.0027540520                  5.745714                  2.755268  0.028517738        0.02896168
57  -0.0006992582                  5.440794                  2.909971  0.050566174        0.04915587
58  -0.0027656537                  5.944291                  3.110663  0.060045147        0.03059615
59  -0.0019876398                  5.228549                  2.997374  0.024858721        0.04330825
60  -0.0028987450                  4.993469                  2.992784  0.015857387        0.03585464
61  -0.0068917667                  4.954980                  2.711993  0.063675095        0.04576300

$specs$x_lin
   labor_shortage_lag_1 inflation_expectations_1y_lag_1 inflation_expectations_3y_lag_1 inflation_lag_1
7          0.0089523790                        2.980844                        3.000000     0.010862582
8          0.0205308445                        2.982717                        2.883912     0.009406502
9          0.0077915934                        3.000000                        3.000000     0.021640425
10         0.0022493571                        2.995079                        3.000000     0.025003951
11         0.0062618143                        3.000000                        3.000000     0.028405410
12         0.0106924433                        2.969947                        2.883912    -0.008420605
13        -0.0057244288                        3.000000                        2.980844     0.008246918
14        -0.0100851309                        2.969947                        2.969947    -0.002323999
15        -0.0078575091                        2.793575                        2.768439     0.029025084
16        -0.0166542062                        2.816437                        2.864411     0.042416785
17        -0.0032462789                        2.598124                        2.693518     0.048586660
18        -0.0132419446                        2.453082                        2.593332     0.003720327
19        -0.0227314377                        2.670152                        2.662437    -0.006141925
20        -0.0282045374                        2.590599                        2.579365     0.024993882
21        -0.0209766701                        2.414448                        2.501432     0.017681720
22        -0.0182884646                        2.483634                        2.374794     0.021370449
23        -0.0323293758                        2.330186                        2.378875     0.034784574
24        -0.0186659930                        2.347553                        2.521351     0.026361361
25        -0.0276066290                        2.527644                        2.537525     0.038444527
26        -0.0218859788                        2.495654                        2.537525     0.019694440
27        -0.0133333343                        2.537525                        2.588670     0.009814561
28        -0.0410237665                        2.537525                        2.399339    -0.050912346
29        -0.0437734750                        2.623311                        2.623311    -0.090824177
30        -0.0334013549                        3.000000                        2.610335    -0.010450429
   economic_activity_lag_1 labor_shortage_lag_2 inflation_expectations_1y_lag_2 inflation_expectations_3y_lag_2
7               0.01757053         0.0022702857                        2.980844                        2.961960
8               0.03236078         0.0089523790                        2.980844                        3.000000
9               0.02930438         0.0205308445                        2.982717                        2.883912
10              0.02923299         0.0077915934                        3.000000                        3.000000
11              0.02229492         0.0022493571                        2.995079                        3.000000
12              0.02323041         0.0062618143                        3.000000                        3.000000
13              0.01734758         0.0106924433                        2.969947                        2.883912
14              0.03391158        -0.0057244288                        3.000000                        2.980844
15              0.02600387        -0.0100851309                        2.969947                        2.969947
16              0.02691934        -0.0078575091                        2.793575                        2.768439
17              0.03757401        -0.0166542062                        2.816437                        2.864411
18              0.02002637        -0.0032462789                        2.598124                        2.693518
19              0.02480201        -0.0132419446                        2.453082                        2.593332
20              0.02186920        -0.0227314377                        2.670152                        2.662437
21              0.02278745        -0.0282045374                        2.590599                        2.579365
22              0.03620964        -0.0209766701                        2.414448                        2.501432
23              0.01981848        -0.0182884646                        2.483634                        2.374794
24              0.02549842        -0.0323293758                        2.330186                        2.378875
25              0.02259084        -0.0186659930                        2.347553                        2.521351
26              0.03781474        -0.0276066290                        2.527644                        2.537525
27              0.03578346        -0.0218859788                        2.495654                        2.537525
28             -0.07956922        -0.0133333343                        2.537525                        2.588670
29             -0.77070172        -0.0410237665                        2.537525                        2.399339
30              0.21339722        -0.0437734750                        2.623311                        2.623311
   inflation_lag_2 economic_activity_lag_2 labor_shortage_lag_3 inflation_expectations_1y_lag_3
7      0.027403122              0.04356130         0.0045368013                        2.980844
8      0.010862582              0.01757053         0.0022702857                        2.980844
9      0.009406502              0.03236078         0.0089523790                        2.980844
10     0.021640425              0.02930438         0.0205308445                        2.982717
11     0.025003951              0.02923299         0.0077915934                        3.000000
12     0.028405410              0.02229492         0.0022493571                        2.995079
13    -0.008420605              0.02323041         0.0062618143                        3.000000
14     0.008246918              0.01734758         0.0106924433                        2.969947
15    -0.002323999              0.03391158        -0.0057244288                        3.000000
16     0.029025084              0.02600387        -0.0100851309                        2.969947
17     0.042416785              0.02691934        -0.0078575091                        2.793575
18     0.048586660              0.03757401        -0.0166542062                        2.816437
19     0.003720327              0.02002637        -0.0032462789                        2.598124
20    -0.006141925              0.02480201        -0.0132419446                        2.453082
21     0.024993882              0.02186920        -0.0227314377                        2.670152
22     0.017681720              0.02278745        -0.0282045374                        2.590599
23     0.021370449              0.03620964        -0.0209766701                        2.414448
24     0.034784574              0.01981848        -0.0182884646                        2.483634
25     0.026361361              0.02549842        -0.0323293758                        2.330186
26     0.038444527              0.02259084        -0.0186659930                        2.347553
27     0.019694440              0.03781474        -0.0276066290                        2.527644
28     0.009814561              0.03578346        -0.0218859788                        2.495654
29    -0.050912346             -0.07956922        -0.0133333343                        2.537525
30    -0.090824177             -0.77070172        -0.0410237665                        2.537525
   inflation_expectations_3y_lag_3 inflation_lag_3 economic_activity_lag_3 labor_shortage_lag_4
7                         2.969947     0.031662657              0.02660601         0.0216875778
8                         2.961960     0.027403122              0.04356130         0.0045368013
9                         3.000000     0.010862582              0.01757053         0.0022702857
10                        2.883912     0.009406502              0.03236078         0.0089523790
11                        3.000000     0.021640425              0.02930438         0.0205308445
12                        3.000000     0.025003951              0.02923299         0.0077915934
13                        3.000000     0.028405410              0.02229492         0.0022493571
14                        2.883912    -0.008420605              0.02323041         0.0062618143
15                        2.980844     0.008246918              0.01734758         0.0106924433
16                        2.969947    -0.002323999              0.03391158        -0.0057244288
17                        2.768439     0.029025084              0.02600387        -0.0100851309
18                        2.864411     0.042416785              0.02691934        -0.0078575091
19                        2.693518     0.048586660              0.03757401        -0.0166542062
20                        2.593332     0.003720327              0.02002637        -0.0032462789
21                        2.662437    -0.006141925              0.02480201        -0.0132419446
22                        2.579365     0.024993882              0.02186920        -0.0227314377
23                        2.501432     0.017681720              0.02278745        -0.0282045374
24                        2.374794     0.021370449              0.03620964        -0.0209766701
25                        2.378875     0.034784574              0.01981848        -0.0182884646
26                        2.521351     0.026361361              0.02549842        -0.0323293758
27                        2.537525     0.038444527              0.02259084        -0.0186659930
28                        2.537525     0.019694440              0.03781474        -0.0276066290
29                        2.588670     0.009814561              0.03578346        -0.0218859788
30                        2.399339    -0.050912346             -0.07956922        -0.0133333343
   inflation_expectations_1y_lag_4 inflation_expectations_3y_lag_4 inflation_lag_4 economic_activity_lag_4
7                         2.752288                        2.908013     0.002310570              0.03672057
8                         2.980844                        2.969947     0.031662657              0.02660601
9                         2.980844                        2.961960     0.027403122              0.04356130
10                        2.980844                        3.000000     0.010862582              0.01757053
11                        2.982717                        2.883912     0.009406502              0.03236078
12                        3.000000                        3.000000     0.021640425              0.02930438
13                        2.995079                        3.000000     0.025003951              0.02923299
14                        3.000000                        3.000000     0.028405410              0.02229492
15                        2.969947                        2.883912    -0.008420605              0.02323041
16                        3.000000                        2.980844     0.008246918              0.01734758
17                        2.969947                        2.969947    -0.002323999              0.03391158
18                        2.793575                        2.768439     0.029025084              0.02600387
19                        2.816437                        2.864411     0.042416785              0.02691934
20                        2.598124                        2.693518     0.048586660              0.03757401
21                        2.453082                        2.593332     0.003720327              0.02002637
22                        2.670152                        2.662437    -0.006141925              0.02480201
23                        2.590599                        2.579365     0.024993882              0.02186920
24                        2.414448                        2.501432     0.017681720              0.02278745
25                        2.483634                        2.374794     0.021370449              0.03620964
26                        2.330186                        2.378875     0.034784574              0.01981848
27                        2.347553                        2.521351     0.026361361              0.02549842
28                        2.527644                        2.537525     0.038444527              0.02259084
29                        2.495654                        2.537525     0.019694440              0.03781474
30                        2.537525                        2.588670     0.009814561              0.03578346
   labor_shortage_lag_5 inflation_expectations_1y_lag_5 inflation_expectations_3y_lag_5 inflation_lag_5
7           0.011848927                        2.831908                        2.884280     0.032745451
8           0.021687578                        2.752288                        2.908013     0.002310570
9           0.004536801                        2.980844                        2.969947     0.031662657
10          0.002270286                        2.980844                        2.961960     0.027403122
11          0.008952379                        2.980844                        3.000000     0.010862582
12          0.020530845                        2.982717                        2.883912     0.009406502
13          0.007791593                        3.000000                        3.000000     0.021640425
14          0.002249357                        2.995079                        3.000000     0.025003951
15          0.006261814                        3.000000                        3.000000     0.028405410
16          0.010692443                        2.969947                        2.883912    -0.008420605
17         -0.005724429                        3.000000                        2.980844     0.008246918
18         -0.010085131                        2.969947                        2.969947    -0.002323999
19         -0.007857509                        2.793575                        2.768439     0.029025084
20         -0.016654206                        2.816437                        2.864411     0.042416785
21         -0.003246279                        2.598124                        2.693518     0.048586660
22         -0.013241945                        2.453082                        2.593332     0.003720327
23         -0.022731438                        2.670152                        2.662437    -0.006141925
24         -0.028204537                        2.590599                        2.579365     0.024993882
25         -0.020976670                        2.414448                        2.501432     0.017681720
26         -0.018288465                        2.483634                        2.374794     0.021370449
27         -0.032329376                        2.330186                        2.378875     0.034784574
28         -0.018665993                        2.347553                        2.521351     0.026361361
29         -0.027606629                        2.527644                        2.537525     0.038444527
30         -0.021885979                        2.495654                        2.537525     0.019694440
   economic_activity_lag_5 labor_shortage_lag_6 inflation_expectations_1y_lag_6 inflation_expectations_3y_lag_6
7               0.02976223          0.014403316                        2.711993                        2.793575
8               0.03672057          0.011848927                        2.831908                        2.884280
9               0.02660601          0.021687578                        2.752288                        2.908013
10              0.04356130          0.004536801                        2.980844                        2.969947
11              0.01757053          0.002270286                        2.980844                        2.961960
12              0.03236078          0.008952379                        2.980844                        3.000000
13              0.02930438          0.020530845                        2.982717                        2.883912
14              0.02923299          0.007791593                        3.000000                        3.000000
15              0.02229492          0.002249357                        2.995079                        3.000000
16              0.02323041          0.006261814                        3.000000                        3.000000
17              0.01734758          0.010692443                        2.969947                        2.883912
18              0.03391158         -0.005724429                        3.000000                        2.980844
19              0.02600387         -0.010085131                        2.969947                        2.969947
20              0.02691934         -0.007857509                        2.793575                        2.768439
21              0.03757401         -0.016654206                        2.816437                        2.864411
22              0.02002637         -0.003246279                        2.598124                        2.693518
23              0.02480201         -0.013241945                        2.453082                        2.593332
24              0.02186920         -0.022731438                        2.670152                        2.662437
25              0.02278745         -0.028204537                        2.590599                        2.579365
26              0.03620964         -0.020976670                        2.414448                        2.501432
27              0.01981848         -0.018288465                        2.483634                        2.374794
28              0.02549842         -0.032329376                        2.330186                        2.378875
29              0.02259084         -0.018665993                        2.347553                        2.521351
30              0.03781474         -0.027606629                        2.527644                        2.537525
   inflation_lag_6 economic_activity_lag_6 dummy Jan Feb Mar Apr May Jun Jul Aug Sep Oct
7      0.052137819              0.02580719     0   0   0   0   0   0   0   0   1   0   0
8      0.032745451              0.02976223     0   0   0   0   0   0   0   0   0   1   0
9      0.002310570              0.03672057     0   0   0   0   0   0   0   0   0   0   1
10     0.031662657              0.02660601     0   0   0   0   0   0   0   0   0   0   0
11     0.027403122              0.04356130     0   0   0   0   0   0   0   0   0   0   0
12     0.010862582              0.01757053     0   1   0   0   0   0   0   0   0   0   0
13     0.009406502              0.03236078     0   0   1   0   0   0   0   0   0   0   0
14     0.021640425              0.02930438     0   0   0   1   0   0   0   0   0   0   0
15     0.025003951              0.02923299     0   0   0   0   1   0   0   0   0   0   0
16     0.028405410              0.02229492     0   0   0   0   0   1   0   0   0   0   0
17    -0.008420605              0.02323041     0   0   0   0   0   0   1   0   0   0   0
18     0.008246918              0.01734758     0   0   0   0   0   0   0   1   0   0   0
19    -0.002323999              0.03391158     0   0   0   0   0   0   0   0   1   0   0
20     0.029025084              0.02600387     0   0   0   0   0   0   0   0   0   1   0
21     0.042416785              0.02691934     0   0   0   0   0   0   0   0   0   0   1
22     0.048586660              0.03757401     0   0   0   0   0   0   0   0   0   0   0
23     0.003720327              0.02002637     0   0   0   0   0   0   0   0   0   0   0
24    -0.006141925              0.02480201     0   1   0   0   0   0   0   0   0   0   0
25     0.024993882              0.02186920     0   0   1   0   0   0   0   0   0   0   0
26     0.017681720              0.02278745     0   0   0   1   0   0   0   0   0   0   0
27     0.021370449              0.03620964     1   0   0   0   1   0   0   0   0   0   0
28     0.034784574              0.01981848     1   0   0   0   0   1   0   0   0   0   0
29     0.026361361              0.02549842     1   0   0   0   0   0   1   0   0   0   0
30     0.038444527              0.02259084     1   0   0   0   0   0   0   1   0   0   0
 [ reached getOption("max.print") -- omitted 31 rows ]


attr(,"class")
[1] "lpirfs_lin_obj"
