[1] "energy"               "djn level estimation"
                   1             2             3             4             5             6
AIC(n) -2.683585e+01 -2.742568e+01 -2.764877e+01 -2.799994e+01 -2.871064e+01 -2.979851e+01
HQ(n)  -2.563619e+01 -2.587318e+01 -2.574343e+01 -2.574175e+01 -2.609961e+01 -2.683464e+01
SC(n)  -2.373361e+01 -2.341101e+01 -2.272168e+01 -2.216043e+01 -2.195870e+01 -2.213415e+01
FPE(n)  2.458762e-12  1.555552e-12  1.561628e-12  1.591965e-12  1.419337e-12  1.277562e-12
                   1             2             3             4             5             6
AIC(n) -2.683585e+01 -2.742568e+01 -2.764877e+01 -2.799994e+01 -2.871064e+01 -2.979851e+01
HQ(n)  -2.563619e+01 -2.587318e+01 -2.574343e+01 -2.574175e+01 -2.609961e+01 -2.683464e+01
SC(n)  -2.373361e+01 -2.341101e+01 -2.272168e+01 -2.216043e+01 -2.195870e+01 -2.213415e+01
FPE(n)  2.458762e-12  1.555552e-12  1.561628e-12  1.591965e-12  1.419337e-12  1.277562e-12
$irf_lin_mean
, , 1

           [,1]        [,2]         [,3]         [,4]         [,5]          [,6]         [,7]          [,8]         [,9]
[1,] 0.01035658 0.003948277 -0.001707025 -0.002884237 -0.002429190 -0.0008121137 -0.001837687 -4.057743e-04  0.002062924
[2,] 0.02683126 0.011613655  0.059831427  0.054131709  0.058532029  0.0393263383  0.011125747  1.346787e-02 -0.002271278
[3,] 0.01576592 0.027680264  0.025601389  0.030607620  0.008350719 -0.0245901542 -0.003272161  5.239286e-05  0.021857692
[4,] 0.01433054 0.006731737  0.001684410 -0.005630247 -0.006631749 -0.0011010109  0.002590096  9.559801e-03  0.004424788
[5,] 0.03042231 0.024418044 -0.018617969 -0.023301106 -0.026418718 -0.0025482932  0.017353000  1.436122e-02  0.006190235
            [,10]        [,11]         [,12]        [,13]
[1,]  0.004352950  0.001821134 -0.0009713830 -0.002959981
[2,]  0.003732069 -0.029725206  0.0028796910  0.020020517
[3,] -0.013586150 -0.013254609 -0.0087228437  0.020974070
[4,]  0.005454319  0.001832076  0.0007782588 -0.001818975
[5,]  0.024925457  0.011516768  0.0035159414 -0.039930448

, , 2

             [,1]          [,2]         [,3]          [,4]         [,5]         [,6]         [,7]         [,8]         [,9]
[1,]  0.000000000 -0.0010114806 -0.001238783 -0.0008762967 -0.001939338 -0.001974404 -0.002497156 -0.003270981 -0.002958204
[2,]  0.182212889  0.1389086364  0.076654845  0.0574918721  0.059452465  0.015971315 -0.046318508 -0.048078734 -0.092798297
[3,]  0.068830523  0.0366658485 -0.004940471 -0.0198128891 -0.006673715 -0.036720322 -0.042312575 -0.051236351 -0.076238353
[4,]  0.007463328 -0.0002568466 -0.002843738  0.0014898133 -0.001798196 -0.004356816 -0.007456788 -0.006390921 -0.008756044
[5,] -0.022488911  0.0052781839  0.001961071 -0.0060955604  0.001397574  0.000227154 -0.008809645 -0.013628953 -0.001796186
            [,10]         [,11]         [,12]        [,13]
[1,] -0.002096286 -0.0013207075 -0.0028636854 -0.003972624
[2,] -0.111857949 -0.0887838689 -0.0915538848 -0.092982318
[3,] -0.074578076 -0.0494090238 -0.0052343593 -0.024751038
[4,] -0.013797451 -0.0057165128 -0.0055854752 -0.009995539
[5,] -0.019872334 -0.0006457939 -0.0004835064 -0.014783740

, , 3

             [,1]         [,2]          [,3]          [,4]         [,5]          [,6]       [,7]        [,8]         [,9]
[1,]  0.000000000  0.002251153  0.0008203738  0.0005819032  0.001274903  0.0025669505 0.00726092 0.003849523  0.001483331
[2,]  0.000000000  0.060103936  0.0121880225  0.0425178597  0.034470124  0.0786289490 0.15369501 0.079095523  0.092850351
[3,]  0.139847246  0.079017746  0.0395324115 -0.0003145252 -0.008577177  0.0337259968 0.06234227 0.075292465  0.028481187
[4,] -0.003890537  0.005478362  0.0024262525  0.0050600560  0.010738439  0.0073637887 0.01354446 0.008957871  0.009518988
[5,] -0.009690732 -0.003351277 -0.0012707536  0.0031777350  0.016118295 -0.0006621623 0.02629347 0.035280332 -0.001761985
             [,10]         [,11]        [,12]        [,13]
[1,] -0.0006096666 -0.0006083918 -0.003034789 -0.003396662
[2,]  0.0760857287  0.0901808009  0.012461400 -0.022534599
[3,]  0.0081269463 -0.0609644788 -0.109523100 -0.075796197
[4,]  0.0047949018 -0.0032455030 -0.008504048 -0.009529355
[5,] -0.0159318632 -0.0308949500 -0.007379201 -0.002362814

, , 4

           [,1]          [,2]         [,3]         [,4]          [,5]         [,6]          [,7]          [,8]          [,9]
[1,] 0.00000000  0.0013090536  0.003608329  0.001953924 -0.0006181034  0.002553275  0.0023106374 -0.0005697379 -0.0006013916
[2,] 0.00000000  0.0003869820 -0.008950823 -0.041003086 -0.0004166411  0.013693517 -0.0021736544 -0.0182394747 -0.0566699771
[3,] 0.00000000 -0.0002893067 -0.026936369 -0.053292817 -0.0052737761  0.035121173  0.0439334688 -0.0044599952 -0.0653723627
[4,] 0.02604386  0.0068921698 -0.004509525  0.003443993  0.0031642816  0.002336297 -0.0002057738  0.0020806480 -0.0005952959
[5,] 0.04981521  0.0024779300 -0.008238317  0.029981201  0.0162437238 -0.011536408 -0.0162585016  0.0015751957 -0.0004858285
             [,10]        [,11]        [,12]        [,13]
[1,] -0.0001001767  0.001077185 0.0002600024 -0.001744094
[2,] -0.0511133763  0.017911003 0.0813308162  0.102196710
[3,] -0.0665407431 -0.021320579 0.0499215112  0.078683069
[4,] -0.0048260847  0.005763818 0.0007972959 -0.011526950
[5,] -0.0212700175  0.018909157 0.0009931713 -0.011314077

, , 5

           [,1]          [,2]          [,3]         [,4]          [,5]          [,6]          [,7]         [,8]         [,9]
[1,] 0.00000000  0.0001302875  0.0007993047 -0.001619544 -0.0002873703  0.0015736589  0.0008264515  0.002526649  0.002413561
[2,] 0.00000000 -0.0481587951  0.0251949838  0.009111604 -0.0610139413 -0.0765691679 -0.0047667174 -0.040757475 -0.013133302
[3,] 0.00000000 -0.0085542159  0.0374205699 -0.002046336 -0.0654529800 -0.0231379541 -0.0015572056  0.002890231  0.012451482
[4,] 0.00000000  0.0026880052  0.0015355784 -0.002753134 -0.0021831243 -0.0002313307  0.0095210155  0.001732357 -0.001029553
[5,] 0.09419104 -0.0198375846 -0.0231220596  0.014421589 -0.0002086637  0.0088918201  0.0058742604  0.003511825  0.010304214
             [,10]         [,11]         [,12]        [,13]
[1,]  0.0009529179 -0.0006865192  0.0008023878  0.003420153
[2,] -0.0134569665  0.0069545525  0.0086315224  0.009427803
[3,]  0.0058724731  0.0118696563 -0.0146332764  0.024122251
[4,]  0.0063674068  0.0016781608  0.0020810690 -0.003486718
[5,]  0.0039089212 -0.0079578062  0.0059361573 -0.022672174


$irf_lin_low
, , 1

           [,1]          [,2]         [,3]        [,4]        [,5]         [,6]         [,7]         [,8]         [,9]
[1,] 0.01035658 -0.0005995818 -0.008020285 -0.01190237 -0.01143061 -0.006434241 -0.007034661 -0.007028767 -0.005897961
[2,] 0.02683126 -0.0716775968 -0.052968503 -0.08615816 -0.04915043 -0.083156473 -0.119201575 -0.108115751 -0.126861254
[3,] 0.01576592 -0.0462968853 -0.063478965 -0.06069484 -0.07061415 -0.108564279 -0.076618536 -0.073085530 -0.064443026
[4,] 0.01433054 -0.0049675957 -0.017376649 -0.02846190 -0.02464933 -0.016038134 -0.011336567 -0.006303623 -0.010093080
[5,] 0.03042231 -0.0250513586 -0.052395291 -0.08904675 -0.08688844 -0.032705406 -0.025884861 -0.022994775 -0.014533653
            [,10]        [,11]        [,12]       [,13]
[1,] -0.003190076 -0.005801793 -0.006975054 -0.01043939
[2,] -0.115811847 -0.165655196 -0.125208671 -0.11661962
[3,] -0.115676564 -0.110359450 -0.075655640 -0.06143930
[4,] -0.014242760 -0.014510957 -0.011569346 -0.02123438
[5,] -0.029418185 -0.041440010 -0.029008269 -0.10131730

, , 2

             [,1]         [,2]         [,3]         [,4]         [,5]         [,6]         [,7]         [,8]         [,9]
[1,]  0.000000000 -0.003776603 -0.005995101 -0.005255581 -0.004979233 -0.005313241 -0.006811635 -0.007520212 -0.007159683
[2,]  0.182212889  0.081420843 -0.018636022 -0.053669884 -0.044273876 -0.071180253 -0.113289728 -0.146032294 -0.200019633
[3,]  0.068830523 -0.027522907 -0.077589957 -0.094611985 -0.071947091 -0.094111503 -0.094947042 -0.120103876 -0.140553665
[4,]  0.007463328 -0.006973636 -0.014375570 -0.012205979 -0.010440204 -0.011903990 -0.016710316 -0.019226633 -0.019420001
[5,] -0.022488911 -0.012768519 -0.019734575 -0.034175031 -0.023540458 -0.029206991 -0.034160964 -0.065785464 -0.021021083
            [,10]        [,11]        [,12]        [,13]
[1,] -0.005885459 -0.006670622 -0.007925131 -0.008798552
[2,] -0.186202745 -0.152985351 -0.186124297 -0.172815643
[3,] -0.143723738 -0.126490824 -0.070917330 -0.088835578
[4,] -0.023757472 -0.017700288 -0.019454153 -0.021755997
[5,] -0.045217796 -0.039601353 -0.049317365 -0.043888932

, , 3

             [,1]          [,2]         [,3]          [,4]          [,5]          [,6]        [,7]          [,8]
[1,]  0.000000000  0.0005545065 -0.001941081 -0.0007447713  0.0007278391 -5.074216e-05 0.003113446  2.913402e-04
[2,]  0.000000000  0.0438164503 -0.036730522 -0.0015574550 -0.0099364246  4.648069e-02 0.108040561  3.461527e-03
[3,]  0.139847246  0.0489750411  0.008309032 -0.0309747452 -0.0195733806  1.406626e-02 0.032612931  3.822747e-02
[4,] -0.003890537  0.0023596465 -0.003619047 -0.0025396126  0.0073180144  3.070208e-03 0.005784267  7.852949e-06
[5,] -0.009690732 -0.0081095032 -0.014782591 -0.0064615065  0.0019559035 -9.122182e-03 0.005603762 -2.080315e-03
              [,9]        [,10]        [,11]        [,12]        [,13]
[1,] -0.0007107412 -0.001767655 -0.002167620 -0.004381741 -0.004999588
[2,]  0.0330096533  0.054301828  0.072473251 -0.029423562 -0.086701252
[3,] -0.0008860061 -0.014445296 -0.100746981 -0.147550336 -0.128501399
[4,]  0.0032560371  0.001610028 -0.008420247 -0.014007562 -0.013221335
[5,] -0.0136404907 -0.031862077 -0.050087881 -0.025351594 -0.004274841

, , 4

           [,1]         [,2]          [,3]         [,4]         [,5]          [,6]         [,7]         [,8]         [,9]
[1,] 0.00000000 -0.002047503 -0.0008226166 -0.003011730 -0.005370093 -0.0003165452 -0.001469385 -0.004859307 -0.006681642
[2,] 0.00000000 -0.048269715 -0.0831900261 -0.142785187 -0.081829344 -0.0783390068 -0.101437356 -0.112498225 -0.169276300
[3,] 0.00000000 -0.051614620 -0.0816794811 -0.113772252 -0.062556366 -0.0151827912 -0.002212742 -0.055597353 -0.126652329
[4,] 0.02604386 -0.002535968 -0.0175962628 -0.008655976 -0.004713042 -0.0063612828 -0.010101511 -0.008415679 -0.011035420
[5,] 0.04981521 -0.035317561 -0.0342726839 -0.006308393 -0.012204002 -0.0315276294 -0.047951651 -0.020482177 -0.016076706
            [,10]        [,11]        [,12]        [,13]
[1,] -0.005454948 -0.004915582 -0.004128131 -0.007575528
[2,] -0.132710793 -0.067703002 -0.001674049  0.025765026
[3,] -0.149433761 -0.091371754 -0.001352434  0.010465355
[4,] -0.022108003 -0.006127780 -0.007171457 -0.023784424
[5,] -0.053983538 -0.024777424 -0.027130297 -0.055374986

, , 5

           [,1]         [,2]         [,3]         [,4]         [,5]          [,6]         [,7]          [,8]          [,9]
[1,] 0.00000000 -0.001816233 -0.001430027 -0.003109349 -0.002067651 -0.0003565325 -0.001498577  0.0005167764  1.430474e-05
[2,] 0.00000000 -0.072494799 -0.014008597 -0.028249373 -0.097297111 -0.1201675111 -0.060202073 -0.0806116454 -5.033790e-02
[3,] 0.00000000 -0.030209204  0.010875007 -0.028985720 -0.088114246 -0.0490980145 -0.028523871 -0.0134203852 -6.914083e-03
[4,] 0.00000000 -0.003901112 -0.006271592 -0.008527520 -0.005263535 -0.0051342781  0.004958255 -0.0025580433 -6.462286e-03
[5,] 0.09419104 -0.052609423 -0.042179346  0.005392713 -0.008585980  0.0015807476 -0.010244450 -0.0062771896  2.055555e-04
             [,10]        [,11]         [,12]         [,13]
[1,] -0.0008587303 -0.002284482 -0.0006616725  0.0003475856
[2,] -0.0408712157 -0.017329463 -0.0191651746 -0.0404525295
[3,] -0.0079721725 -0.010578135 -0.0455829514 -0.0086330803
[4,]  0.0008132656 -0.001967917 -0.0019220924 -0.0126151601
[5,] -0.0081139840 -0.022609000 -0.0073249533 -0.0567981923


$irf_lin_up
, , 1

           [,1]        [,2]        [,3]        [,4]        [,5]        [,6]        [,7]        [,8]       [,9]      [,10]
[1,] 0.01035658 0.008496136 0.004606235 0.006133896 0.006572228 0.004810014 0.003359287 0.006217218 0.01002381 0.01189598
[2,] 0.02683126 0.094904907 0.172631357 0.194421579 0.166214490 0.161809150 0.141453069 0.135051491 0.12231870 0.12327598
[3,] 0.01576592 0.101657414 0.114681742 0.121910078 0.087315586 0.059383971 0.070074214 0.073190315 0.10815841 0.08850426
[4,] 0.01433054 0.018431070 0.020745470 0.017201406 0.011385833 0.013836112 0.016516760 0.025423225 0.01894266 0.02515140
[5,] 0.03042231 0.073887447 0.015159353 0.042444541 0.034051007 0.027608820 0.060590861 0.051717212 0.02691412 0.07926910
           [,11]       [,12]       [,13]
[1,] 0.009444061 0.005032288 0.004519429
[2,] 0.106204783 0.130968053 0.156660655
[3,] 0.083850231 0.058209952 0.103387437
[4,] 0.018175109 0.013125863 0.017596433
[5,] 0.064473547 0.036040152 0.021456401

, , 2

             [,1]        [,2]        [,3]        [,4]        [,5]        [,6]        [,7]         [,8]         [,9]
[1,]  0.000000000 0.001753642 0.003517535 0.003502988 0.001100557 0.001364433 0.001817324 0.0009782504  0.001243275
[2,]  0.182212889 0.196396430 0.171945712 0.168653628 0.163178806 0.103122883 0.020652712 0.0498748257  0.014423039
[3,]  0.068830523 0.100854604 0.067709015 0.054986207 0.058599661 0.020670860 0.010321892 0.0176311740 -0.011923042
[4,]  0.007463328 0.006459943 0.008688094 0.015185605 0.006843812 0.003190359 0.001796741 0.0064447906  0.001907913
[5,] -0.022488911 0.023324887 0.023656718 0.021983910 0.026335605 0.029661299 0.016541675 0.0385275581  0.017428710
            [,10]        [,11]       [,12]         [,13]
[1,]  0.001692887  0.004029207 0.002197760  0.0008533039
[2,] -0.037513153 -0.024582387 0.003016527 -0.0131489932
[3,] -0.005432414  0.027672776 0.060448612  0.0393335010
[4,] -0.003837430  0.006267262 0.008283203  0.0017649194
[5,]  0.005473128  0.038309766 0.048350352  0.0143214530

, , 3

             [,1]        [,2]        [,3]        [,4]        [,5]        [,6]       [,7]        [,8]        [,9]
[1,]  0.000000000 0.003947800 0.003581828 0.001908578 0.001821967 0.005184643 0.01140839 0.007407705 0.003677403
[2,]  0.000000000 0.076391421 0.061106567 0.086593174 0.078876672 0.110777205 0.19934946 0.154729520 0.152691050
[3,]  0.139847246 0.109060452 0.070755791 0.030345695 0.002419026 0.053385738 0.09207160 0.112357457 0.057848381
[4,] -0.003890537 0.008597078 0.008471552 0.012659725 0.014158864 0.011657370 0.02130466 0.017907890 0.015781938
[5,] -0.009690732 0.001406949 0.012241084 0.012816976 0.030280686 0.007797857 0.04698319 0.072640978 0.010116520
             [,10]         [,11]        [,12]         [,13]
[1,]  5.483223e-04  0.0009508362 -0.001687837 -0.0017937364
[2,]  9.786963e-02  0.1078883513  0.054346363  0.0416320542
[3,]  3.069919e-02 -0.0211819767 -0.071495863 -0.0230909953
[4,]  7.979776e-03  0.0019292409 -0.003000534 -0.0058373745
[5,] -1.649525e-06 -0.0117020194  0.010593192 -0.0004507877

, , 4

           [,1]        [,2]        [,3]        [,4]        [,5]        [,6]        [,7]        [,8]         [,9]       [,10]
[1,] 0.00000000 0.004665611 0.008039274 0.006919578 0.004133886 0.005423096 0.006090660 0.003719831  0.005478859 0.005254595
[2,] 0.00000000 0.049043680 0.065288380 0.060779015 0.080996061 0.105726041 0.097090047 0.076019276  0.055936345 0.030484041
[3,] 0.00000000 0.051036007 0.027806743 0.007186618 0.052008814 0.085425137 0.090079679 0.046677363 -0.004092397 0.016352275
[4,] 0.02604386 0.016320308 0.008577213 0.015543963 0.011041605 0.011033876 0.009689964 0.012576975  0.009844828 0.012455833
[5,] 0.04981521 0.040273421 0.017796051 0.066270794 0.044691449 0.008454814 0.015434647 0.023632568  0.015105049 0.011443503
           [,11]       [,12]        [,13]
[1,] 0.007069952 0.004648136 0.0040873397
[2,] 0.103525009 0.164335681 0.1786283937
[3,] 0.048730597 0.101195456 0.1469007841
[4,] 0.017655416 0.008766049 0.0007305239
[5,] 0.062595738 0.029116640 0.0327468318

, , 5

           [,1]         [,2]         [,3]         [,4]          [,5]         [,6]       [,7]          [,8]        [,9]
[1,] 0.00000000  0.002076809  0.003028636 -0.000129739  0.0014929108  0.003503850 0.00315148  0.0045365206 0.004812816
[2,] 0.00000000 -0.023822791  0.064398565  0.046472580 -0.0247307713 -0.032970825 0.05066864 -0.0009033056 0.024071300
[3,] 0.00000000  0.013100773  0.063966133  0.024893049 -0.0427917139  0.002822106 0.02540946  0.0192008473 0.031817047
[4,] 0.00000000  0.009277122  0.009342749  0.003021252  0.0008972866  0.004671617 0.01408378  0.0060227580 0.004403181
[5,] 0.09419104  0.012934254 -0.004064774  0.023450466  0.0081686524  0.016202893 0.02199297  0.0133008402 0.020402873
           [,10]        [,11]       [,12]       [,13]
[1,] 0.002764566 0.0009114433 0.002266448 0.006492720
[2,] 0.013957283 0.0312385679 0.036428219 0.059308135
[3,] 0.019717119 0.0343174475 0.016316399 0.056877583
[4,] 0.011921548 0.0053242387 0.006084230 0.005641723
[5,] 0.015931826 0.0066933873 0.019197268 0.011453844


$diagnostic_list
$diagnostic_list$`Shock: energy`
$diagnostic_list$`Shock: energy`[[1]]
                               R-sqrd. Adj. R-sqrd.   F-stat      p-value
h1:energy                    0.4324327   0.22124489 2.047621 0.0315001900
h1:inflation_expectations_1y 0.6072424   0.46110006 4.155143 0.0000964596
h1:inflation_expectations_3y 0.4115145   0.19254320 1.879308 0.0508133375
h1:inflation                 0.3759729   0.14377671 1.619204 0.1047157394
h1:economic_activity         0.3071806   0.04938727 1.191577 0.3126965991

$diagnostic_list$`Shock: energy`[[2]]
                               R-sqrd. Adj. R-sqrd.    F-stat   p-value
h2:energy                    0.3279274   0.07189969 1.2808278 0.2536897
h2:inflation_expectations_1y 0.3674958   0.12654182 1.5251701 0.1360886
h2:inflation_expectations_3y 0.2091074  -0.09218495 0.6940349 0.7833422
h2:inflation                 0.1618479  -0.15744815 0.5068898 0.9291512
h2:economic_activity         0.2936187   0.02452104 1.0911232 0.3929388

$diagnostic_list$`Shock: energy`[[3]]
                               R-sqrd. Adj. R-sqrd.    F-stat   p-value
h3:energy                    0.2100128  -0.09827484 0.6812236 0.7949965
h3:inflation_expectations_1y 0.3168347   0.05023356 1.1884222 0.3168888
h3:inflation_expectations_3y 0.1348442  -0.20277762 0.3993941 0.9749851
h3:inflation                 0.1459964  -0.18727337 0.4380727 0.9617402
h3:economic_activity         0.3467935   0.09188364 1.3604554 0.2095145

$diagnostic_list$`Shock: energy`[[4]]
                               R-sqrd. Adj. R-sqrd.    F-stat   p-value
h4:energy                    0.1948201  -0.12725192 0.6048960 0.8609111
h4:inflation_expectations_1y 0.3046755   0.02654570 1.0954436 0.3907854
h4:inflation_expectations_3y 0.2115674  -0.10380569 0.6708479 0.8041519
h4:inflation                 0.2377252  -0.06718476 0.7796570 0.6978615
h4:economic_activity         0.3408731   0.07722234 1.2928963 0.2486350

$diagnostic_list$`Shock: energy`[[5]]
                               R-sqrd. Adj. R-sqrd.    F-stat   p-value
h5:energy                    0.1967658 -0.132766192 0.5971068 0.8665931
h5:inflation_expectations_1y 0.3208668  0.042248075 1.1516340 0.3464269
h5:inflation_expectations_3y 0.2859671 -0.006969454 0.9762083 0.4991311
h5:inflation                 0.1776840 -0.159676401 0.5266890 0.9161980
h5:economic_activity         0.2642649 -0.037575139 0.8755131 0.5993602

$diagnostic_list$`Shock: energy`[[6]]
                               R-sqrd. Adj. R-sqrd.    F-stat   p-value
h6:energy                    0.3718660  0.107388592 1.4060406 0.1907358
h6:inflation_expectations_1y 0.3928809  0.137251762 1.5369176 0.1370286
h6:inflation_expectations_3y 0.3324356  0.051355921 1.1827094 0.3241695
h6:inflation                 0.2987501  0.003486955 1.0118097 0.4660620
h6:economic_activity         0.2645598 -0.045099189 0.8543585 0.6210035

$diagnostic_list$`Shock: energy`[[7]]
                               R-sqrd. Adj. R-sqrd.    F-stat    p-value
h7:energy                    0.2408452  -0.08743798 0.7336507 0.74303668
h7:inflation_expectations_1y 0.3630721   0.08764384 1.3182093 0.23775362
h7:inflation_expectations_3y 0.4452350   0.20533663 1.8559317 0.06020146
h7:inflation                 0.2612227  -0.05824852 0.8176721 0.65843551
h7:economic_activity         0.1762201  -0.18000902 0.4946819 0.93394416

$diagnostic_list$`Shock: energy`[[8]]
                               R-sqrd. Adj. R-sqrd.    F-stat    p-value
h8:energy                    0.1857985  -0.17606879 0.5134438 0.92283888
h8:inflation_expectations_1y 0.4948797   0.27038185 2.2043848 0.02442208
h8:inflation_expectations_3y 0.3551692   0.06857776 1.2392875 0.28739296
h8:inflation                 0.2470752  -0.08755808 0.7383461 0.73802474
h8:economic_activity         0.2553683  -0.07557906 0.7716282 0.70490171

$diagnostic_list$`Shock: energy`[[9]]
                               R-sqrd. Adj. R-sqrd.    F-stat    p-value
h9:energy                    0.2289661  -0.12350650 0.6495997 0.82069599
h9:inflation_expectations_1y 0.4677399   0.22442107 1.9223331 0.05268728
h9:inflation_expectations_3y 0.3724064   0.08550650 1.2980360 0.25229169
h9:inflation                 0.2450702  -0.10004057 0.7101204 0.76499152
h9:economic_activity         0.3217458   0.01168671 1.0376919 0.44460431

$diagnostic_list$`Shock: energy`[[10]]
                                R-sqrd. Adj. R-sqrd.    F-stat   p-value
h10:energy                    0.1454694 -0.256662716 0.3617452 0.9833044
h10:inflation_expectations_1y 0.5065804  0.274382961 2.1816795 0.0276075
h10:inflation_expectations_3y 0.2669283 -0.078046651 0.7737614 0.7021351
h10:inflation                 0.1927876 -0.187077104 0.5075164 0.9252952
h10:economic_activity         0.3140818 -0.008703175 0.9730372 0.5044701

$diagnostic_list$`Shock: energy`[[11]]
                                R-sqrd. Adj. R-sqrd.    F-stat    p-value
h11:energy                    0.2212624  -0.15630728 0.5860175 0.87176924
h11:inflation_expectations_1y 0.4703904   0.21360993 1.8318778 0.06944302
h11:inflation_expectations_3y 0.3677265   0.06116959 1.1995375 0.31844221
h11:inflation                 0.2001095  -0.18771619 0.5159779 0.91973693
h11:economic_activity         0.2633323  -0.09383986 0.7372700 0.73780472

$diagnostic_list$`Shock: energy`[[12]]
                                R-sqrd. Adj. R-sqrd.    F-stat     p-value
h12:energy                    0.3226318 -0.016052374 0.9526037 0.524795389
h12:inflation_expectations_1y 0.5893517  0.384027613 2.8703482 0.005414529
h12:inflation_expectations_3y 0.3347396  0.002109435 1.0063417 0.474938058
h12:inflation                 0.3192366 -0.021145055 0.9378784 0.538855492
h12:economic_activity         0.4248440  0.137266042 1.4773176 0.169345342


$diagnostic_list$`Shock: inflation_expectations_1y`
$diagnostic_list$`Shock: inflation_expectations_1y`[[1]]
                               R-sqrd. Adj. R-sqrd.   F-stat      p-value
h1:energy                    0.4324327   0.22124489 2.047621 0.0315001900
h1:inflation_expectations_1y 0.6072424   0.46110006 4.155143 0.0000964596
h1:inflation_expectations_3y 0.4115145   0.19254320 1.879308 0.0508133375
h1:inflation                 0.3759729   0.14377671 1.619204 0.1047157394
h1:economic_activity         0.3071806   0.04938727 1.191577 0.3126965991

$diagnostic_list$`Shock: inflation_expectations_1y`[[2]]
                               R-sqrd. Adj. R-sqrd.    F-stat   p-value
h2:energy                    0.3279274   0.07189969 1.2808278 0.2536897
h2:inflation_expectations_1y 0.3674958   0.12654182 1.5251701 0.1360886
h2:inflation_expectations_3y 0.2091074  -0.09218495 0.6940349 0.7833422
h2:inflation                 0.1618479  -0.15744815 0.5068898 0.9291512
h2:economic_activity         0.2936187   0.02452104 1.0911232 0.3929388

$diagnostic_list$`Shock: inflation_expectations_1y`[[3]]
                               R-sqrd. Adj. R-sqrd.    F-stat   p-value
h3:energy                    0.2100128  -0.09827484 0.6812236 0.7949965
h3:inflation_expectations_1y 0.3168347   0.05023356 1.1884222 0.3168888
h3:inflation_expectations_3y 0.1348442  -0.20277762 0.3993941 0.9749851
h3:inflation                 0.1459964  -0.18727337 0.4380727 0.9617402
h3:economic_activity         0.3467935   0.09188364 1.3604554 0.2095145

$diagnostic_list$`Shock: inflation_expectations_1y`[[4]]
                               R-sqrd. Adj. R-sqrd.    F-stat   p-value
h4:energy                    0.1948201  -0.12725192 0.6048960 0.8609111
h4:inflation_expectations_1y 0.3046755   0.02654570 1.0954436 0.3907854
h4:inflation_expectations_3y 0.2115674  -0.10380569 0.6708479 0.8041519
h4:inflation                 0.2377252  -0.06718476 0.7796570 0.6978615
h4:economic_activity         0.3408731   0.07722234 1.2928963 0.2486350

$diagnostic_list$`Shock: inflation_expectations_1y`[[5]]
                               R-sqrd. Adj. R-sqrd.    F-stat   p-value
h5:energy                    0.1967658 -0.132766192 0.5971068 0.8665931
h5:inflation_expectations_1y 0.3208668  0.042248075 1.1516340 0.3464269
h5:inflation_expectations_3y 0.2859671 -0.006969454 0.9762083 0.4991311
h5:inflation                 0.1776840 -0.159676401 0.5266890 0.9161980
h5:economic_activity         0.2642649 -0.037575139 0.8755131 0.5993602

$diagnostic_list$`Shock: inflation_expectations_1y`[[6]]
                               R-sqrd. Adj. R-sqrd.    F-stat   p-value
h6:energy                    0.3718660  0.107388592 1.4060406 0.1907358
h6:inflation_expectations_1y 0.3928809  0.137251762 1.5369176 0.1370286
h6:inflation_expectations_3y 0.3324356  0.051355921 1.1827094 0.3241695
h6:inflation                 0.2987501  0.003486955 1.0118097 0.4660620
h6:economic_activity         0.2645598 -0.045099189 0.8543585 0.6210035

$diagnostic_list$`Shock: inflation_expectations_1y`[[7]]
                               R-sqrd. Adj. R-sqrd.    F-stat    p-value
h7:energy                    0.2408452  -0.08743798 0.7336507 0.74303668
h7:inflation_expectations_1y 0.3630721   0.08764384 1.3182093 0.23775362
h7:inflation_expectations_3y 0.4452350   0.20533663 1.8559317 0.06020146
h7:inflation                 0.2612227  -0.05824852 0.8176721 0.65843551
h7:economic_activity         0.1762201  -0.18000902 0.4946819 0.93394416

$diagnostic_list$`Shock: inflation_expectations_1y`[[8]]
                               R-sqrd. Adj. R-sqrd.    F-stat    p-value
h8:energy                    0.1857985  -0.17606879 0.5134438 0.92283888
h8:inflation_expectations_1y 0.4948797   0.27038185 2.2043848 0.02442208
h8:inflation_expectations_3y 0.3551692   0.06857776 1.2392875 0.28739296
h8:inflation                 0.2470752  -0.08755808 0.7383461 0.73802474
h8:economic_activity         0.2553683  -0.07557906 0.7716282 0.70490171

$diagnostic_list$`Shock: inflation_expectations_1y`[[9]]
                               R-sqrd. Adj. R-sqrd.    F-stat    p-value
h9:energy                    0.2289661  -0.12350650 0.6495997 0.82069599
h9:inflation_expectations_1y 0.4677399   0.22442107 1.9223331 0.05268728
h9:inflation_expectations_3y 0.3724064   0.08550650 1.2980360 0.25229169
h9:inflation                 0.2450702  -0.10004057 0.7101204 0.76499152
h9:economic_activity         0.3217458   0.01168671 1.0376919 0.44460431

$diagnostic_list$`Shock: inflation_expectations_1y`[[10]]
                                R-sqrd. Adj. R-sqrd.    F-stat   p-value
h10:energy                    0.1454694 -0.256662716 0.3617452 0.9833044
h10:inflation_expectations_1y 0.5065804  0.274382961 2.1816795 0.0276075
h10:inflation_expectations_3y 0.2669283 -0.078046651 0.7737614 0.7021351
h10:inflation                 0.1927876 -0.187077104 0.5075164 0.9252952
h10:economic_activity         0.3140818 -0.008703175 0.9730372 0.5044701

$diagnostic_list$`Shock: inflation_expectations_1y`[[11]]
                                R-sqrd. Adj. R-sqrd.    F-stat    p-value
h11:energy                    0.2212624  -0.15630728 0.5860175 0.87176924
h11:inflation_expectations_1y 0.4703904   0.21360993 1.8318778 0.06944302
h11:inflation_expectations_3y 0.3677265   0.06116959 1.1995375 0.31844221
h11:inflation                 0.2001095  -0.18771619 0.5159779 0.91973693
h11:economic_activity         0.2633323  -0.09383986 0.7372700 0.73780472

$diagnostic_list$`Shock: inflation_expectations_1y`[[12]]
                                R-sqrd. Adj. R-sqrd.    F-stat     p-value
h12:energy                    0.3226318 -0.016052374 0.9526037 0.524795389
h12:inflation_expectations_1y 0.5893517  0.384027613 2.8703482 0.005414529
h12:inflation_expectations_3y 0.3347396  0.002109435 1.0063417 0.474938058
h12:inflation                 0.3192366 -0.021145055 0.9378784 0.538855492
h12:economic_activity         0.4248440  0.137266042 1.4773176 0.169345342


$diagnostic_list$`Shock: inflation_expectations_3y`
$diagnostic_list$`Shock: inflation_expectations_3y`[[1]]
                               R-sqrd. Adj. R-sqrd.   F-stat      p-value
h1:energy                    0.4324327   0.22124489 2.047621 0.0315001900
h1:inflation_expectations_1y 0.6072424   0.46110006 4.155143 0.0000964596
h1:inflation_expectations_3y 0.4115145   0.19254320 1.879308 0.0508133375
h1:inflation                 0.3759729   0.14377671 1.619204 0.1047157394
h1:economic_activity         0.3071806   0.04938727 1.191577 0.3126965991

$diagnostic_list$`Shock: inflation_expectations_3y`[[2]]
                               R-sqrd. Adj. R-sqrd.    F-stat   p-value
h2:energy                    0.3279274   0.07189969 1.2808278 0.2536897
h2:inflation_expectations_1y 0.3674958   0.12654182 1.5251701 0.1360886
h2:inflation_expectations_3y 0.2091074  -0.09218495 0.6940349 0.7833422
h2:inflation                 0.1618479  -0.15744815 0.5068898 0.9291512
h2:economic_activity         0.2936187   0.02452104 1.0911232 0.3929388

$diagnostic_list$`Shock: inflation_expectations_3y`[[3]]
                               R-sqrd. Adj. R-sqrd.    F-stat   p-value
h3:energy                    0.2100128  -0.09827484 0.6812236 0.7949965
h3:inflation_expectations_1y 0.3168347   0.05023356 1.1884222 0.3168888
h3:inflation_expectations_3y 0.1348442  -0.20277762 0.3993941 0.9749851
h3:inflation                 0.1459964  -0.18727337 0.4380727 0.9617402
h3:economic_activity         0.3467935   0.09188364 1.3604554 0.2095145

$diagnostic_list$`Shock: inflation_expectations_3y`[[4]]
                               R-sqrd. Adj. R-sqrd.    F-stat   p-value
h4:energy                    0.1948201  -0.12725192 0.6048960 0.8609111
h4:inflation_expectations_1y 0.3046755   0.02654570 1.0954436 0.3907854
h4:inflation_expectations_3y 0.2115674  -0.10380569 0.6708479 0.8041519
h4:inflation                 0.2377252  -0.06718476 0.7796570 0.6978615
h4:economic_activity         0.3408731   0.07722234 1.2928963 0.2486350

$diagnostic_list$`Shock: inflation_expectations_3y`[[5]]
                               R-sqrd. Adj. R-sqrd.    F-stat   p-value
h5:energy                    0.1967658 -0.132766192 0.5971068 0.8665931
h5:inflation_expectations_1y 0.3208668  0.042248075 1.1516340 0.3464269
h5:inflation_expectations_3y 0.2859671 -0.006969454 0.9762083 0.4991311
h5:inflation                 0.1776840 -0.159676401 0.5266890 0.9161980
h5:economic_activity         0.2642649 -0.037575139 0.8755131 0.5993602

$diagnostic_list$`Shock: inflation_expectations_3y`[[6]]
                               R-sqrd. Adj. R-sqrd.    F-stat   p-value
h6:energy                    0.3718660  0.107388592 1.4060406 0.1907358
h6:inflation_expectations_1y 0.3928809  0.137251762 1.5369176 0.1370286
h6:inflation_expectations_3y 0.3324356  0.051355921 1.1827094 0.3241695
h6:inflation                 0.2987501  0.003486955 1.0118097 0.4660620
h6:economic_activity         0.2645598 -0.045099189 0.8543585 0.6210035

$diagnostic_list$`Shock: inflation_expectations_3y`[[7]]
                               R-sqrd. Adj. R-sqrd.    F-stat    p-value
h7:energy                    0.2408452  -0.08743798 0.7336507 0.74303668
h7:inflation_expectations_1y 0.3630721   0.08764384 1.3182093 0.23775362
h7:inflation_expectations_3y 0.4452350   0.20533663 1.8559317 0.06020146
h7:inflation                 0.2612227  -0.05824852 0.8176721 0.65843551
h7:economic_activity         0.1762201  -0.18000902 0.4946819 0.93394416

$diagnostic_list$`Shock: inflation_expectations_3y`[[8]]
                               R-sqrd. Adj. R-sqrd.    F-stat    p-value
h8:energy                    0.1857985  -0.17606879 0.5134438 0.92283888
h8:inflation_expectations_1y 0.4948797   0.27038185 2.2043848 0.02442208
h8:inflation_expectations_3y 0.3551692   0.06857776 1.2392875 0.28739296
h8:inflation                 0.2470752  -0.08755808 0.7383461 0.73802474
h8:economic_activity         0.2553683  -0.07557906 0.7716282 0.70490171

$diagnostic_list$`Shock: inflation_expectations_3y`[[9]]
                               R-sqrd. Adj. R-sqrd.    F-stat    p-value
h9:energy                    0.2289661  -0.12350650 0.6495997 0.82069599
h9:inflation_expectations_1y 0.4677399   0.22442107 1.9223331 0.05268728
h9:inflation_expectations_3y 0.3724064   0.08550650 1.2980360 0.25229169
h9:inflation                 0.2450702  -0.10004057 0.7101204 0.76499152
h9:economic_activity         0.3217458   0.01168671 1.0376919 0.44460431

$diagnostic_list$`Shock: inflation_expectations_3y`[[10]]
                                R-sqrd. Adj. R-sqrd.    F-stat   p-value
h10:energy                    0.1454694 -0.256662716 0.3617452 0.9833044
h10:inflation_expectations_1y 0.5065804  0.274382961 2.1816795 0.0276075
h10:inflation_expectations_3y 0.2669283 -0.078046651 0.7737614 0.7021351
h10:inflation                 0.1927876 -0.187077104 0.5075164 0.9252952
h10:economic_activity         0.3140818 -0.008703175 0.9730372 0.5044701

$diagnostic_list$`Shock: inflation_expectations_3y`[[11]]
                                R-sqrd. Adj. R-sqrd.    F-stat    p-value
h11:energy                    0.2212624  -0.15630728 0.5860175 0.87176924
h11:inflation_expectations_1y 0.4703904   0.21360993 1.8318778 0.06944302
h11:inflation_expectations_3y 0.3677265   0.06116959 1.1995375 0.31844221
h11:inflation                 0.2001095  -0.18771619 0.5159779 0.91973693
h11:economic_activity         0.2633323  -0.09383986 0.7372700 0.73780472

$diagnostic_list$`Shock: inflation_expectations_3y`[[12]]
                                R-sqrd. Adj. R-sqrd.    F-stat     p-value
h12:energy                    0.3226318 -0.016052374 0.9526037 0.524795389
h12:inflation_expectations_1y 0.5893517  0.384027613 2.8703482 0.005414529
h12:inflation_expectations_3y 0.3347396  0.002109435 1.0063417 0.474938058
h12:inflation                 0.3192366 -0.021145055 0.9378784 0.538855492
h12:economic_activity         0.4248440  0.137266042 1.4773176 0.169345342


$diagnostic_list$`Shock: inflation`
$diagnostic_list$`Shock: inflation`[[1]]
                               R-sqrd. Adj. R-sqrd.   F-stat      p-value
h1:energy                    0.4324327   0.22124489 2.047621 0.0315001900
h1:inflation_expectations_1y 0.6072424   0.46110006 4.155143 0.0000964596
h1:inflation_expectations_3y 0.4115145   0.19254320 1.879308 0.0508133375
h1:inflation                 0.3759729   0.14377671 1.619204 0.1047157394
h1:economic_activity         0.3071806   0.04938727 1.191577 0.3126965991

$diagnostic_list$`Shock: inflation`[[2]]
                               R-sqrd. Adj. R-sqrd.    F-stat   p-value
h2:energy                    0.3279274   0.07189969 1.2808278 0.2536897
h2:inflation_expectations_1y 0.3674958   0.12654182 1.5251701 0.1360886
h2:inflation_expectations_3y 0.2091074  -0.09218495 0.6940349 0.7833422
h2:inflation                 0.1618479  -0.15744815 0.5068898 0.9291512
h2:economic_activity         0.2936187   0.02452104 1.0911232 0.3929388

$diagnostic_list$`Shock: inflation`[[3]]
                               R-sqrd. Adj. R-sqrd.    F-stat   p-value
h3:energy                    0.2100128  -0.09827484 0.6812236 0.7949965
h3:inflation_expectations_1y 0.3168347   0.05023356 1.1884222 0.3168888
h3:inflation_expectations_3y 0.1348442  -0.20277762 0.3993941 0.9749851
h3:inflation                 0.1459964  -0.18727337 0.4380727 0.9617402
h3:economic_activity         0.3467935   0.09188364 1.3604554 0.2095145

$diagnostic_list$`Shock: inflation`[[4]]
                               R-sqrd. Adj. R-sqrd.    F-stat   p-value
h4:energy                    0.1948201  -0.12725192 0.6048960 0.8609111
h4:inflation_expectations_1y 0.3046755   0.02654570 1.0954436 0.3907854
h4:inflation_expectations_3y 0.2115674  -0.10380569 0.6708479 0.8041519
h4:inflation                 0.2377252  -0.06718476 0.7796570 0.6978615
h4:economic_activity         0.3408731   0.07722234 1.2928963 0.2486350

$diagnostic_list$`Shock: inflation`[[5]]
                               R-sqrd. Adj. R-sqrd.    F-stat   p-value
h5:energy                    0.1967658 -0.132766192 0.5971068 0.8665931
h5:inflation_expectations_1y 0.3208668  0.042248075 1.1516340 0.3464269
h5:inflation_expectations_3y 0.2859671 -0.006969454 0.9762083 0.4991311
h5:inflation                 0.1776840 -0.159676401 0.5266890 0.9161980
h5:economic_activity         0.2642649 -0.037575139 0.8755131 0.5993602

$diagnostic_list$`Shock: inflation`[[6]]
                               R-sqrd. Adj. R-sqrd.    F-stat   p-value
h6:energy                    0.3718660  0.107388592 1.4060406 0.1907358
h6:inflation_expectations_1y 0.3928809  0.137251762 1.5369176 0.1370286
h6:inflation_expectations_3y 0.3324356  0.051355921 1.1827094 0.3241695
h6:inflation                 0.2987501  0.003486955 1.0118097 0.4660620
h6:economic_activity         0.2645598 -0.045099189 0.8543585 0.6210035

$diagnostic_list$`Shock: inflation`[[7]]
                               R-sqrd. Adj. R-sqrd.    F-stat    p-value
h7:energy                    0.2408452  -0.08743798 0.7336507 0.74303668
h7:inflation_expectations_1y 0.3630721   0.08764384 1.3182093 0.23775362
h7:inflation_expectations_3y 0.4452350   0.20533663 1.8559317 0.06020146
h7:inflation                 0.2612227  -0.05824852 0.8176721 0.65843551
h7:economic_activity         0.1762201  -0.18000902 0.4946819 0.93394416

$diagnostic_list$`Shock: inflation`[[8]]
                               R-sqrd. Adj. R-sqrd.    F-stat    p-value
h8:energy                    0.1857985  -0.17606879 0.5134438 0.92283888
h8:inflation_expectations_1y 0.4948797   0.27038185 2.2043848 0.02442208
h8:inflation_expectations_3y 0.3551692   0.06857776 1.2392875 0.28739296
h8:inflation                 0.2470752  -0.08755808 0.7383461 0.73802474
h8:economic_activity         0.2553683  -0.07557906 0.7716282 0.70490171

$diagnostic_list$`Shock: inflation`[[9]]
                               R-sqrd. Adj. R-sqrd.    F-stat    p-value
h9:energy                    0.2289661  -0.12350650 0.6495997 0.82069599
h9:inflation_expectations_1y 0.4677399   0.22442107 1.9223331 0.05268728
h9:inflation_expectations_3y 0.3724064   0.08550650 1.2980360 0.25229169
h9:inflation                 0.2450702  -0.10004057 0.7101204 0.76499152
h9:economic_activity         0.3217458   0.01168671 1.0376919 0.44460431

$diagnostic_list$`Shock: inflation`[[10]]
                                R-sqrd. Adj. R-sqrd.    F-stat   p-value
h10:energy                    0.1454694 -0.256662716 0.3617452 0.9833044
h10:inflation_expectations_1y 0.5065804  0.274382961 2.1816795 0.0276075
h10:inflation_expectations_3y 0.2669283 -0.078046651 0.7737614 0.7021351
h10:inflation                 0.1927876 -0.187077104 0.5075164 0.9252952
h10:economic_activity         0.3140818 -0.008703175 0.9730372 0.5044701

$diagnostic_list$`Shock: inflation`[[11]]
                                R-sqrd. Adj. R-sqrd.    F-stat    p-value
h11:energy                    0.2212624  -0.15630728 0.5860175 0.87176924
h11:inflation_expectations_1y 0.4703904   0.21360993 1.8318778 0.06944302
h11:inflation_expectations_3y 0.3677265   0.06116959 1.1995375 0.31844221
h11:inflation                 0.2001095  -0.18771619 0.5159779 0.91973693
h11:economic_activity         0.2633323  -0.09383986 0.7372700 0.73780472

$diagnostic_list$`Shock: inflation`[[12]]
                                R-sqrd. Adj. R-sqrd.    F-stat     p-value
h12:energy                    0.3226318 -0.016052374 0.9526037 0.524795389
h12:inflation_expectations_1y 0.5893517  0.384027613 2.8703482 0.005414529
h12:inflation_expectations_3y 0.3347396  0.002109435 1.0063417 0.474938058
h12:inflation                 0.3192366 -0.021145055 0.9378784 0.538855492
h12:economic_activity         0.4248440  0.137266042 1.4773176 0.169345342


$diagnostic_list$`Shock: economic_activity`
$diagnostic_list$`Shock: economic_activity`[[1]]
                               R-sqrd. Adj. R-sqrd.   F-stat      p-value
h1:energy                    0.4324327   0.22124489 2.047621 0.0315001900
h1:inflation_expectations_1y 0.6072424   0.46110006 4.155143 0.0000964596
h1:inflation_expectations_3y 0.4115145   0.19254320 1.879308 0.0508133375
h1:inflation                 0.3759729   0.14377671 1.619204 0.1047157394
h1:economic_activity         0.3071806   0.04938727 1.191577 0.3126965991

$diagnostic_list$`Shock: economic_activity`[[2]]
                               R-sqrd. Adj. R-sqrd.    F-stat   p-value
h2:energy                    0.3279274   0.07189969 1.2808278 0.2536897
h2:inflation_expectations_1y 0.3674958   0.12654182 1.5251701 0.1360886
h2:inflation_expectations_3y 0.2091074  -0.09218495 0.6940349 0.7833422
h2:inflation                 0.1618479  -0.15744815 0.5068898 0.9291512
h2:economic_activity         0.2936187   0.02452104 1.0911232 0.3929388

$diagnostic_list$`Shock: economic_activity`[[3]]
                               R-sqrd. Adj. R-sqrd.    F-stat   p-value
h3:energy                    0.2100128  -0.09827484 0.6812236 0.7949965
h3:inflation_expectations_1y 0.3168347   0.05023356 1.1884222 0.3168888
h3:inflation_expectations_3y 0.1348442  -0.20277762 0.3993941 0.9749851
h3:inflation                 0.1459964  -0.18727337 0.4380727 0.9617402
h3:economic_activity         0.3467935   0.09188364 1.3604554 0.2095145

$diagnostic_list$`Shock: economic_activity`[[4]]
                               R-sqrd. Adj. R-sqrd.    F-stat   p-value
h4:energy                    0.1948201  -0.12725192 0.6048960 0.8609111
h4:inflation_expectations_1y 0.3046755   0.02654570 1.0954436 0.3907854
h4:inflation_expectations_3y 0.2115674  -0.10380569 0.6708479 0.8041519
h4:inflation                 0.2377252  -0.06718476 0.7796570 0.6978615
h4:economic_activity         0.3408731   0.07722234 1.2928963 0.2486350

$diagnostic_list$`Shock: economic_activity`[[5]]
                               R-sqrd. Adj. R-sqrd.    F-stat   p-value
h5:energy                    0.1967658 -0.132766192 0.5971068 0.8665931
h5:inflation_expectations_1y 0.3208668  0.042248075 1.1516340 0.3464269
h5:inflation_expectations_3y 0.2859671 -0.006969454 0.9762083 0.4991311
h5:inflation                 0.1776840 -0.159676401 0.5266890 0.9161980
h5:economic_activity         0.2642649 -0.037575139 0.8755131 0.5993602

$diagnostic_list$`Shock: economic_activity`[[6]]
                               R-sqrd. Adj. R-sqrd.    F-stat   p-value
h6:energy                    0.3718660  0.107388592 1.4060406 0.1907358
h6:inflation_expectations_1y 0.3928809  0.137251762 1.5369176 0.1370286
h6:inflation_expectations_3y 0.3324356  0.051355921 1.1827094 0.3241695
h6:inflation                 0.2987501  0.003486955 1.0118097 0.4660620
h6:economic_activity         0.2645598 -0.045099189 0.8543585 0.6210035

$diagnostic_list$`Shock: economic_activity`[[7]]
                               R-sqrd. Adj. R-sqrd.    F-stat    p-value
h7:energy                    0.2408452  -0.08743798 0.7336507 0.74303668
h7:inflation_expectations_1y 0.3630721   0.08764384 1.3182093 0.23775362
h7:inflation_expectations_3y 0.4452350   0.20533663 1.8559317 0.06020146
h7:inflation                 0.2612227  -0.05824852 0.8176721 0.65843551
h7:economic_activity         0.1762201  -0.18000902 0.4946819 0.93394416

$diagnostic_list$`Shock: economic_activity`[[8]]
                               R-sqrd. Adj. R-sqrd.    F-stat    p-value
h8:energy                    0.1857985  -0.17606879 0.5134438 0.92283888
h8:inflation_expectations_1y 0.4948797   0.27038185 2.2043848 0.02442208
h8:inflation_expectations_3y 0.3551692   0.06857776 1.2392875 0.28739296
h8:inflation                 0.2470752  -0.08755808 0.7383461 0.73802474
h8:economic_activity         0.2553683  -0.07557906 0.7716282 0.70490171

$diagnostic_list$`Shock: economic_activity`[[9]]
                               R-sqrd. Adj. R-sqrd.    F-stat    p-value
h9:energy                    0.2289661  -0.12350650 0.6495997 0.82069599
h9:inflation_expectations_1y 0.4677399   0.22442107 1.9223331 0.05268728
h9:inflation_expectations_3y 0.3724064   0.08550650 1.2980360 0.25229169
h9:inflation                 0.2450702  -0.10004057 0.7101204 0.76499152
h9:economic_activity         0.3217458   0.01168671 1.0376919 0.44460431

$diagnostic_list$`Shock: economic_activity`[[10]]
                                R-sqrd. Adj. R-sqrd.    F-stat   p-value
h10:energy                    0.1454694 -0.256662716 0.3617452 0.9833044
h10:inflation_expectations_1y 0.5065804  0.274382961 2.1816795 0.0276075
h10:inflation_expectations_3y 0.2669283 -0.078046651 0.7737614 0.7021351
h10:inflation                 0.1927876 -0.187077104 0.5075164 0.9252952
h10:economic_activity         0.3140818 -0.008703175 0.9730372 0.5044701

$diagnostic_list$`Shock: economic_activity`[[11]]
                                R-sqrd. Adj. R-sqrd.    F-stat    p-value
h11:energy                    0.2212624  -0.15630728 0.5860175 0.87176924
h11:inflation_expectations_1y 0.4703904   0.21360993 1.8318778 0.06944302
h11:inflation_expectations_3y 0.3677265   0.06116959 1.1995375 0.31844221
h11:inflation                 0.2001095  -0.18771619 0.5159779 0.91973693
h11:economic_activity         0.2633323  -0.09383986 0.7372700 0.73780472

$diagnostic_list$`Shock: economic_activity`[[12]]
                                R-sqrd. Adj. R-sqrd.    F-stat     p-value
h12:energy                    0.3226318 -0.016052374 0.9526037 0.524795389
h12:inflation_expectations_1y 0.5893517  0.384027613 2.8703482 0.005414529
h12:inflation_expectations_3y 0.3347396  0.002109435 1.0063417 0.474938058
h12:inflation                 0.3192366 -0.021145055 0.9378784 0.538855492
h12:economic_activity         0.4248440  0.137266042 1.4773176 0.169345342



$specs
$specs$lags_endog_lin
SC(n) 
    1 

$specs$lags_criterion
[1] NaN

$specs$max_lags
[1] NaN

$specs$trend
[1] 0

$specs$shock_type
[1] 0

$specs$confint
[1] 1.65

$specs$hor
[1] 12

$specs$use_nw
[1] TRUE

$specs$nw_prewhite
[1] FALSE

$specs$adjust_se
[1] FALSE

$specs$use_twosls
[1] FALSE

$specs$contemp_data
$specs$contemp_data$dummy
 [1] 0 0 0 0 0 0 0 0 0 0 0 0 0 0 0 0 0 0 0 0 0 0 0 0 0 0 1 1 1 1 0 1 0 1 0 0 0 0 0 0 0 0 0 0 0 0 0 0 0 0 0 0 0 0 0 0 0 0 0 0
[61] 0

$specs$contemp_data$Jan
 [1] 0 0 0 0 0 0 0 0 0 0 0 1 0 0 0 0 0 0 0 0 0 0 0 1 0 0 0 0 0 0 0 0 0 0 0 1 0 0 0 0 0 0 0 0 0 0 0 1 0 0 0 0 0 0 0 0 0 0 0 1
[61] 0

$specs$contemp_data$Feb
 [1] 1 0 0 0 0 0 0 0 0 0 0 0 1 0 0 0 0 0 0 0 0 0 0 0 1 0 0 0 0 0 0 0 0 0 0 0 1 0 0 0 0 0 0 0 0 0 0 0 1 0 0 0 0 0 0 0 0 0 0 0
[61] 1

$specs$contemp_data$Mar
 [1] 0 1 0 0 0 0 0 0 0 0 0 0 0 1 0 0 0 0 0 0 0 0 0 0 0 1 0 0 0 0 0 0 0 0 0 0 0 1 0 0 0 0 0 0 0 0 0 0 0 1 0 0 0 0 0 0 0 0 0 0
[61] 0

$specs$contemp_data$Apr
 [1] 0 0 1 0 0 0 0 0 0 0 0 0 0 0 1 0 0 0 0 0 0 0 0 0 0 0 1 0 0 0 0 0 0 0 0 0 0 0 1 0 0 0 0 0 0 0 0 0 0 0 1 0 0 0 0 0 0 0 0 0
[61] 0

$specs$contemp_data$May
 [1] 0 0 0 1 0 0 0 0 0 0 0 0 0 0 0 1 0 0 0 0 0 0 0 0 0 0 0 1 0 0 0 0 0 0 0 0 0 0 0 1 0 0 0 0 0 0 0 0 0 0 0 1 0 0 0 0 0 0 0 0
[61] 0

$specs$contemp_data$Jun
 [1] 0 0 0 0 1 0 0 0 0 0 0 0 0 0 0 0 1 0 0 0 0 0 0 0 0 0 0 0 1 0 0 0 0 0 0 0 0 0 0 0 1 0 0 0 0 0 0 0 0 0 0 0 1 0 0 0 0 0 0 0
[61] 0

$specs$contemp_data$Jul
 [1] 0 0 0 0 0 1 0 0 0 0 0 0 0 0 0 0 0 1 0 0 0 0 0 0 0 0 0 0 0 1 0 0 0 0 0 0 0 0 0 0 0 1 0 0 0 0 0 0 0 0 0 0 0 1 0 0 0 0 0 0
[61] 0

$specs$contemp_data$Aug
 [1] 0 0 0 0 0 0 1 0 0 0 0 0 0 0 0 0 0 0 1 0 0 0 0 0 0 0 0 0 0 0 1 0 0 0 0 0 0 0 0 0 0 0 1 0 0 0 0 0 0 0 0 0 0 0 1 0 0 0 0 0
[61] 0

$specs$contemp_data$Sep
 [1] 0 0 0 0 0 0 0 1 0 0 0 0 0 0 0 0 0 0 0 1 0 0 0 0 0 0 0 0 0 0 0 1 0 0 0 0 0 0 0 0 0 0 0 1 0 0 0 0 0 0 0 0 0 0 0 1 0 0 0 0
[61] 0

$specs$contemp_data$Oct
 [1] 0 0 0 0 0 0 0 0 1 0 0 0 0 0 0 0 0 0 0 0 1 0 0 0 0 0 0 0 0 0 0 0 1 0 0 0 0 0 0 0 0 0 0 0 1 0 0 0 0 0 0 0 0 0 0 0 1 0 0 0
[61] 0


$specs$model_type
[1] 0

$specs$starts
[1] 1

$specs$ends
[1] 61

$specs$column_names
[1] "energy"                    "inflation_expectations_1y" "inflation_expectations_3y" "inflation"                
[5] "economic_activity"        

$specs$endog
[1] 5

$specs$y_lin
          energy inflation_expectations_1y inflation_expectations_3y     inflation economic_activity
2  -0.0109170224              -0.093069017              -0.116992518  0.0118791283      0.0132147973
3  -0.0099978498              -0.179841030              -0.082446768 -0.0180540196      0.0197042191
4   0.0072746067               0.042644040              -0.009027443  0.0117895324      0.0091204916
5   0.0088692011               0.038628823              -0.004366708  0.0080067127      0.0256060314
6  -0.0002162713               0.037587716               0.047957221 -0.0080781182     -0.0008554676
7   0.0089327135               0.042232388              -0.051764649 -0.0091070197      0.0134624669
8  -0.0049160203               0.066831950               0.083116914  0.0035186802      0.0099315901
9   0.0131058879               0.074361879               0.104697282  0.0072325549      0.0093828680
10  0.0165658319               0.097256869               0.129269948  0.0109363479      0.0019638250
11 -0.0109902461               0.090859949               0.040770491 -0.0256428615      0.0024138617
12 -0.0099048238               0.150130443               0.168118070 -0.0087928721     -0.0039597521
13 -0.0028335657               0.154457901               0.190173118 -0.0192514804      0.0121072497
14  0.0092905483               0.016860856               0.023610225  0.0121350319      0.0036954885
15  0.0084549625               0.081748607               0.155708559  0.0254869151      0.0040989018
16  0.0210065909              -0.092583911               0.021248402  0.0315361282      0.0142325513
17 -0.0048076925              -0.193230976              -0.043276262 -0.0135380408     -0.0038460784
18 -0.0088824654               0.067156473               0.059606826 -0.0237050248      0.0003874938
19 -0.0016968879               0.028570973               0.007379959  0.0070212946     -0.0030995371
20 -0.0079158667              -0.110390831              -0.043736816 -0.0008099038     -0.0027487440
21  0.0017742065              -0.009296058              -0.148649219  0.0022449886      0.0100916736
22  0.0071700094              -0.137446744              -0.128886832  0.0149056931     -0.0068965871
23  0.0066889353              -0.102682542               0.022526063  0.0056048268     -0.0018302030
24  0.0164280132               0.085885577               0.040433270  0.0166801358     -0.0053688531
25  0.0213369940               0.052676001               0.034575991 -0.0032142186      0.0092054021
26 -0.0112063570               0.082834189               0.071948279 -0.0143825022      0.0065049140
27 -0.0414764337               0.059890764              -0.139321440 -0.0765488966     -0.1095376270
28 -0.0387095077               0.110803355               0.054336359 -0.1180561839     -0.8013817712
29 -0.0214459578               0.440086455               0.002754213 -0.0394295123      0.1819834628
30 -0.0145346010               0.060988570              -0.180594733  0.0227326525      0.1811371292
31  0.0090725509               0.192429026               0.022748256  0.0290171471     -0.0032090982
32 -0.0037807106               0.215418333               0.210000612  0.0188797606      0.1242242661
33 -0.0110195184               0.090842219              -0.097192097 -0.0081495346      0.0427062365
34  0.0071889066              -0.176135374              -0.211683475 -0.0273674729      0.0659089440
35 -0.0113441449              -0.189613815              -0.173824252 -0.0169879726      0.0090416110
36 -0.0091842455              -0.309955966              -0.096708136  0.0137622962     -0.0200398947
37  0.0046670322              -0.438829199              -0.136241740 -0.0175590348      0.0297735978
38  0.0129385380              -0.586924618              -0.252722198 -0.0022948550      0.0122939477
39  0.0030215082              -0.640823289              -0.247849266  0.0090208096      0.0224621217
40  0.0038194538              -0.744269330              -0.328708352  0.0296218439     -0.0027052872
41  0.0155362159              -0.331977245               0.061289940  0.0278964532      0.0234591779
42  0.0203193546               0.239203704              -0.036411180  0.0417894154      0.0133334691
43  0.0006222203               0.051907720               0.062479848 -0.0037102132      0.0466232530
44 -0.0095193880               0.168972059               0.295863311 -0.0101886004      0.0231090359
45  0.0132106349               0.091561951               0.448800361 -0.0095415708      0.0349689544
46  0.0262441133               0.244040498               0.439272896  0.0513660931      0.0238252787
47  0.0086181131               0.420618875               0.227962584  0.0346746044      0.0237066681
48 -0.0131764439               0.265010741               0.220814479  0.0322088457      0.0235842891
49  0.0047685164              -0.056457642              -0.282966474  0.0093029159     -0.0110638564
50  0.0153154682               0.063072574               0.047559850  0.0216592661      0.0313075917
51  0.0274044423               0.583575145              -0.006092132  0.0594986810      0.0032570089
52  0.0071795266               0.310877420               0.279880828 -0.0193295446     -0.0042385199
53  0.0006297969               0.535617968               0.326312135  0.0475641271     -0.0153374760
54 -0.0043240665               0.756444779               0.145136221  0.0829906319     -0.0114672989
55 -0.0104974512               0.249347053              -0.203776953 -0.0724345513     -0.0001570211
56 -0.0122280048              -0.163336671              -0.538329081 -0.0398569237     -0.0222817013
57 -0.0193604266              -0.387472074              -0.287419250 -0.0177631399     -0.0027547779
58 -0.0109855963               0.208077418               0.011815895 -0.0082045127     -0.0219807589
59 -0.0017246719              -0.407923836              -0.001392901 -0.0432906191     -0.0099343622
60 -0.0051475021              -0.539237661               0.094962482 -0.0521834854     -0.0180533987
61 -0.0001313485              -0.472610574              -0.084508752 -0.0042564185     -0.0088103979

$specs$x_lin
    energy_lag_1 inflation_expectations_1y_lag_1 inflation_expectations_3y_lag_1 inflation_lag_1 economic_activity_lag_1
2  -0.0045798052                    -0.205402860                    -0.218241259    0.0307655897            0.0097286005
3  -0.0109170224                    -0.093069017                    -0.116992518    0.0118791283            0.0132147973
4  -0.0099978498                    -0.179841030                    -0.082446768   -0.0180540196            0.0197042191
5   0.0072746067                     0.042644040                    -0.009027443    0.0117895324            0.0091204916
6   0.0088692011                     0.038628823                    -0.004366708    0.0080067127            0.0256060314
7  -0.0002162713                     0.037587716                     0.047957221   -0.0080781182           -0.0008554676
8   0.0089327135                     0.042232388                    -0.051764649   -0.0091070197            0.0134624669
9  -0.0049160203                     0.066831950                     0.083116914    0.0035186802            0.0099315901
10  0.0131058879                     0.074361879                     0.104697282    0.0072325549            0.0093828680
11  0.0165658319                     0.097256869                     0.129269948    0.0109363479            0.0019638250
12 -0.0109902461                     0.090859949                     0.040770491   -0.0256428615            0.0024138617
13 -0.0099048238                     0.150130443                     0.168118070   -0.0087928721           -0.0039597521
14 -0.0028335657                     0.154457901                     0.190173118   -0.0192514804            0.0121072497
15  0.0092905483                     0.016860856                     0.023610225    0.0121350319            0.0036954885
16  0.0084549625                     0.081748607                     0.155708559    0.0254869151            0.0040989018
17  0.0210065909                    -0.092583911                     0.021248402    0.0315361282            0.0142325513
18 -0.0048076925                    -0.193230976                    -0.043276262   -0.0135380408           -0.0038460784
19 -0.0088824654                     0.067156473                     0.059606826   -0.0237050248            0.0003874938
20 -0.0016968879                     0.028570973                     0.007379959    0.0070212946           -0.0030995371
21 -0.0079158667                    -0.110390831                    -0.043736816   -0.0008099038           -0.0027487440
22  0.0017742065                    -0.009296058                    -0.148649219    0.0022449886            0.0100916736
23  0.0071700094                    -0.137446744                    -0.128886832    0.0149056931           -0.0068965871
24  0.0066889353                    -0.102682542                     0.022526063    0.0056048268           -0.0018302030
25  0.0164280132                     0.085885577                     0.040433270    0.0166801358           -0.0053688531
26  0.0213369940                     0.052676001                     0.034575991   -0.0032142186            0.0092054021
27 -0.0112063570                     0.082834189                     0.071948279   -0.0143825022            0.0065049140
28 -0.0414764337                     0.059890764                    -0.139321440   -0.0765488966           -0.1095376270
29 -0.0387095077                     0.110803355                     0.054336359   -0.1180561839           -0.8013817712
30 -0.0214459578                     0.440086455                     0.002754213   -0.0394295123            0.1819834628
31 -0.0145346010                     0.060988570                    -0.180594733    0.0227326525            0.1811371292
32  0.0090725509                     0.192429026                     0.022748256    0.0290171471           -0.0032090982
33 -0.0037807106                     0.215418333                     0.210000612    0.0188797606            0.1242242661
34 -0.0110195184                     0.090842219                    -0.097192097   -0.0081495346            0.0427062365
35  0.0071889066                    -0.176135374                    -0.211683475   -0.0273674729            0.0659089440
36 -0.0113441449                    -0.189613815                    -0.173824252   -0.0169879726            0.0090416110
37 -0.0091842455                    -0.309955966                    -0.096708136    0.0137622962           -0.0200398947
38  0.0046670322                    -0.438829199                    -0.136241740   -0.0175590348            0.0297735978
39  0.0129385380                    -0.586924618                    -0.252722198   -0.0022948550            0.0122939477
40  0.0030215082                    -0.640823289                    -0.247849266    0.0090208096            0.0224621217
41  0.0038194538                    -0.744269330                    -0.328708352    0.0296218439           -0.0027052872
42  0.0155362159                    -0.331977245                     0.061289940    0.0278964532            0.0234591779
43  0.0203193546                     0.239203704                    -0.036411180    0.0417894154            0.0133334691
44  0.0006222203                     0.051907720                     0.062479848   -0.0037102132            0.0466232530
45 -0.0095193880                     0.168972059                     0.295863311   -0.0101886004            0.0231090359
46  0.0132106349                     0.091561951                     0.448800361   -0.0095415708            0.0349689544
47  0.0262441133                     0.244040498                     0.439272896    0.0513660931            0.0238252787
48  0.0086181131                     0.420618875                     0.227962584    0.0346746044            0.0237066681
49 -0.0131764439                     0.265010741                     0.220814479    0.0322088457            0.0235842891
50  0.0047685164                    -0.056457642                    -0.282966474    0.0093029159           -0.0110638564
51  0.0153154682                     0.063072574                     0.047559850    0.0216592661            0.0313075917
52  0.0274044423                     0.583575145                    -0.006092132    0.0594986810            0.0032570089
53  0.0071795266                     0.310877420                     0.279880828   -0.0193295446           -0.0042385199
54  0.0006297969                     0.535617968                     0.326312135    0.0475641271           -0.0153374760
55 -0.0043240665                     0.756444779                     0.145136221    0.0829906319           -0.0114672989
56 -0.0104974512                     0.249347053                    -0.203776953   -0.0724345513           -0.0001570211
57 -0.0122280048                    -0.163336671                    -0.538329081   -0.0398569237           -0.0222817013
58 -0.0193604266                    -0.387472074                    -0.287419250   -0.0177631399           -0.0027547779
59 -0.0109855963                     0.208077418                     0.011815895   -0.0082045127           -0.0219807589
60 -0.0017246719                    -0.407923836                    -0.001392901   -0.0432906191           -0.0099343622
61 -0.0051475021                    -0.539237661                     0.094962482   -0.0521834854           -0.0180533987
   dummy Jan Feb Mar Apr May Jun Jul Aug Sep Oct
2      0   0   0   1   0   0   0   0   0   0   0
3      0   0   0   0   1   0   0   0   0   0   0
4      0   0   0   0   0   1   0   0   0   0   0
5      0   0   0   0   0   0   1   0   0   0   0
6      0   0   0   0   0   0   0   1   0   0   0
7      0   0   0   0   0   0   0   0   1   0   0
8      0   0   0   0   0   0   0   0   0   1   0
9      0   0   0   0   0   0   0   0   0   0   1
10     0   0   0   0   0   0   0   0   0   0   0
11     0   0   0   0   0   0   0   0   0   0   0
12     0   1   0   0   0   0   0   0   0   0   0
13     0   0   1   0   0   0   0   0   0   0   0
14     0   0   0   1   0   0   0   0   0   0   0
15     0   0   0   0   1   0   0   0   0   0   0
16     0   0   0   0   0   1   0   0   0   0   0
17     0   0   0   0   0   0   1   0   0   0   0
18     0   0   0   0   0   0   0   1   0   0   0
19     0   0   0   0   0   0   0   0   1   0   0
20     0   0   0   0   0   0   0   0   0   1   0
21     0   0   0   0   0   0   0   0   0   0   1
22     0   0   0   0   0   0   0   0   0   0   0
23     0   0   0   0   0   0   0   0   0   0   0
24     0   1   0   0   0   0   0   0   0   0   0
25     0   0   1   0   0   0   0   0   0   0   0
26     0   0   0   1   0   0   0   0   0   0   0
27     1   0   0   0   1   0   0   0   0   0   0
28     1   0   0   0   0   1   0   0   0   0   0
29     1   0   0   0   0   0   1   0   0   0   0
30     1   0   0   0   0   0   0   1   0   0   0
31     0   0   0   0   0   0   0   0   1   0   0
32     1   0   0   0   0   0   0   0   0   1   0
33     0   0   0   0   0   0   0   0   0   0   1
34     1   0   0   0   0   0   0   0   0   0   0
35     0   0   0   0   0   0   0   0   0   0   0
36     0   1   0   0   0   0   0   0   0   0   0
37     0   0   1   0   0   0   0   0   0   0   0
38     0   0   0   1   0   0   0   0   0   0   0
39     0   0   0   0   1   0   0   0   0   0   0
40     0   0   0   0   0   1   0   0   0   0   0
41     0   0   0   0   0   0   1   0   0   0   0
42     0   0   0   0   0   0   0   1   0   0   0
43     0   0   0   0   0   0   0   0   1   0   0
44     0   0   0   0   0   0   0   0   0   1   0
45     0   0   0   0   0   0   0   0   0   0   1
46     0   0   0   0   0   0   0   0   0   0   0
47     0   0   0   0   0   0   0   0   0   0   0
48     0   1   0   0   0   0   0   0   0   0   0
49     0   0   1   0   0   0   0   0   0   0   0
50     0   0   0   1   0   0   0   0   0   0   0
51     0   0   0   0   1   0   0   0   0   0   0
52     0   0   0   0   0   1   0   0   0   0   0
53     0   0   0   0   0   0   1   0   0   0   0
54     0   0   0   0   0   0   0   1   0   0   0
55     0   0   0   0   0   0   0   0   1   0   0
56     0   0   0   0   0   0   0   0   0   1   0
57     0   0   0   0   0   0   0   0   0   0   1
58     0   0   0   0   0   0   0   0   0   0   0
59     0   0   0   0   0   0   0   0   0   0   0
60     0   1   0   0   0   0   0   0   0   0   0
61     0   0   1   0   0   0   0   0   0   0   0


attr(,"class")
[1] "lpirfs_lin_obj"
