[1] "profits"              "djn level estimation"
                   1             2             3             4             5             6
AIC(n) -2.533871e+01 -2.556323e+01 -2.598877e+01 -2.632390e+01 -2.697156e+01 -2.849722e+01
HQ(n)  -2.413128e+01 -2.400067e+01 -2.407109e+01 -2.405109e+01 -2.434363e+01 -2.551415e+01
SC(n)  -2.220790e+01 -2.151159e+01 -2.101631e+01 -2.043061e+01 -2.015745e+01 -2.076228e+01
FPE(n)  1.105605e-11  1.016251e-11  8.459650e-12  9.004463e-12  8.987507e-12  5.773247e-12
                   1             2             3             4             5             6
AIC(n) -2.533871e+01 -2.556323e+01 -2.598877e+01 -2.632390e+01 -2.697156e+01 -2.849722e+01
HQ(n)  -2.413128e+01 -2.400067e+01 -2.407109e+01 -2.405109e+01 -2.434363e+01 -2.551415e+01
SC(n)  -2.220790e+01 -2.151159e+01 -2.101631e+01 -2.043061e+01 -2.015745e+01 -2.076228e+01
FPE(n)  1.105605e-11  1.016251e-11  8.459650e-12  9.004463e-12  8.987507e-12  5.773247e-12
$irf_lin_mean
, , 1

             [,1]         [,2]          [,3]          [,4]         [,5]          [,6]         [,7]          [,8]
[1,]  0.011808591 -0.003160417 -0.0007370506  3.832633e-03 -0.002518250 -0.0002196833  0.004754519 -0.0006614819
[2,] -0.007241134  0.052256592  0.0686468405  2.535716e-02 -0.006433654  0.0600275923  0.026304575 -0.0070398121
[3,]  0.044466787  0.027334477  0.0631660678 -2.130247e-02 -0.022268833  0.0400604568 -0.024844813  0.0531355137
[4,]  0.002581940  0.007148069  0.0068488248  3.050786e-05  0.004879183  0.0018480274  0.003989129  0.0066406279
[5,]  0.046984867  0.002811995  0.0011675265  1.937017e-02 -0.014189047 -0.0005733118  0.011844074 -0.0101892619
             [,9]        [,10]        [,11]        [,12]         [,13]
[1,] 0.0006360875  0.003041154 -0.001786804  0.001168410 -0.0006743669
[2,] 0.1485987347 -0.025722838  0.040040737  0.053093806  0.0424302525
[3,] 0.0457537075 -0.021648245  0.018864154 -0.024669720  0.0143930274
[4,] 0.0158775959  0.011204705  0.007658290  0.009194578  0.0016162072
[5,] 0.0303796664  0.027806759 -0.015110014  0.026237169 -0.0092165871

, , 2

             [,1]        [,2]         [,3]          [,4]         [,5]         [,6]         [,7]         [,8]          [,9]
[1,]  0.000000000 0.001771505 0.0002615423  0.0004888215 -0.001424856  0.001972167 0.0009193789 -0.003971284  0.0046016623
[2,]  0.208963629 0.047002628 0.0036679759  0.0812133322  0.078235480  0.033736718 0.0128698794  0.052861761  0.0007790774
[3,]  0.093937145 0.011982259 0.0094701748  0.0117778969  0.022332248 -0.034615780 0.0045602450  0.002765164 -0.0019586666
[4,]  0.009082145 0.007206891 0.0034927262  0.0122767422  0.010397842  0.007396594 0.0102977061  0.018847099  0.0136965552
[5,] -0.018347561 0.021233293 0.0102957121 -0.0017756299 -0.005624065  0.010177161 0.0253226076 -0.004236441  0.0280947331
             [,10]         [,11]        [,12]       [,13]
[1,] -0.0004225403 -0.0067486990  0.003207329 -0.00224887
[2,] -0.0335582852  0.0002198742 -0.020856757 -0.07308292
[3,] -0.0438048090 -0.0211485283 -0.026182187 -0.05742979
[4,]  0.0093432148  0.0086433765  0.014544302  0.01937759
[5,]  0.0093342113 -0.0173889140  0.035604853  0.02081302

, , 3

             [,1]          [,2]         [,3]         [,4]         [,5]         [,6]          [,7]         [,8]          [,9]
[1,]  0.000000000  0.0005172164  0.001345416 -0.003027784  0.001441247  0.002182608  0.0007332358  0.003589559 -0.0007166608
[2,]  0.000000000  0.1140539220 -0.079469963  0.031874739 -0.011342507  0.014605417  0.1369573013 -0.016560089  0.0348783229
[3,]  0.170683091 -0.0041637326 -0.010801765 -0.021405109 -0.019934848  0.039839191  0.0451993967  0.061787749 -0.0316038922
[4,] -0.007756251  0.0031544575 -0.006236357 -0.007242967 -0.000808364 -0.006093464  0.0036294798  0.004281387  0.0072344640
[5,] -0.016273354  0.0109065366 -0.000569344 -0.015904178  0.021372324 -0.024408273 -0.0115774149  0.044930910  0.0143012670
           [,10]        [,11]        [,12]         [,13]
[1,] 0.004276785 -0.005588654  0.001777730  0.0026294036
[2,] 0.011381153  0.133003369 -0.009762231  0.0147314176
[3,] 0.062837649 -0.017587182 -0.040229096 -0.0165317519
[4,] 0.009100008  0.009163373  0.005276371  0.0008487901
[5,] 0.009768633 -0.007991122  0.014414872  0.0122020708

, , 4

           [,1]          [,2]          [,3]         [,4]          [,5]          [,6]         [,7]          [,8]
[1,] 0.00000000  0.0002434923 -0.0005603485 -0.000776622  5.111975e-05 -0.0004602945 -0.001138209  0.0009261118
[2,] 0.00000000  0.0207542959  0.0061707765 -0.031045891  3.902169e-03 -0.0038638489 -0.014922213 -0.0372617479
[3,] 0.00000000 -0.0130364634 -0.0335653350 -0.028956352 -3.319684e-03  0.0117631269  0.001637334 -0.0310878548
[4,] 0.02863419  0.0170937677  0.0100809196  0.007225060  9.482336e-03  0.0111497628  0.009376639  0.0106820798
[5,] 0.03681925  0.0151147186 -0.0085083849  0.007476062  1.502907e-02 -0.0054953940 -0.007638159  0.0237278617
              [,9]        [,10]        [,11]        [,12]         [,13]
[1,] -0.0017038275 0.0001597234 0.0019671270 -0.003306261 -0.0018270101
[2,] -0.0417897059 0.0120500908 0.0216205255  0.010824825  0.0152325360
[3,] -0.0376391618 0.0076494681 0.0009014344  0.010387701  0.0092747789
[4,]  0.0110850878 0.0121120924 0.0156728673  0.007938798 -0.0004953501
[5,]  0.0004122689 0.0085947295 0.0320218111 -0.009911256 -0.0199819948

, , 5

           [,1]          [,2]          [,3]          [,4]         [,5]         [,6]         [,7]         [,8]          [,9]
[1,] 0.00000000  0.0003240637 -0.0004043982 -0.0002245902  0.000248531  0.004055122 -0.003579116  0.004001505 -0.0005569992
[2,] 0.00000000 -0.0602824292  0.0651875590 -0.0012700043 -0.040435903 -0.030287163  0.122021890  0.015019060 -0.0345527759
[3,] 0.00000000 -0.0009996741  0.0359847944 -0.0202975155 -0.043537308  0.041604078  0.078607867 -0.008471676 -0.0200102532
[4,] 0.00000000 -0.0022657747 -0.0085472634 -0.0082621798 -0.010289246 -0.005227873  0.009049517  0.002261044 -0.0104186592
[5,] 0.09519528 -0.0190767264 -0.0372129140 -0.0014023633  0.006174551  0.003688448 -0.006122360  0.023823173  0.0018680894
             [,10]         [,11]        [,12]        [,13]
[1,] -1.288221e-05 -0.0010419902 0.0033926470 -0.001564396
[2,]  3.583294e-02  0.0738459326 0.0342575953  0.016110442
[3,]  9.405574e-03  0.0256685817 0.0071505953  0.045271301
[4,] -4.207745e-04  0.0005247009 0.0008118206 -0.003982187
[5,] -1.329102e-02  0.0011136957 0.0064097184 -0.021657145


$irf_lin_low
, , 1

             [,1]         [,2]         [,3]          [,4]         [,5]         [,6]          [,7]         [,8]         [,9]
[1,]  0.011808591 -0.008021843 -0.005748123 -8.087746e-05 -0.009213534 -0.006572318  0.0001455663 -0.005248247 -0.006434744
[2,] -0.007241134 -0.031397294 -0.016879503 -7.634134e-02 -0.083125578 -0.018905992 -0.0779317954 -0.095142221  0.073297086
[3,]  0.044466787 -0.044417885  0.008890861 -1.062523e-01 -0.082098525 -0.036060581 -0.0916653722 -0.005074551 -0.013102110
[4,]  0.002581940 -0.005921578 -0.008442461 -1.367333e-02 -0.009336409 -0.009578825 -0.0133565767 -0.006816416  0.001462921
[5,]  0.046984867 -0.029631275 -0.039931499 -2.205601e-02 -0.061450803 -0.025759263 -0.0186419097 -0.067951139  0.002051117
            [,10]        [,11]        [,12]        [,13]
[1,] -0.002172440 -0.005030727 -0.004693764 -0.007440146
[2,] -0.106898984 -0.087349519 -0.047224953 -0.091659530
[3,] -0.096568699 -0.072557392 -0.097589143 -0.056016748
[4,] -0.003623652 -0.004707109 -0.001994009 -0.012961635
[5,] -0.014641080 -0.044868658 -0.006005336 -0.060811688

, , 2

             [,1]         [,2]         [,3]         [,4]         [,5]         [,6]         [,7]         [,8]         [,9]
[1,]  0.000000000 -0.003069230 -0.004332881 -0.004014762 -0.006918623 -0.004713472 -0.004373542 -0.009832307 -0.001341497
[2,]  0.208963629 -0.051190279 -0.089698658 -0.012508249  0.001532306 -0.067243877 -0.065494652 -0.101371009 -0.079933665
[3,]  0.093937145 -0.070103844 -0.068970387 -0.063591540 -0.040581155 -0.092283109 -0.051094837 -0.097571918 -0.080825772
[4,]  0.009082145 -0.002974751 -0.007797348 -0.001252019 -0.004172194 -0.007560215 -0.004320446  0.005616923  0.001945111
[5,] -0.018347561 -0.010738482 -0.018915085 -0.025755273 -0.048946114 -0.030112417 -0.023268956 -0.050782115 -0.002664823
            [,10]        [,11]         [,12]        [,13]
[1,] -0.004253423 -0.010309414 -0.0015884531 -0.006403997
[2,] -0.162548276 -0.092913052 -0.1877813055 -0.161667128
[3,] -0.109023903 -0.093106344 -0.1568779430 -0.122209322
[4,] -0.009213884 -0.006511977  0.0002019182 -0.001600159
[5,] -0.034699459 -0.075248495 -0.0169659992 -0.022694797

, , 3

             [,1]          [,2]          [,3]         [,4]          [,5]          [,6]          [,7]          [,8]
[1,]  0.000000000 -0.0016205961 -0.0007670342 -0.005282596 -0.0001697386  8.315776e-05 -0.0008737699  0.0009963057
[2,]  0.000000000  0.0827071702 -0.1223853811 -0.002659275 -0.0436061911 -9.259374e-03  0.1215624241 -0.0648948499
[3,]  0.170683091 -0.0379357530 -0.0410386909 -0.043205867 -0.0431812887  2.818649e-02  0.0178143798  0.0288368320
[4,] -0.007756251 -0.0005036306 -0.0112891405 -0.012129616 -0.0051655289 -1.056106e-02  0.0001942345 -0.0005733556
[5,] -0.016273354 -0.0020488237 -0.0148302674 -0.033619833  0.0039038003 -4.734846e-02 -0.0246930746  0.0095952900
              [,9]        [,10]        [,11]         [,12]        [,13]
[1,] -0.0021005799  0.002815932 -0.005986581  0.0007274018  0.000218142
[2,]  0.0066007447 -0.025945516  0.104671927 -0.0550559831 -0.023588484
[3,] -0.0521056041  0.023447178 -0.047996793 -0.0795879993 -0.037235698
[4,] -0.0002597097  0.004941976  0.006376663  0.0016010040 -0.007052265
[5,] -0.0026729467 -0.004467971 -0.018360504  0.0013954739  0.016246919

, , 4

           [,1]         [,2]         [,3]         [,4]         [,5]          [,6]         [,7]         [,8]         [,9]
[1,] 0.00000000 -0.003813517 -0.003399059 -0.003306146 -0.003780502 -0.0049409278 -0.004105726 -0.001842661 -0.006349698
[2,] 0.00000000 -0.042910687 -0.058976136 -0.109676518 -0.048478584 -0.0756741396 -0.092313196 -0.113045279 -0.096152927
[3,] 0.00000000 -0.065528182 -0.082645861 -0.084475725 -0.049594111 -0.0368784361 -0.039165982 -0.067929220 -0.086218449
[4,] 0.02863419  0.007371629 -0.001735216 -0.003845997  0.000336345  0.0008783061 -0.002714545  0.001717695  0.003642962
[5,] 0.03681925 -0.019250398 -0.033368759 -0.013805581 -0.009709769 -0.0212456569 -0.024832939  0.002714969 -0.013492174
            [,10]        [,11]        [,12]        [,13]
[1,] -0.002849793 -0.001117519 -0.006148316 -0.004229682
[2,] -0.069023428 -0.056818487 -0.107472897 -0.039965000
[3,] -0.043030238 -0.054376775 -0.054343010 -0.041157291
[4,] -0.001684845  0.003916488 -0.001940617 -0.008055128
[5,] -0.025088056 -0.005295338 -0.036042767 -0.057823414

, , 5

           [,1]         [,2]         [,3]         [,4]         [,5]          [,6]          [,7]          [,8]         [,9]
[1,] 0.00000000 -0.002382002 -0.003083587 -0.002042735 -0.002372559  0.0007664674 -6.021893e-03  0.0021498434 -0.003364522
[2,] 0.00000000 -0.100042076  0.023387580 -0.049616840 -0.063241207 -0.0688444119  6.381755e-02 -0.0234894629 -0.077006336
[3,] 0.00000000 -0.032434559  0.009768092 -0.056900025 -0.075924542  0.0071912952  4.652577e-02 -0.0326182140 -0.042603397
[4,] 0.00000000 -0.009872430 -0.019461438 -0.015721264 -0.016016121 -0.0116285349  7.120476e-05 -0.0052574668 -0.016264223
[5,] 0.09519528 -0.046205037 -0.064492563 -0.018519922 -0.010057512 -0.0081873705 -1.626700e-02  0.0009290718 -0.006017142
            [,10]        [,11]        [,12]        [,13]
[1,] -0.002958879 -0.002522450  0.001972268 -0.004240252
[2,]  0.004106939  0.011069215 -0.026158329 -0.038114882
[3,] -0.033109982 -0.019843442 -0.036753882  0.011714544
[4,] -0.008434008 -0.006171855 -0.005351695 -0.010084670
[5,] -0.030489956 -0.007979137 -0.011628397 -0.062015669


$irf_lin_up
, , 1

             [,1]        [,2]        [,3]        [,4]        [,5]        [,6]        [,7]        [,8]        [,9]
[1,]  0.011808591 0.001701008 0.004274022 0.007746143 0.004177033 0.006132952 0.009363471 0.003925284 0.007706919
[2,] -0.007241134 0.135910478 0.154173184 0.127055663 0.070258271 0.138961177 0.130540945 0.081062597 0.223900384
[3,]  0.044466787 0.099086839 0.117441275 0.063647368 0.037560859 0.116181495 0.041975747 0.111345579 0.104609525
[4,]  0.002581940 0.020217717 0.022140110 0.013734343 0.019094775 0.013274880 0.021334835 0.020097672 0.030292271
[5,]  0.046984867 0.035255265 0.042266552 0.060796357 0.033072709 0.024612640 0.042330058 0.047572615 0.058708216
           [,10]       [,11]       [,12]       [,13]
[1,] 0.008254748 0.001457118 0.007030584 0.006091412
[2,] 0.055453307 0.167430993 0.153412565 0.176520035
[3,] 0.053272208 0.110285700 0.048249703 0.084802803
[4,] 0.026033063 0.020023689 0.020383164 0.016194050
[5,] 0.070254597 0.014648630 0.058479675 0.042378513

, , 2

             [,1]        [,2]        [,3]        [,4]        [,5]        [,6]        [,7]        [,8]       [,9]       [,10]
[1,]  0.000000000 0.006612239 0.004855965 0.004992405 0.004068911 0.008657806 0.006212299 0.001889739 0.01054482 0.003408342
[2,]  0.208963629 0.145195536 0.097034610 0.174934913 0.154938654 0.134717313 0.091234411 0.207094532 0.08149182 0.095431706
[3,]  0.093937145 0.094068363 0.087910736 0.087147334 0.085245650 0.023051550 0.060215327 0.103102246 0.07690844 0.021414285
[4,]  0.009082145 0.017388533 0.014782801 0.025805503 0.024967877 0.022353402 0.024915858 0.032077275 0.02544800 0.027900314
[5,] -0.018347561 0.053205067 0.039506509 0.022204013 0.037697984 0.050466739 0.073914171 0.042309233 0.05885429 0.053367882
            [,11]       [,12]       [,13]
[1,] -0.003187984 0.008003112 0.001906256
[2,]  0.093352800 0.146067791 0.015501291
[3,]  0.050809288 0.104513570 0.007349744
[4,]  0.023798730 0.028886685 0.040355335
[5,]  0.040470667 0.088175704 0.064320845

, , 3

             [,1]        [,2]         [,3]          [,4]        [,5]         [,6]        [,7]        [,8]          [,9]
[1,]  0.000000000 0.002655029  0.003457866 -0.0007729715 0.003052233  0.004282058 0.002340241 0.006182812  0.0006672583
[2,]  0.000000000 0.145400674 -0.036554546  0.0664087536 0.020921178  0.038470208 0.152352179 0.031774672  0.0631559011
[3,]  0.170683091 0.029608288  0.019435162  0.0003956478 0.003311594  0.051491892 0.072584414 0.094738665 -0.0111021804
[4,] -0.007756251 0.006812546 -0.001183574 -0.0023563171 0.003548801 -0.001625867 0.007064725 0.009136130  0.0147286377
[5,] -0.016273354 0.023861897  0.013691579  0.0018114779 0.038840847 -0.001468089 0.001538245 0.080266530  0.0312754807
           [,10]        [,11]         [,12]       [,13]
[1,] 0.005737638 -0.005190727  0.0028280587 0.005040665
[2,] 0.048707822  0.161334810  0.0355315211 0.053051319
[3,] 0.102228120  0.012822428 -0.0008701926 0.004172194
[4,] 0.013258040  0.011950082  0.0089517382 0.008749845
[5,] 0.024005237  0.002378260  0.0274342693 0.008157222

, , 4

           [,1]        [,2]        [,3]        [,4]        [,5]        [,6]        [,7]        [,8]        [,9]      [,10]
[1,] 0.00000000 0.004300501 0.002278362 0.001752902 0.003882742 0.004020339 0.001829309 0.003694884 0.002942043 0.00316924
[2,] 0.00000000 0.084419279 0.071317689 0.047584735 0.056282923 0.067946442 0.062468771 0.038521783 0.012573515 0.09312361
[3,] 0.00000000 0.039455255 0.015515191 0.026563021 0.042954744 0.060404690 0.042440650 0.005753511 0.010940126 0.05832917
[4,] 0.02863419 0.026815906 0.021897055 0.018296117 0.018628328 0.021421219 0.021467823 0.019646465 0.018527213 0.02590903
[5,] 0.03681925 0.049479835 0.016351989 0.028757706 0.039767916 0.010254869 0.009556621 0.044740754 0.014316711 0.04227751
           [,11]         [,12]        [,13]
[1,] 0.005051773 -0.0004642059 0.0005756616
[2,] 0.100059538  0.1291225474 0.0704300717
[3,] 0.056179643  0.0751184124 0.0597068491
[4,] 0.027429247  0.0178182126 0.0070644282
[5,] 0.069338960  0.0162202556 0.0178594242

, , 5

           [,1]         [,2]         [,3]          [,4]         [,5]        [,6]         [,7]        [,8]         [,9]
[1,] 0.00000000  0.003030130  0.002274790  0.0015935549  0.002869621 0.007343776 -0.001136338 0.005853167  0.002250524
[2,] 0.00000000 -0.020522782  0.106987538  0.0470768319 -0.017630598 0.008270086  0.180226227 0.053527583  0.007900784
[3,] 0.00000000  0.030435211  0.062201497  0.0163049938 -0.011150074 0.076016861  0.110689964 0.015674862  0.002582890
[4,] 0.00000000  0.005340880  0.002366911 -0.0008030955 -0.004562372 0.001172789  0.018027829 0.009779555 -0.004573095
[5,] 0.09519528  0.008051585 -0.009933265  0.0157151950  0.022406614 0.015564267  0.004022280 0.046717274  0.009753321
           [,10]        [,11]       [,12]       [,13]
[1,] 0.002933115 0.0004384695 0.004813026 0.001111459
[2,] 0.067558946 0.1366226498 0.094673520 0.070335765
[3,] 0.051921130 0.0711806049 0.051055073 0.078828058
[4,] 0.007592459 0.0072212564 0.006975336 0.002120295
[5,] 0.003907924 0.0102065282 0.024447834 0.018701378


$diagnostic_list
$diagnostic_list$`Shock: profits`
$diagnostic_list$`Shock: profits`[[1]]
                               R-sqrd. Adj. R-sqrd.    F-stat     p-value
h1:profits                   0.2408967  -0.04828548 0.8330275 0.643200481
h1:inflation_expectations_1y 0.3773535   0.14015478 1.5908751 0.114207524
h1:inflation_expectations_3y 0.1451779  -0.18046864 0.4458143 0.958918096
h1:inflation                 0.5211589   0.33874331 2.8569861 0.003276679
h1:economic_activity         0.3132640   0.05165034 1.1974298 0.309392725

$diagnostic_list$`Shock: profits`[[2]]
                               R-sqrd. Adj. R-sqrd.    F-stat   p-value
h2:profits                   0.1611337 -0.166228758 0.4922180 0.9368385
h2:inflation_expectations_1y 0.3499568  0.096281422 1.3795458 0.1997259
h2:inflation_expectations_3y 0.2883577  0.010643603 1.0383258 0.4400321
h2:inflation                 0.2747630 -0.008256288 0.9708278 0.5035465
h2:economic_activity         0.3043150  0.032828102 1.1209197 0.3689274

$diagnostic_list$`Shock: profits`[[3]]
                               R-sqrd. Adj. R-sqrd.    F-stat    p-value
h3:profits                   0.4034269   0.16479762 1.6906011 0.08935771
h3:inflation_expectations_1y 0.2805555  -0.00722233 0.9749031 0.49998041
h3:inflation_expectations_3y 0.1425551  -0.20042284 0.4156393 0.96963038
h3:inflation                 0.2708285  -0.02084012 0.9285486 0.54555569
h3:economic_activity         0.3310002   0.06340030 1.2369220 0.28408412

$diagnostic_list$`Shock: profits`[[4]]
                               R-sqrd. Adj. R-sqrd.    F-stat   p-value
h4:profits                   0.2057806  -0.12005305 0.6315511 0.8384272
h4:inflation_expectations_1y 0.2657894  -0.03542522 0.8823921 0.5923430
h4:inflation_expectations_3y 0.2111280  -0.11251175 0.6523550 0.8203561
h4:inflation                 0.2613339  -0.04170856 0.8623673 0.6128094
h4:economic_activity         0.3269951   0.05089053 1.1843161 0.3219200

$diagnostic_list$`Shock: profits`[[5]]
                               R-sqrd. Adj. R-sqrd.    F-stat   p-value
h5:profits                   0.2637413  -0.04626235 0.8507684 0.6246766
h5:inflation_expectations_1y 0.2326665  -0.09042135 0.7201338 0.7566536
h5:inflation_expectations_3y 0.2454458  -0.07226121 0.7725540 0.7045530
h5:inflation                 0.2590910  -0.05287062 0.8305221 0.6454161
h5:economic_activity         0.2040048  -0.13115109 0.6086863 0.8568802

$diagnostic_list$`Shock: profits`[[6]]
                               R-sqrd. Adj. R-sqrd.    F-stat    p-value
h6:profits                   0.3220280   0.02885098 1.0984080 0.39084433
h6:inflation_expectations_1y 0.4238684   0.17473038 1.7013397 0.09053229
h6:inflation_expectations_3y 0.3105074   0.01234850 1.0414158 0.43982911
h6:inflation                 0.2599983  -0.06000246 0.8124928 0.66372100
h6:economic_activity         0.1677340  -0.19216484 0.4660587 0.94842611

$diagnostic_list$`Shock: profits`[[7]]
                               R-sqrd. Adj. R-sqrd.    F-stat   p-value
h7:profits                   0.3565186   0.07052689 1.2466046 0.2826182
h7:inflation_expectations_1y 0.2351811  -0.10473835 0.6918731 0.7827758
h7:inflation_expectations_3y 0.2979246  -0.01410888 0.9547841 0.5209929
h7:inflation                 0.3813232   0.10635578 1.3867941 0.2029485
h7:economic_activity         0.4314723   0.17879331 1.7075907 0.0904243

$diagnostic_list$`Shock: profits`[[8]]
                               R-sqrd. Adj. R-sqrd.    F-stat    p-value
h8:profits                   0.2934995  -0.02947211 0.9087471 0.56639715
h8:inflation_expectations_1y 0.4985400   0.26930117 2.1747624 0.02723318
h8:inflation_expectations_3y 0.3412729   0.04014052 1.1332986 0.36480521
h8:inflation                 0.4147073   0.14714490 1.5499461 0.13699857
h8:economic_activity         0.3514652   0.05499216 1.1854879 0.32569214

$diagnostic_list$`Shock: profits`[[9]]
                               R-sqrd. Adj. R-sqrd.    F-stat   p-value
h9:profits                   0.2912561 -0.042270417 0.8732622 0.6019353
h9:inflation_expectations_1y 0.2852548 -0.051095903 0.8480874 0.6272550
h9:inflation_expectations_3y 0.2988264 -0.031137685 0.9056331 0.5696913
h9:inflation                 0.3178711 -0.003130807 0.9902468 0.4883675
h9:economic_activity         0.3303380  0.015202978 1.0482427 0.4361265

$diagnostic_list$`Shock: profits`[[10]]
                                R-sqrd. Adj. R-sqrd.   F-stat   p-value
h10:profits                   0.4394664  0.167692493 1.617029 0.1190013
h10:inflation_expectations_1y 0.3659604  0.058547328 1.190452 0.3248178
h10:inflation_expectations_3y 0.2536879 -0.108160427 0.701089 0.7725450
h10:inflation                 0.3318995  0.007971917 1.024610 0.4577761
h10:economic_activity         0.3305503  0.005968597 1.018389 0.4633416

$diagnostic_list$`Shock: profits`[[11]]
                                R-sqrd. Adj. R-sqrd.    F-stat   p-value
h11:profits                   0.2988508  -0.05172373 0.8524601 0.6228033
h11:inflation_expectations_1y 0.3024404  -0.04633946 0.8671384 0.6081674
h11:inflation_expectations_3y 0.1914016  -0.21289764 0.4734157 0.9426362
h11:inflation                 0.3110525  -0.03342126 0.9029788 0.5727372
h11:economic_activity         0.3743986   0.06159790 1.1969238 0.3217242

$diagnostic_list$`Shock: profits`[[12]]
                                R-sqrd. Adj. R-sqrd.    F-stat   p-value
h12:profits                   0.2662311 -0.112488289 0.7029772 0.7696245
h12:inflation_expectations_1y 0.2710681 -0.105154870 0.7204985 0.7530033
h12:inflation_expectations_3y 0.2917580 -0.073786284 0.7981468 0.6769020
h12:inflation                 0.2989785 -0.062839087 0.8263238 0.6488169
h12:economic_activity         0.3428917  0.003738992 1.0110245 0.4714878


$diagnostic_list$`Shock: inflation_expectations_1y`
$diagnostic_list$`Shock: inflation_expectations_1y`[[1]]
                               R-sqrd. Adj. R-sqrd.    F-stat     p-value
h1:profits                   0.2408967  -0.04828548 0.8330275 0.643200481
h1:inflation_expectations_1y 0.3773535   0.14015478 1.5908751 0.114207524
h1:inflation_expectations_3y 0.1451779  -0.18046864 0.4458143 0.958918096
h1:inflation                 0.5211589   0.33874331 2.8569861 0.003276679
h1:economic_activity         0.3132640   0.05165034 1.1974298 0.309392725

$diagnostic_list$`Shock: inflation_expectations_1y`[[2]]
                               R-sqrd. Adj. R-sqrd.    F-stat   p-value
h2:profits                   0.1611337 -0.166228758 0.4922180 0.9368385
h2:inflation_expectations_1y 0.3499568  0.096281422 1.3795458 0.1997259
h2:inflation_expectations_3y 0.2883577  0.010643603 1.0383258 0.4400321
h2:inflation                 0.2747630 -0.008256288 0.9708278 0.5035465
h2:economic_activity         0.3043150  0.032828102 1.1209197 0.3689274

$diagnostic_list$`Shock: inflation_expectations_1y`[[3]]
                               R-sqrd. Adj. R-sqrd.    F-stat    p-value
h3:profits                   0.4034269   0.16479762 1.6906011 0.08935771
h3:inflation_expectations_1y 0.2805555  -0.00722233 0.9749031 0.49998041
h3:inflation_expectations_3y 0.1425551  -0.20042284 0.4156393 0.96963038
h3:inflation                 0.2708285  -0.02084012 0.9285486 0.54555569
h3:economic_activity         0.3310002   0.06340030 1.2369220 0.28408412

$diagnostic_list$`Shock: inflation_expectations_1y`[[4]]
                               R-sqrd. Adj. R-sqrd.    F-stat   p-value
h4:profits                   0.2057806  -0.12005305 0.6315511 0.8384272
h4:inflation_expectations_1y 0.2657894  -0.03542522 0.8823921 0.5923430
h4:inflation_expectations_3y 0.2111280  -0.11251175 0.6523550 0.8203561
h4:inflation                 0.2613339  -0.04170856 0.8623673 0.6128094
h4:economic_activity         0.3269951   0.05089053 1.1843161 0.3219200

$diagnostic_list$`Shock: inflation_expectations_1y`[[5]]
                               R-sqrd. Adj. R-sqrd.    F-stat   p-value
h5:profits                   0.2637413  -0.04626235 0.8507684 0.6246766
h5:inflation_expectations_1y 0.2326665  -0.09042135 0.7201338 0.7566536
h5:inflation_expectations_3y 0.2454458  -0.07226121 0.7725540 0.7045530
h5:inflation                 0.2590910  -0.05287062 0.8305221 0.6454161
h5:economic_activity         0.2040048  -0.13115109 0.6086863 0.8568802

$diagnostic_list$`Shock: inflation_expectations_1y`[[6]]
                               R-sqrd. Adj. R-sqrd.    F-stat    p-value
h6:profits                   0.3220280   0.02885098 1.0984080 0.39084433
h6:inflation_expectations_1y 0.4238684   0.17473038 1.7013397 0.09053229
h6:inflation_expectations_3y 0.3105074   0.01234850 1.0414158 0.43982911
h6:inflation                 0.2599983  -0.06000246 0.8124928 0.66372100
h6:economic_activity         0.1677340  -0.19216484 0.4660587 0.94842611

$diagnostic_list$`Shock: inflation_expectations_1y`[[7]]
                               R-sqrd. Adj. R-sqrd.    F-stat   p-value
h7:profits                   0.3565186   0.07052689 1.2466046 0.2826182
h7:inflation_expectations_1y 0.2351811  -0.10473835 0.6918731 0.7827758
h7:inflation_expectations_3y 0.2979246  -0.01410888 0.9547841 0.5209929
h7:inflation                 0.3813232   0.10635578 1.3867941 0.2029485
h7:economic_activity         0.4314723   0.17879331 1.7075907 0.0904243

$diagnostic_list$`Shock: inflation_expectations_1y`[[8]]
                               R-sqrd. Adj. R-sqrd.    F-stat    p-value
h8:profits                   0.2934995  -0.02947211 0.9087471 0.56639715
h8:inflation_expectations_1y 0.4985400   0.26930117 2.1747624 0.02723318
h8:inflation_expectations_3y 0.3412729   0.04014052 1.1332986 0.36480521
h8:inflation                 0.4147073   0.14714490 1.5499461 0.13699857
h8:economic_activity         0.3514652   0.05499216 1.1854879 0.32569214

$diagnostic_list$`Shock: inflation_expectations_1y`[[9]]
                               R-sqrd. Adj. R-sqrd.    F-stat   p-value
h9:profits                   0.2912561 -0.042270417 0.8732622 0.6019353
h9:inflation_expectations_1y 0.2852548 -0.051095903 0.8480874 0.6272550
h9:inflation_expectations_3y 0.2988264 -0.031137685 0.9056331 0.5696913
h9:inflation                 0.3178711 -0.003130807 0.9902468 0.4883675
h9:economic_activity         0.3303380  0.015202978 1.0482427 0.4361265

$diagnostic_list$`Shock: inflation_expectations_1y`[[10]]
                                R-sqrd. Adj. R-sqrd.   F-stat   p-value
h10:profits                   0.4394664  0.167692493 1.617029 0.1190013
h10:inflation_expectations_1y 0.3659604  0.058547328 1.190452 0.3248178
h10:inflation_expectations_3y 0.2536879 -0.108160427 0.701089 0.7725450
h10:inflation                 0.3318995  0.007971917 1.024610 0.4577761
h10:economic_activity         0.3305503  0.005968597 1.018389 0.4633416

$diagnostic_list$`Shock: inflation_expectations_1y`[[11]]
                                R-sqrd. Adj. R-sqrd.    F-stat   p-value
h11:profits                   0.2988508  -0.05172373 0.8524601 0.6228033
h11:inflation_expectations_1y 0.3024404  -0.04633946 0.8671384 0.6081674
h11:inflation_expectations_3y 0.1914016  -0.21289764 0.4734157 0.9426362
h11:inflation                 0.3110525  -0.03342126 0.9029788 0.5727372
h11:economic_activity         0.3743986   0.06159790 1.1969238 0.3217242

$diagnostic_list$`Shock: inflation_expectations_1y`[[12]]
                                R-sqrd. Adj. R-sqrd.    F-stat   p-value
h12:profits                   0.2662311 -0.112488289 0.7029772 0.7696245
h12:inflation_expectations_1y 0.2710681 -0.105154870 0.7204985 0.7530033
h12:inflation_expectations_3y 0.2917580 -0.073786284 0.7981468 0.6769020
h12:inflation                 0.2989785 -0.062839087 0.8263238 0.6488169
h12:economic_activity         0.3428917  0.003738992 1.0110245 0.4714878


$diagnostic_list$`Shock: inflation_expectations_3y`
$diagnostic_list$`Shock: inflation_expectations_3y`[[1]]
                               R-sqrd. Adj. R-sqrd.    F-stat     p-value
h1:profits                   0.2408967  -0.04828548 0.8330275 0.643200481
h1:inflation_expectations_1y 0.3773535   0.14015478 1.5908751 0.114207524
h1:inflation_expectations_3y 0.1451779  -0.18046864 0.4458143 0.958918096
h1:inflation                 0.5211589   0.33874331 2.8569861 0.003276679
h1:economic_activity         0.3132640   0.05165034 1.1974298 0.309392725

$diagnostic_list$`Shock: inflation_expectations_3y`[[2]]
                               R-sqrd. Adj. R-sqrd.    F-stat   p-value
h2:profits                   0.1611337 -0.166228758 0.4922180 0.9368385
h2:inflation_expectations_1y 0.3499568  0.096281422 1.3795458 0.1997259
h2:inflation_expectations_3y 0.2883577  0.010643603 1.0383258 0.4400321
h2:inflation                 0.2747630 -0.008256288 0.9708278 0.5035465
h2:economic_activity         0.3043150  0.032828102 1.1209197 0.3689274

$diagnostic_list$`Shock: inflation_expectations_3y`[[3]]
                               R-sqrd. Adj. R-sqrd.    F-stat    p-value
h3:profits                   0.4034269   0.16479762 1.6906011 0.08935771
h3:inflation_expectations_1y 0.2805555  -0.00722233 0.9749031 0.49998041
h3:inflation_expectations_3y 0.1425551  -0.20042284 0.4156393 0.96963038
h3:inflation                 0.2708285  -0.02084012 0.9285486 0.54555569
h3:economic_activity         0.3310002   0.06340030 1.2369220 0.28408412

$diagnostic_list$`Shock: inflation_expectations_3y`[[4]]
                               R-sqrd. Adj. R-sqrd.    F-stat   p-value
h4:profits                   0.2057806  -0.12005305 0.6315511 0.8384272
h4:inflation_expectations_1y 0.2657894  -0.03542522 0.8823921 0.5923430
h4:inflation_expectations_3y 0.2111280  -0.11251175 0.6523550 0.8203561
h4:inflation                 0.2613339  -0.04170856 0.8623673 0.6128094
h4:economic_activity         0.3269951   0.05089053 1.1843161 0.3219200

$diagnostic_list$`Shock: inflation_expectations_3y`[[5]]
                               R-sqrd. Adj. R-sqrd.    F-stat   p-value
h5:profits                   0.2637413  -0.04626235 0.8507684 0.6246766
h5:inflation_expectations_1y 0.2326665  -0.09042135 0.7201338 0.7566536
h5:inflation_expectations_3y 0.2454458  -0.07226121 0.7725540 0.7045530
h5:inflation                 0.2590910  -0.05287062 0.8305221 0.6454161
h5:economic_activity         0.2040048  -0.13115109 0.6086863 0.8568802

$diagnostic_list$`Shock: inflation_expectations_3y`[[6]]
                               R-sqrd. Adj. R-sqrd.    F-stat    p-value
h6:profits                   0.3220280   0.02885098 1.0984080 0.39084433
h6:inflation_expectations_1y 0.4238684   0.17473038 1.7013397 0.09053229
h6:inflation_expectations_3y 0.3105074   0.01234850 1.0414158 0.43982911
h6:inflation                 0.2599983  -0.06000246 0.8124928 0.66372100
h6:economic_activity         0.1677340  -0.19216484 0.4660587 0.94842611

$diagnostic_list$`Shock: inflation_expectations_3y`[[7]]
                               R-sqrd. Adj. R-sqrd.    F-stat   p-value
h7:profits                   0.3565186   0.07052689 1.2466046 0.2826182
h7:inflation_expectations_1y 0.2351811  -0.10473835 0.6918731 0.7827758
h7:inflation_expectations_3y 0.2979246  -0.01410888 0.9547841 0.5209929
h7:inflation                 0.3813232   0.10635578 1.3867941 0.2029485
h7:economic_activity         0.4314723   0.17879331 1.7075907 0.0904243

$diagnostic_list$`Shock: inflation_expectations_3y`[[8]]
                               R-sqrd. Adj. R-sqrd.    F-stat    p-value
h8:profits                   0.2934995  -0.02947211 0.9087471 0.56639715
h8:inflation_expectations_1y 0.4985400   0.26930117 2.1747624 0.02723318
h8:inflation_expectations_3y 0.3412729   0.04014052 1.1332986 0.36480521
h8:inflation                 0.4147073   0.14714490 1.5499461 0.13699857
h8:economic_activity         0.3514652   0.05499216 1.1854879 0.32569214

$diagnostic_list$`Shock: inflation_expectations_3y`[[9]]
                               R-sqrd. Adj. R-sqrd.    F-stat   p-value
h9:profits                   0.2912561 -0.042270417 0.8732622 0.6019353
h9:inflation_expectations_1y 0.2852548 -0.051095903 0.8480874 0.6272550
h9:inflation_expectations_3y 0.2988264 -0.031137685 0.9056331 0.5696913
h9:inflation                 0.3178711 -0.003130807 0.9902468 0.4883675
h9:economic_activity         0.3303380  0.015202978 1.0482427 0.4361265

$diagnostic_list$`Shock: inflation_expectations_3y`[[10]]
                                R-sqrd. Adj. R-sqrd.   F-stat   p-value
h10:profits                   0.4394664  0.167692493 1.617029 0.1190013
h10:inflation_expectations_1y 0.3659604  0.058547328 1.190452 0.3248178
h10:inflation_expectations_3y 0.2536879 -0.108160427 0.701089 0.7725450
h10:inflation                 0.3318995  0.007971917 1.024610 0.4577761
h10:economic_activity         0.3305503  0.005968597 1.018389 0.4633416

$diagnostic_list$`Shock: inflation_expectations_3y`[[11]]
                                R-sqrd. Adj. R-sqrd.    F-stat   p-value
h11:profits                   0.2988508  -0.05172373 0.8524601 0.6228033
h11:inflation_expectations_1y 0.3024404  -0.04633946 0.8671384 0.6081674
h11:inflation_expectations_3y 0.1914016  -0.21289764 0.4734157 0.9426362
h11:inflation                 0.3110525  -0.03342126 0.9029788 0.5727372
h11:economic_activity         0.3743986   0.06159790 1.1969238 0.3217242

$diagnostic_list$`Shock: inflation_expectations_3y`[[12]]
                                R-sqrd. Adj. R-sqrd.    F-stat   p-value
h12:profits                   0.2662311 -0.112488289 0.7029772 0.7696245
h12:inflation_expectations_1y 0.2710681 -0.105154870 0.7204985 0.7530033
h12:inflation_expectations_3y 0.2917580 -0.073786284 0.7981468 0.6769020
h12:inflation                 0.2989785 -0.062839087 0.8263238 0.6488169
h12:economic_activity         0.3428917  0.003738992 1.0110245 0.4714878


$diagnostic_list$`Shock: inflation`
$diagnostic_list$`Shock: inflation`[[1]]
                               R-sqrd. Adj. R-sqrd.    F-stat     p-value
h1:profits                   0.2408967  -0.04828548 0.8330275 0.643200481
h1:inflation_expectations_1y 0.3773535   0.14015478 1.5908751 0.114207524
h1:inflation_expectations_3y 0.1451779  -0.18046864 0.4458143 0.958918096
h1:inflation                 0.5211589   0.33874331 2.8569861 0.003276679
h1:economic_activity         0.3132640   0.05165034 1.1974298 0.309392725

$diagnostic_list$`Shock: inflation`[[2]]
                               R-sqrd. Adj. R-sqrd.    F-stat   p-value
h2:profits                   0.1611337 -0.166228758 0.4922180 0.9368385
h2:inflation_expectations_1y 0.3499568  0.096281422 1.3795458 0.1997259
h2:inflation_expectations_3y 0.2883577  0.010643603 1.0383258 0.4400321
h2:inflation                 0.2747630 -0.008256288 0.9708278 0.5035465
h2:economic_activity         0.3043150  0.032828102 1.1209197 0.3689274

$diagnostic_list$`Shock: inflation`[[3]]
                               R-sqrd. Adj. R-sqrd.    F-stat    p-value
h3:profits                   0.4034269   0.16479762 1.6906011 0.08935771
h3:inflation_expectations_1y 0.2805555  -0.00722233 0.9749031 0.49998041
h3:inflation_expectations_3y 0.1425551  -0.20042284 0.4156393 0.96963038
h3:inflation                 0.2708285  -0.02084012 0.9285486 0.54555569
h3:economic_activity         0.3310002   0.06340030 1.2369220 0.28408412

$diagnostic_list$`Shock: inflation`[[4]]
                               R-sqrd. Adj. R-sqrd.    F-stat   p-value
h4:profits                   0.2057806  -0.12005305 0.6315511 0.8384272
h4:inflation_expectations_1y 0.2657894  -0.03542522 0.8823921 0.5923430
h4:inflation_expectations_3y 0.2111280  -0.11251175 0.6523550 0.8203561
h4:inflation                 0.2613339  -0.04170856 0.8623673 0.6128094
h4:economic_activity         0.3269951   0.05089053 1.1843161 0.3219200

$diagnostic_list$`Shock: inflation`[[5]]
                               R-sqrd. Adj. R-sqrd.    F-stat   p-value
h5:profits                   0.2637413  -0.04626235 0.8507684 0.6246766
h5:inflation_expectations_1y 0.2326665  -0.09042135 0.7201338 0.7566536
h5:inflation_expectations_3y 0.2454458  -0.07226121 0.7725540 0.7045530
h5:inflation                 0.2590910  -0.05287062 0.8305221 0.6454161
h5:economic_activity         0.2040048  -0.13115109 0.6086863 0.8568802

$diagnostic_list$`Shock: inflation`[[6]]
                               R-sqrd. Adj. R-sqrd.    F-stat    p-value
h6:profits                   0.3220280   0.02885098 1.0984080 0.39084433
h6:inflation_expectations_1y 0.4238684   0.17473038 1.7013397 0.09053229
h6:inflation_expectations_3y 0.3105074   0.01234850 1.0414158 0.43982911
h6:inflation                 0.2599983  -0.06000246 0.8124928 0.66372100
h6:economic_activity         0.1677340  -0.19216484 0.4660587 0.94842611

$diagnostic_list$`Shock: inflation`[[7]]
                               R-sqrd. Adj. R-sqrd.    F-stat   p-value
h7:profits                   0.3565186   0.07052689 1.2466046 0.2826182
h7:inflation_expectations_1y 0.2351811  -0.10473835 0.6918731 0.7827758
h7:inflation_expectations_3y 0.2979246  -0.01410888 0.9547841 0.5209929
h7:inflation                 0.3813232   0.10635578 1.3867941 0.2029485
h7:economic_activity         0.4314723   0.17879331 1.7075907 0.0904243

$diagnostic_list$`Shock: inflation`[[8]]
                               R-sqrd. Adj. R-sqrd.    F-stat    p-value
h8:profits                   0.2934995  -0.02947211 0.9087471 0.56639715
h8:inflation_expectations_1y 0.4985400   0.26930117 2.1747624 0.02723318
h8:inflation_expectations_3y 0.3412729   0.04014052 1.1332986 0.36480521
h8:inflation                 0.4147073   0.14714490 1.5499461 0.13699857
h8:economic_activity         0.3514652   0.05499216 1.1854879 0.32569214

$diagnostic_list$`Shock: inflation`[[9]]
                               R-sqrd. Adj. R-sqrd.    F-stat   p-value
h9:profits                   0.2912561 -0.042270417 0.8732622 0.6019353
h9:inflation_expectations_1y 0.2852548 -0.051095903 0.8480874 0.6272550
h9:inflation_expectations_3y 0.2988264 -0.031137685 0.9056331 0.5696913
h9:inflation                 0.3178711 -0.003130807 0.9902468 0.4883675
h9:economic_activity         0.3303380  0.015202978 1.0482427 0.4361265

$diagnostic_list$`Shock: inflation`[[10]]
                                R-sqrd. Adj. R-sqrd.   F-stat   p-value
h10:profits                   0.4394664  0.167692493 1.617029 0.1190013
h10:inflation_expectations_1y 0.3659604  0.058547328 1.190452 0.3248178
h10:inflation_expectations_3y 0.2536879 -0.108160427 0.701089 0.7725450
h10:inflation                 0.3318995  0.007971917 1.024610 0.4577761
h10:economic_activity         0.3305503  0.005968597 1.018389 0.4633416

$diagnostic_list$`Shock: inflation`[[11]]
                                R-sqrd. Adj. R-sqrd.    F-stat   p-value
h11:profits                   0.2988508  -0.05172373 0.8524601 0.6228033
h11:inflation_expectations_1y 0.3024404  -0.04633946 0.8671384 0.6081674
h11:inflation_expectations_3y 0.1914016  -0.21289764 0.4734157 0.9426362
h11:inflation                 0.3110525  -0.03342126 0.9029788 0.5727372
h11:economic_activity         0.3743986   0.06159790 1.1969238 0.3217242

$diagnostic_list$`Shock: inflation`[[12]]
                                R-sqrd. Adj. R-sqrd.    F-stat   p-value
h12:profits                   0.2662311 -0.112488289 0.7029772 0.7696245
h12:inflation_expectations_1y 0.2710681 -0.105154870 0.7204985 0.7530033
h12:inflation_expectations_3y 0.2917580 -0.073786284 0.7981468 0.6769020
h12:inflation                 0.2989785 -0.062839087 0.8263238 0.6488169
h12:economic_activity         0.3428917  0.003738992 1.0110245 0.4714878


$diagnostic_list$`Shock: economic_activity`
$diagnostic_list$`Shock: economic_activity`[[1]]
                               R-sqrd. Adj. R-sqrd.    F-stat     p-value
h1:profits                   0.2408967  -0.04828548 0.8330275 0.643200481
h1:inflation_expectations_1y 0.3773535   0.14015478 1.5908751 0.114207524
h1:inflation_expectations_3y 0.1451779  -0.18046864 0.4458143 0.958918096
h1:inflation                 0.5211589   0.33874331 2.8569861 0.003276679
h1:economic_activity         0.3132640   0.05165034 1.1974298 0.309392725

$diagnostic_list$`Shock: economic_activity`[[2]]
                               R-sqrd. Adj. R-sqrd.    F-stat   p-value
h2:profits                   0.1611337 -0.166228758 0.4922180 0.9368385
h2:inflation_expectations_1y 0.3499568  0.096281422 1.3795458 0.1997259
h2:inflation_expectations_3y 0.2883577  0.010643603 1.0383258 0.4400321
h2:inflation                 0.2747630 -0.008256288 0.9708278 0.5035465
h2:economic_activity         0.3043150  0.032828102 1.1209197 0.3689274

$diagnostic_list$`Shock: economic_activity`[[3]]
                               R-sqrd. Adj. R-sqrd.    F-stat    p-value
h3:profits                   0.4034269   0.16479762 1.6906011 0.08935771
h3:inflation_expectations_1y 0.2805555  -0.00722233 0.9749031 0.49998041
h3:inflation_expectations_3y 0.1425551  -0.20042284 0.4156393 0.96963038
h3:inflation                 0.2708285  -0.02084012 0.9285486 0.54555569
h3:economic_activity         0.3310002   0.06340030 1.2369220 0.28408412

$diagnostic_list$`Shock: economic_activity`[[4]]
                               R-sqrd. Adj. R-sqrd.    F-stat   p-value
h4:profits                   0.2057806  -0.12005305 0.6315511 0.8384272
h4:inflation_expectations_1y 0.2657894  -0.03542522 0.8823921 0.5923430
h4:inflation_expectations_3y 0.2111280  -0.11251175 0.6523550 0.8203561
h4:inflation                 0.2613339  -0.04170856 0.8623673 0.6128094
h4:economic_activity         0.3269951   0.05089053 1.1843161 0.3219200

$diagnostic_list$`Shock: economic_activity`[[5]]
                               R-sqrd. Adj. R-sqrd.    F-stat   p-value
h5:profits                   0.2637413  -0.04626235 0.8507684 0.6246766
h5:inflation_expectations_1y 0.2326665  -0.09042135 0.7201338 0.7566536
h5:inflation_expectations_3y 0.2454458  -0.07226121 0.7725540 0.7045530
h5:inflation                 0.2590910  -0.05287062 0.8305221 0.6454161
h5:economic_activity         0.2040048  -0.13115109 0.6086863 0.8568802

$diagnostic_list$`Shock: economic_activity`[[6]]
                               R-sqrd. Adj. R-sqrd.    F-stat    p-value
h6:profits                   0.3220280   0.02885098 1.0984080 0.39084433
h6:inflation_expectations_1y 0.4238684   0.17473038 1.7013397 0.09053229
h6:inflation_expectations_3y 0.3105074   0.01234850 1.0414158 0.43982911
h6:inflation                 0.2599983  -0.06000246 0.8124928 0.66372100
h6:economic_activity         0.1677340  -0.19216484 0.4660587 0.94842611

$diagnostic_list$`Shock: economic_activity`[[7]]
                               R-sqrd. Adj. R-sqrd.    F-stat   p-value
h7:profits                   0.3565186   0.07052689 1.2466046 0.2826182
h7:inflation_expectations_1y 0.2351811  -0.10473835 0.6918731 0.7827758
h7:inflation_expectations_3y 0.2979246  -0.01410888 0.9547841 0.5209929
h7:inflation                 0.3813232   0.10635578 1.3867941 0.2029485
h7:economic_activity         0.4314723   0.17879331 1.7075907 0.0904243

$diagnostic_list$`Shock: economic_activity`[[8]]
                               R-sqrd. Adj. R-sqrd.    F-stat    p-value
h8:profits                   0.2934995  -0.02947211 0.9087471 0.56639715
h8:inflation_expectations_1y 0.4985400   0.26930117 2.1747624 0.02723318
h8:inflation_expectations_3y 0.3412729   0.04014052 1.1332986 0.36480521
h8:inflation                 0.4147073   0.14714490 1.5499461 0.13699857
h8:economic_activity         0.3514652   0.05499216 1.1854879 0.32569214

$diagnostic_list$`Shock: economic_activity`[[9]]
                               R-sqrd. Adj. R-sqrd.    F-stat   p-value
h9:profits                   0.2912561 -0.042270417 0.8732622 0.6019353
h9:inflation_expectations_1y 0.2852548 -0.051095903 0.8480874 0.6272550
h9:inflation_expectations_3y 0.2988264 -0.031137685 0.9056331 0.5696913
h9:inflation                 0.3178711 -0.003130807 0.9902468 0.4883675
h9:economic_activity         0.3303380  0.015202978 1.0482427 0.4361265

$diagnostic_list$`Shock: economic_activity`[[10]]
                                R-sqrd. Adj. R-sqrd.   F-stat   p-value
h10:profits                   0.4394664  0.167692493 1.617029 0.1190013
h10:inflation_expectations_1y 0.3659604  0.058547328 1.190452 0.3248178
h10:inflation_expectations_3y 0.2536879 -0.108160427 0.701089 0.7725450
h10:inflation                 0.3318995  0.007971917 1.024610 0.4577761
h10:economic_activity         0.3305503  0.005968597 1.018389 0.4633416

$diagnostic_list$`Shock: economic_activity`[[11]]
                                R-sqrd. Adj. R-sqrd.    F-stat   p-value
h11:profits                   0.2988508  -0.05172373 0.8524601 0.6228033
h11:inflation_expectations_1y 0.3024404  -0.04633946 0.8671384 0.6081674
h11:inflation_expectations_3y 0.1914016  -0.21289764 0.4734157 0.9426362
h11:inflation                 0.3110525  -0.03342126 0.9029788 0.5727372
h11:economic_activity         0.3743986   0.06159790 1.1969238 0.3217242

$diagnostic_list$`Shock: economic_activity`[[12]]
                                R-sqrd. Adj. R-sqrd.    F-stat   p-value
h12:profits                   0.2662311 -0.112488289 0.7029772 0.7696245
h12:inflation_expectations_1y 0.2710681 -0.105154870 0.7204985 0.7530033
h12:inflation_expectations_3y 0.2917580 -0.073786284 0.7981468 0.6769020
h12:inflation                 0.2989785 -0.062839087 0.8263238 0.6488169
h12:economic_activity         0.3428917  0.003738992 1.0110245 0.4714878



$specs
$specs$lags_endog_lin
SC(n) 
    1 

$specs$lags_criterion
[1] NaN

$specs$max_lags
[1] NaN

$specs$trend
[1] 0

$specs$shock_type
[1] 0

$specs$confint
[1] 1.65

$specs$hor
[1] 12

$specs$use_nw
[1] TRUE

$specs$nw_prewhite
[1] FALSE

$specs$adjust_se
[1] FALSE

$specs$use_twosls
[1] FALSE

$specs$contemp_data
$specs$contemp_data$dummy
 [1] 0 0 0 0 0 0 0 0 0 0 0 0 0 0 0 0 0 0 0 0 0 0 0 0 0 1 1 1 1 0 1 0 1 0 0 0 0 0 0 0 0 0 0 0 0 0 0 0 0 0 0 0 0 0 0 0 0 0 0 0

$specs$contemp_data$Jan
 [1] 0 0 0 0 0 0 0 0 0 0 0 1 0 0 0 0 0 0 0 0 0 0 0 1 0 0 0 0 0 0 0 0 0 0 0 1 0 0 0 0 0 0 0 0 0 0 0 1 0 0 0 0 0 0 0 0 0 0 0 1

$specs$contemp_data$Feb
 [1] 1 0 0 0 0 0 0 0 0 0 0 0 1 0 0 0 0 0 0 0 0 0 0 0 1 0 0 0 0 0 0 0 0 0 0 0 1 0 0 0 0 0 0 0 0 0 0 0 1 0 0 0 0 0 0 0 0 0 0 0

$specs$contemp_data$Mar
 [1] 0 1 0 0 0 0 0 0 0 0 0 0 0 1 0 0 0 0 0 0 0 0 0 0 0 1 0 0 0 0 0 0 0 0 0 0 0 1 0 0 0 0 0 0 0 0 0 0 0 1 0 0 0 0 0 0 0 0 0 0

$specs$contemp_data$Apr
 [1] 0 0 1 0 0 0 0 0 0 0 0 0 0 0 1 0 0 0 0 0 0 0 0 0 0 0 1 0 0 0 0 0 0 0 0 0 0 0 1 0 0 0 0 0 0 0 0 0 0 0 1 0 0 0 0 0 0 0 0 0

$specs$contemp_data$May
 [1] 0 0 0 1 0 0 0 0 0 0 0 0 0 0 0 1 0 0 0 0 0 0 0 0 0 0 0 1 0 0 0 0 0 0 0 0 0 0 0 1 0 0 0 0 0 0 0 0 0 0 0 1 0 0 0 0 0 0 0 0

$specs$contemp_data$Jun
 [1] 0 0 0 0 1 0 0 0 0 0 0 0 0 0 0 0 1 0 0 0 0 0 0 0 0 0 0 0 1 0 0 0 0 0 0 0 0 0 0 0 1 0 0 0 0 0 0 0 0 0 0 0 1 0 0 0 0 0 0 0

$specs$contemp_data$Jul
 [1] 0 0 0 0 0 1 0 0 0 0 0 0 0 0 0 0 0 1 0 0 0 0 0 0 0 0 0 0 0 1 0 0 0 0 0 0 0 0 0 0 0 1 0 0 0 0 0 0 0 0 0 0 0 1 0 0 0 0 0 0

$specs$contemp_data$Aug
 [1] 0 0 0 0 0 0 1 0 0 0 0 0 0 0 0 0 0 0 1 0 0 0 0 0 0 0 0 0 0 0 1 0 0 0 0 0 0 0 0 0 0 0 1 0 0 0 0 0 0 0 0 0 0 0 1 0 0 0 0 0

$specs$contemp_data$Sep
 [1] 0 0 0 0 0 0 0 1 0 0 0 0 0 0 0 0 0 0 0 1 0 0 0 0 0 0 0 0 0 0 0 1 0 0 0 0 0 0 0 0 0 0 0 1 0 0 0 0 0 0 0 0 0 0 0 1 0 0 0 0

$specs$contemp_data$Oct
 [1] 0 0 0 0 0 0 0 0 1 0 0 0 0 0 0 0 0 0 0 0 1 0 0 0 0 0 0 0 0 0 0 0 1 0 0 0 0 0 0 0 0 0 0 0 1 0 0 0 0 0 0 0 0 0 0 0 1 0 0 0


$specs$model_type
[1] 0

$specs$starts
[1] 1

$specs$ends
[1] 60

$specs$column_names
[1] "profits"                   "inflation_expectations_1y" "inflation_expectations_3y" "inflation"                
[5] "economic_activity"        

$specs$endog
[1] 5

$specs$y_lin
         profits inflation_expectations_1y inflation_expectations_3y    inflation economic_activity
2  -1.186899e-03              -0.079620123               0.023733377  0.002310570        0.03672057
3  -5.965370e-03               0.228555441               0.061933756  0.031662657        0.02660601
4   6.754385e-05               0.000000000              -0.007986784  0.027403122        0.04356130
5  -7.779035e-04               0.000000000               0.038039923  0.010862582        0.01757053
6   4.582413e-03               0.001872778              -0.116087914  0.009406502        0.03236078
7  -2.964536e-03               0.017283440               0.116087914  0.021640425        0.02930438
8  -1.092513e-02              -0.004920721               0.000000000  0.025003951        0.02923299
9   7.631418e-03               0.004920721               0.000000000  0.028405410        0.02229492
10 -1.691578e-02              -0.030053139              -0.116087914 -0.008420605        0.02323041
11 -1.135676e-03               0.030053139               0.096931696  0.008246918        0.01734758
12  1.017042e-02              -0.030053139              -0.010896921 -0.002323999        0.03391158
13 -9.192778e-03              -0.176372051              -0.201508284  0.029025084        0.02600387
14  5.014832e-03               0.022861719               0.095972538  0.042416785        0.02691934
15  8.411707e-03              -0.218312263              -0.170893431  0.048586660        0.03757401
16 -2.052174e-02              -0.145042181              -0.100185633  0.003720327        0.02002637
17  1.289368e-02               0.217070103               0.069105387 -0.006141925        0.02480201
18 -1.620641e-02              -0.079553127              -0.083071947  0.024993882        0.02186920
19 -1.289624e-02              -0.176150560              -0.077933550  0.017681720        0.02278745
20  2.085141e-02               0.069185972              -0.126637936  0.021370449        0.03620964
21 -1.459618e-02              -0.153448343               0.004080772  0.034784574        0.01981848
22  2.040929e-03               0.017366648               0.142476082  0.026361361        0.02549842
23  1.874739e-02               0.180090904               0.016174078  0.038444527        0.02259084
24 -5.598503e-03              -0.031989813               0.000000000  0.019694440        0.03781474
25  1.065659e-03               0.041871071               0.051145554  0.009814561        0.03578346
26 -8.134969e-03               0.000000000              -0.189331532 -0.050912346       -0.07956922
27 -2.403775e-02               0.085786104               0.223972082 -0.090824177       -0.77070172
28  9.304888e-03               0.376688957              -0.012976170 -0.010450429        0.21339722
29  1.230098e-02              -0.318598032              -0.136598825  0.053592068        0.21330076
30  4.346207e-04               0.206044197               0.257966757  0.061866907        0.02971606
31  1.602848e-02               0.112553835               0.249140978  0.053808986        0.15791953
32 -3.717395e-03              -0.019156218              -0.238733053  0.028930510        0.07717705
33  1.786949e-02              -0.144741774              -0.040002584  0.011918979        0.10115859
34 -1.040584e-02               0.126406431               0.117631912  0.024543630        0.04507153
35  1.258272e-02               0.037491560               0.161103725  0.057557700        0.01677041
36  8.532579e-03               0.046669483               0.047342062  0.028496735        0.06736316
37  1.039270e-02               0.044214964              -0.028185844  0.045997380        0.05066022
38 -8.012248e-04               0.153371334               0.092952490  0.059503194        0.06160136
39  2.771735e-02               0.115923882               0.005092859  0.082225516        0.03720211
40 -1.538994e-02               0.639820337               0.471664906  0.082531234        0.06412900
41 -2.185870e-03               0.801745415              -0.022792339  0.098347464        0.05475905
42  2.063545e-02               0.040705204               0.164751053  0.054649100        0.08879717
43  5.629864e-03               0.337376595               0.287992716  0.049840953        0.06602323
44 -1.398591e-03               0.130341530               0.194323301  0.052018077        0.07861505
45  1.548401e-02               0.343297958               0.017191887  0.114305741        0.06819482
46 -2.570160e-02               0.346533298              -0.199976921  0.098833469        0.06879133
47 -8.894673e-03              -0.009726048              -0.011199951  0.097421769        0.06937609
48  1.641219e-02              -0.201833725              -0.522751808  0.075404740        0.03542764
49  2.744240e-02               0.211559772               0.297553301  0.088488916        0.07849205
50 -2.534721e-02               0.583898067              -0.099878550  0.126900569        0.05112829
51  1.468544e-02              -0.238460541               0.227452993  0.048497289        0.04431433
52 -2.115078e-02               0.230577469              -0.023298502  0.115684054        0.03389257
53 -2.439749e-02               0.199839592              -0.260592937  0.151285219        0.03843642
54  3.500002e-03              -0.552228928              -0.436033010 -0.004064650        0.05041760
55 -8.726988e-03              -0.477911472              -0.427183867  0.028517738        0.02896168
56 -1.757213e-03              -0.304920197               0.154703379  0.050566174        0.04915587
57 -9.883013e-04               0.503497124               0.200692415  0.060045147        0.03059615
58  1.120410e-02              -0.715742588              -0.113289595  0.024858721        0.04330825
59 -1.645120e-02              -0.235079288              -0.004589558  0.015857387        0.03585464
60 -2.215058e-03              -0.038488865              -0.280791283  0.063675095        0.04576300

$specs$x_lin
   profits_lag_1 inflation_expectations_1y_lag_1 inflation_expectations_3y_lag_1 inflation_lag_1 economic_activity_lag_1
2   2.516727e-03                     0.119915485                     0.090704918     0.032745451              0.02976223
3  -1.186899e-03                    -0.079620123                     0.023733377     0.002310570              0.03672057
4  -5.965370e-03                     0.228555441                     0.061933756     0.031662657              0.02660601
5   6.754385e-05                     0.000000000                    -0.007986784     0.027403122              0.04356130
6  -7.779035e-04                     0.000000000                     0.038039923     0.010862582              0.01757053
7   4.582413e-03                     0.001872778                    -0.116087914     0.009406502              0.03236078
8  -2.964536e-03                     0.017283440                     0.116087914     0.021640425              0.02930438
9  -1.092513e-02                    -0.004920721                     0.000000000     0.025003951              0.02923299
10  7.631418e-03                     0.004920721                     0.000000000     0.028405410              0.02229492
11 -1.691578e-02                    -0.030053139                    -0.116087914    -0.008420605              0.02323041
12 -1.135676e-03                     0.030053139                     0.096931696     0.008246918              0.01734758
13  1.017042e-02                    -0.030053139                    -0.010896921    -0.002323999              0.03391158
14 -9.192778e-03                    -0.176372051                    -0.201508284     0.029025084              0.02600387
15  5.014832e-03                     0.022861719                     0.095972538     0.042416785              0.02691934
16  8.411707e-03                    -0.218312263                    -0.170893431     0.048586660              0.03757401
17 -2.052174e-02                    -0.145042181                    -0.100185633     0.003720327              0.02002637
18  1.289368e-02                     0.217070103                     0.069105387    -0.006141925              0.02480201
19 -1.620641e-02                    -0.079553127                    -0.083071947     0.024993882              0.02186920
20 -1.289624e-02                    -0.176150560                    -0.077933550     0.017681720              0.02278745
21  2.085141e-02                     0.069185972                    -0.126637936     0.021370449              0.03620964
22 -1.459618e-02                    -0.153448343                     0.004080772     0.034784574              0.01981848
23  2.040929e-03                     0.017366648                     0.142476082     0.026361361              0.02549842
24  1.874739e-02                     0.180090904                     0.016174078     0.038444527              0.02259084
25 -5.598503e-03                    -0.031989813                     0.000000000     0.019694440              0.03781474
26  1.065659e-03                     0.041871071                     0.051145554     0.009814561              0.03578346
27 -8.134969e-03                     0.000000000                    -0.189331532    -0.050912346             -0.07956922
28 -2.403775e-02                     0.085786104                     0.223972082    -0.090824177             -0.77070172
29  9.304888e-03                     0.376688957                    -0.012976170    -0.010450429              0.21339722
30  1.230098e-02                    -0.318598032                    -0.136598825     0.053592068              0.21330076
31  4.346207e-04                     0.206044197                     0.257966757     0.061866907              0.02971606
32  1.602848e-02                     0.112553835                     0.249140978     0.053808986              0.15791953
33 -3.717395e-03                    -0.019156218                    -0.238733053     0.028930510              0.07717705
34  1.786949e-02                    -0.144741774                    -0.040002584     0.011918979              0.10115859
35 -1.040584e-02                     0.126406431                     0.117631912     0.024543630              0.04507153
36  1.258272e-02                     0.037491560                     0.161103725     0.057557700              0.01677041
37  8.532579e-03                     0.046669483                     0.047342062     0.028496735              0.06736316
38  1.039270e-02                     0.044214964                    -0.028185844     0.045997380              0.05066022
39 -8.012248e-04                     0.153371334                     0.092952490     0.059503194              0.06160136
40  2.771735e-02                     0.115923882                     0.005092859     0.082225516              0.03720211
41 -1.538994e-02                     0.639820337                     0.471664906     0.082531234              0.06412900
42 -2.185870e-03                     0.801745415                    -0.022792339     0.098347464              0.05475905
43  2.063545e-02                     0.040705204                     0.164751053     0.054649100              0.08879717
44  5.629864e-03                     0.337376595                     0.287992716     0.049840953              0.06602323
45 -1.398591e-03                     0.130341530                     0.194323301     0.052018077              0.07861505
46  1.548401e-02                     0.343297958                     0.017191887     0.114305741              0.06819482
47 -2.570160e-02                     0.346533298                    -0.199976921     0.098833469              0.06879133
48 -8.894673e-03                    -0.009726048                    -0.011199951     0.097421769              0.06937609
49  1.641219e-02                    -0.201833725                    -0.522751808     0.075404740              0.03542764
50  2.744240e-02                     0.211559772                     0.297553301     0.088488916              0.07849205
51 -2.534721e-02                     0.583898067                    -0.099878550     0.126900569              0.05112829
52  1.468544e-02                    -0.238460541                     0.227452993     0.048497289              0.04431433
53 -2.115078e-02                     0.230577469                    -0.023298502     0.115684054              0.03389257
54 -2.439749e-02                     0.199839592                    -0.260592937     0.151285219              0.03843642
55  3.500002e-03                    -0.552228928                    -0.436033010    -0.004064650              0.05041760
56 -8.726988e-03                    -0.477911472                    -0.427183867     0.028517738              0.02896168
57 -1.757213e-03                    -0.304920197                     0.154703379     0.050566174              0.04915587
58 -9.883013e-04                     0.503497124                     0.200692415     0.060045147              0.03059615
59  1.120410e-02                    -0.715742588                    -0.113289595     0.024858721              0.04330825
60 -1.645120e-02                    -0.235079288                    -0.004589558     0.015857387              0.03585464
   dummy Jan Feb Mar Apr May Jun Jul Aug Sep Oct
2      0   0   0   1   0   0   0   0   0   0   0
3      0   0   0   0   1   0   0   0   0   0   0
4      0   0   0   0   0   1   0   0   0   0   0
5      0   0   0   0   0   0   1   0   0   0   0
6      0   0   0   0   0   0   0   1   0   0   0
7      0   0   0   0   0   0   0   0   1   0   0
8      0   0   0   0   0   0   0   0   0   1   0
9      0   0   0   0   0   0   0   0   0   0   1
10     0   0   0   0   0   0   0   0   0   0   0
11     0   0   0   0   0   0   0   0   0   0   0
12     0   1   0   0   0   0   0   0   0   0   0
13     0   0   1   0   0   0   0   0   0   0   0
14     0   0   0   1   0   0   0   0   0   0   0
15     0   0   0   0   1   0   0   0   0   0   0
16     0   0   0   0   0   1   0   0   0   0   0
17     0   0   0   0   0   0   1   0   0   0   0
18     0   0   0   0   0   0   0   1   0   0   0
19     0   0   0   0   0   0   0   0   1   0   0
20     0   0   0   0   0   0   0   0   0   1   0
21     0   0   0   0   0   0   0   0   0   0   1
22     0   0   0   0   0   0   0   0   0   0   0
23     0   0   0   0   0   0   0   0   0   0   0
24     0   1   0   0   0   0   0   0   0   0   0
25     0   0   1   0   0   0   0   0   0   0   0
26     1   0   0   1   0   0   0   0   0   0   0
27     1   0   0   0   1   0   0   0   0   0   0
28     1   0   0   0   0   1   0   0   0   0   0
29     1   0   0   0   0   0   1   0   0   0   0
30     0   0   0   0   0   0   0   1   0   0   0
31     1   0   0   0   0   0   0   0   1   0   0
32     0   0   0   0   0   0   0   0   0   1   0
33     1   0   0   0   0   0   0   0   0   0   1
34     0   0   0   0   0   0   0   0   0   0   0
35     0   0   0   0   0   0   0   0   0   0   0
36     0   1   0   0   0   0   0   0   0   0   0
37     0   0   1   0   0   0   0   0   0   0   0
38     0   0   0   1   0   0   0   0   0   0   0
39     0   0   0   0   1   0   0   0   0   0   0
40     0   0   0   0   0   1   0   0   0   0   0
41     0   0   0   0   0   0   1   0   0   0   0
42     0   0   0   0   0   0   0   1   0   0   0
43     0   0   0   0   0   0   0   0   1   0   0
44     0   0   0   0   0   0   0   0   0   1   0
45     0   0   0   0   0   0   0   0   0   0   1
46     0   0   0   0   0   0   0   0   0   0   0
47     0   0   0   0   0   0   0   0   0   0   0
48     0   1   0   0   0   0   0   0   0   0   0
49     0   0   1   0   0   0   0   0   0   0   0
50     0   0   0   1   0   0   0   0   0   0   0
51     0   0   0   0   1   0   0   0   0   0   0
52     0   0   0   0   0   1   0   0   0   0   0
53     0   0   0   0   0   0   1   0   0   0   0
54     0   0   0   0   0   0   0   1   0   0   0
55     0   0   0   0   0   0   0   0   1   0   0
56     0   0   0   0   0   0   0   0   0   1   0
57     0   0   0   0   0   0   0   0   0   0   1
58     0   0   0   0   0   0   0   0   0   0   0
59     0   0   0   0   0   0   0   0   0   0   0
60     0   1   0   0   0   0   0   0   0   0   0


attr(,"class")
[1] "lpirfs_lin_obj"
