[1] "pandemic"             "djn level estimation"
                   1             2             3             4             5             6
AIC(n) -2.437164e+01 -2.544518e+01 -2.517578e+01 -2.619508e+01 -2.752803e+01 -2.903179e+01
HQ(n)  -2.317198e+01 -2.389267e+01 -2.327043e+01 -2.393689e+01 -2.491700e+01 -2.606792e+01
SC(n)  -2.126940e+01 -2.143051e+01 -2.024869e+01 -2.035557e+01 -2.077609e+01 -2.136743e+01
FPE(n)  2.890081e-11  1.127213e-11  1.851767e-11  9.677736e-12  4.631155e-12  2.750208e-12
                   1             2             3             4             5             6
AIC(n) -2.437164e+01 -2.544518e+01 -2.517578e+01 -2.619508e+01 -2.752803e+01 -2.903179e+01
HQ(n)  -2.317198e+01 -2.389267e+01 -2.327043e+01 -2.393689e+01 -2.491700e+01 -2.606792e+01
SC(n)  -2.126940e+01 -2.143051e+01 -2.024869e+01 -2.035557e+01 -2.077609e+01 -2.136743e+01
FPE(n)  2.890081e-11  1.127213e-11  1.851767e-11  9.677736e-12  4.631155e-12  2.750208e-12
$irf_lin_mean
, , 1

             [,1]       [,2]        [,3]        [,4]         [,5]         [,6]         [,7]          [,8]        [,9]
[1,]  0.019287931 0.02638754  0.02300114 0.020334206  0.015321884  0.005483176  0.008447541  0.0026779893 0.007770785
[2,] -0.002574463 0.02056239  0.10284452 0.183509408  0.163405707  0.186624601  0.148141569  0.1741137463 0.121457065
[3,]  0.021194901 0.04863539  0.09223103 0.127099798  0.118028204  0.108187022  0.098595419  0.0643673735 0.072543798
[4,]  0.005823461 0.01845433  0.01750508 0.006174799 -0.001118596  0.002969933 -0.001736170  0.0002612703 0.005075757
[5,]  0.010460424 0.09390386 -0.01782332 0.031078682 -0.003516821 -0.022651978 -0.002914903 -0.0158750859 0.005035700
           [,10]        [,11]       [,12]         [,13]
[1,] 0.009805618  0.004767591 0.005516990 -8.992903e-05
[2,] 0.175760856  0.167703977 0.193739859  1.794078e-01
[3,] 0.039494181  0.049573951 0.038675020  4.565026e-02
[4,] 0.011964618  0.001871358 0.003020234  3.088659e-03
[5,] 0.012899812 -0.016073957 0.003894188  2.740538e-02

, , 2

            [,1]         [,2]          [,3]          [,4]         [,5]         [,6]        [,7]         [,8]       [,9]
[1,]  0.00000000 0.0002994777 -0.0016570747 -0.0003485689 -0.001269193 -0.001350489 0.001557461  0.007771229 0.01057908
[2,]  0.19187244 0.2085777450  0.1744004954  0.2105911038  0.298673089  0.303157224 0.333083393  0.453722867 0.46596309
[3,]  0.09408357 0.1111458814  0.1073909618  0.0890671050  0.139315807  0.088122947 0.129736317  0.196081572 0.20202240
[4,]  0.01128468 0.0073597984 -0.0005172832  0.0082464137  0.005236302  0.002648742 0.007623694  0.015451305 0.01303726
[5,] -0.01040212 0.0126044928  0.0109273114 -0.0083269944 -0.011299335  0.012620820 0.011839978 -0.003944356 0.03412169
           [,10]       [,11]      [,12]      [,13]
[1,] 0.010393846 0.015941601 0.02436530 0.01848835
[2,] 0.446715863 0.480887619 0.64742669 0.72442567
[3,] 0.190694898 0.173983660 0.25038547 0.21023529
[4,] 0.006825932 0.013396749 0.02170545 0.03179404
[5,] 0.008149183 0.002792438 0.04815552 0.03345248

, , 3

             [,1]          [,2]        [,3]        [,4]        [,5]          [,6]        [,7]        [,8]       [,9]
[1,]  0.000000000 -6.401172e-05 0.001271536 0.005643790 0.008776270  0.0055597520 0.014185839 0.018908879 0.02080043
[2,]  0.000000000  1.303593e-01 0.094060456 0.136847390 0.092101285  0.0817743143 0.271883415 0.233769944 0.26053127
[3,]  0.155260742  1.402021e-01 0.145806127 0.113632045 0.051993305  0.0699049627 0.116874981 0.181026490 0.14566152
[4,] -0.009217007  8.374673e-03 0.004300097 0.002516389 0.009875268  0.0003271809 0.011723765 0.009683772 0.01282917
[5,] -0.006395791  2.597605e-03 0.004986071 0.003162345 0.026335564 -0.0171656281 0.007435905 0.048179282 0.01490058
           [,10]        [,11]        [,12]        [,13]
[1,] 0.021658451  0.014813381  0.012029246  0.014867127
[2,] 0.233395008  0.333673337  0.108870207  0.054802028
[3,] 0.168791901  0.144391834 -0.009822919 -0.022633340
[4,] 0.012257075  0.006235096 -0.001322091 -0.011916771
[5,] 0.008858818 -0.025670545  0.001141173 -0.006920306

, , 4

           [,1]          [,2]         [,3]         [,4]          [,5]         [,6]         [,7]         [,8]         [,9]
[1,] 0.00000000 -0.0005536781 -0.003002415 -0.006889275 -0.0094792743 -0.012507555 -0.011169932 -0.004904724 -0.007116949
[2,] 0.00000000  0.0251237856  0.005765404 -0.039427366  0.0241565097  0.030660946  0.024992340  0.072915976  0.121168999
[3,] 0.00000000 -0.0045110577 -0.057212940 -0.047623968 -0.0305770455 -0.010651735  0.011634918  0.037503440 -0.002123834
[4,] 0.02201200  0.0042642426 -0.005164582 -0.005027815  0.0002594285 -0.002610008 -0.005516216  0.009724629  0.008337883
[5,] 0.01400876  0.0066685142 -0.002894395 -0.017763728  0.0117231934 -0.026045727 -0.020123693  0.044885065 -0.015565996
            [,10]        [,11]        [,12]        [,13]
[1,]  0.003565094  0.008138207 -0.003321356 -0.007591187
[2,]  0.112016363  0.071093250  0.092702512  0.198224836
[3,]  0.030874259 -0.016623694  0.002408252  0.080896847
[4,] -0.005224909  0.012760750  0.011233471 -0.002827543
[5,] -0.011344052  0.063054871  0.026074635 -0.046458906

, , 5

           [,1]         [,2]         [,3]         [,4]         [,5]         [,6]          [,7]          [,8]         [,9]
[1,] 0.00000000 -0.002392956 -0.003841140 -0.001883965 -0.001047992  0.007927627  0.0059186496  0.0056190121  0.009325226
[2,] 0.00000000 -0.016558094  0.028402258  0.005601837 -0.034092774 -0.033366580 -0.0009302286 -0.0089978010 -0.009824339
[3,] 0.00000000  0.016364461  0.051374017  0.005818082 -0.023147940 -0.002415836  0.0083500877  0.0185139560  0.031733060
[4,] 0.00000000  0.001514466 -0.001537786 -0.001422553 -0.001236587  0.001506456  0.0068391755  0.0006038152 -0.001460388
[5,] 0.05789384 -0.026618453 -0.013121684  0.008175087 -0.003259486  0.012715853  0.0077527119 -0.0046282036  0.014598352
             [,10]         [,11]        [,12]        [,13]
[1,]  0.0056643757  4.039610e-03 5.250192e-03  0.003771996
[2,] -0.0102335776  4.176591e-02 5.871324e-02  0.064334233
[3,]  0.0184219016  5.084290e-02 4.748910e-02  0.045269285
[4,]  0.0036610773  5.388957e-06 8.949815e-06 -0.000206736
[5,]  0.0007317411 -1.633783e-02 6.191326e-04 -0.002790331


$irf_lin_low
, , 1

             [,1]        [,2]         [,3]         [,4]         [,5]         [,6]         [,7]        [,8]         [,9]
[1,]  0.019287931  0.01923661  0.010937713  0.006819672  0.002875655 -0.005142871 -0.003603675 -0.01022769 -0.002335416
[2,] -0.002574463 -0.06821532 -0.074339296 -0.042140510 -0.125799719 -0.153204821 -0.192208519 -0.17665746 -0.257449167
[3,]  0.021194901 -0.02845408 -0.012709619 -0.006890393 -0.052615304 -0.083114932 -0.071440237 -0.09704477 -0.086006333
[4,]  0.005823461  0.01046041  0.005489055 -0.006456748 -0.012130433 -0.007644197 -0.013550497 -0.01212276 -0.009527198
[5,]  0.010460424  0.04375341 -0.062294360 -0.021874551 -0.040116831 -0.052755911 -0.027405656 -0.06777970 -0.021299523
            [,10]        [,11]        [,12]       [,13]
[1,] -0.000840698 -0.008333964 -0.008266238 -0.01995601
[2,] -0.230199527 -0.258026599 -0.183852288 -0.17771186
[3,] -0.141659515 -0.119116378 -0.070151979 -0.08145522
[4,] -0.007703352 -0.009686908 -0.008592734 -0.01004764
[5,] -0.018764530 -0.065952180 -0.022461412 -0.03093506

, , 2

            [,1]         [,2]         [,3]         [,4]        [,5]         [,6]         [,7]         [,8]        [,9]
[1,]  0.00000000 -0.006552809 -0.012321613 -0.015601654 -0.02117014 -0.019581972 -0.017883762 -0.016334702 -0.01276597
[2,]  0.19187244  0.066995522  0.002686003 -0.017296831  0.07729297  0.002431556  0.029754110  0.083824846  0.03514632
[3,]  0.09408357  0.017925990 -0.010235964 -0.083664116 -0.02444772 -0.103265862 -0.051028536 -0.015625174  0.03090060
[4,]  0.01128468 -0.006641448 -0.014449608 -0.007716359 -0.01138209 -0.014485736 -0.006124732 -0.002738689 -0.00550937
[5,] -0.01040212 -0.010685700 -0.017499994 -0.040886089 -0.09394557 -0.064773530 -0.040523906 -0.144476155 -0.02557084
             [,10]        [,11]        [,12]       [,13]
[1,] -0.0136461862 -0.006448173 -0.001161166 -0.01070819
[2,]  0.0314788451  0.050560319  0.183941175  0.25358894
[3,]  0.0003275294 -0.022040954  0.079363958  0.01668821
[4,] -0.0167070763 -0.007665609  0.001269728  0.01026345
[5,] -0.0388721047 -0.084367257 -0.003877373 -0.07473298

, , 3

             [,1]         [,2]         [,3]         [,4]        [,5]         [,6]        [,7]        [,8]        [,9]
[1,]  0.000000000 -0.002920997 -0.002209429  0.001366706 0.003980654  0.002922345 0.009572301 0.008819083 0.009449941
[2,]  0.000000000  0.109925789  0.081619872  0.127626339 0.056339249  0.057442858 0.264960714 0.149397331 0.125747964
[3,]  0.155260742  0.117535868  0.133406369  0.092868154 0.023733854  0.045143580 0.107217970 0.143954668 0.109772457
[4,] -0.009217007  0.005425604  0.002584664 -0.002549014 0.005427776 -0.002207649 0.009811551 0.004678300 0.006994495
[5,] -0.006395791 -0.003312704 -0.004769443 -0.002939780 0.001971711 -0.038074366 0.004091083 0.006789975 0.008895107
             [,10]        [,11]        [,12]       [,13]
[1,]  0.0118031001  0.010030265  0.006638582  0.01088611
[2,]  0.1254873946  0.248217288 -0.010039596 -0.05493441
[3,]  0.1271684861  0.152849553 -0.047774553 -0.05154967
[4,]  0.0140082983  0.003894799 -0.007229410 -0.01444318
[5,] -0.0002725809 -0.022885285 -0.009896524 -0.01019144

, , 4

           [,1]         [,2]         [,3]        [,4]         [,5]         [,6]        [,7]          [,8]         [,9]
[1,] 0.00000000 -0.003706256 -0.008889332 -0.01442556 -0.018698398 -0.023784237 -0.02053162 -0.0148200634 -0.015084199
[2,] 0.00000000 -0.038059482 -0.096626372 -0.17742905 -0.081627576 -0.125418554 -0.15280432 -0.1165524502 -0.073923955
[3,] 0.00000000 -0.052864850 -0.127444520 -0.13029159 -0.096440523 -0.083138887 -0.06783012 -0.0567829495 -0.099864827
[4,] 0.02201200 -0.003175407 -0.014420656 -0.01139057 -0.005456233 -0.009661211 -0.01459773  0.0006114352 -0.001350062
[5,] 0.01400876 -0.007821904 -0.014780500 -0.04326849 -0.013513006 -0.054058632 -0.04930779 -0.0083532264 -0.044185046
            [,10]         [,11]         [,12]       [,13]
[1,] -0.005277575 -0.0051049642 -0.0129942643 -0.02158296
[2,] -0.111220317 -0.1944131051 -0.1842417841 -0.05924955
[3,] -0.093795942 -0.1603511608 -0.0859632636 -0.01276182
[4,] -0.023387796 -0.0003663584  0.0046420301 -0.01288762
[5,] -0.037849406  0.0010458726  0.0001203982 -0.09403440

, , 5

           [,1]         [,2]         [,3]         [,4]         [,5]         [,6]         [,7]         [,8]          [,9]
[1,] 0.00000000 -0.004504155 -0.006269036 -0.004526624 -0.003738922  0.003549357  0.001142446  0.000993601  0.0055360660
[2,] 0.00000000 -0.041157867 -0.019959617 -0.046646064 -0.084037800 -0.098433369 -0.067135783 -0.069098323 -0.0730817652
[3,] 0.00000000 -0.004568798  0.021692351 -0.023465045 -0.053941209 -0.034380184 -0.020760853 -0.011626545 -0.0033124294
[4,] 0.00000000 -0.001747123 -0.005867459 -0.004759456 -0.003962510 -0.001962677  0.003736036 -0.002764271 -0.0047618416
[5,] 0.05789384 -0.038939896 -0.022031099 -0.002732852 -0.009371268  0.002346295 -0.004387753 -0.016110802  0.0008155469
             [,10]        [,11]        [,12]         [,13]
[1,]  0.0030287572  0.001247633  0.002714080  0.0008471358
[2,] -0.0832959790 -0.048696895 -0.041689958 -0.0426099150
[3,] -0.0179207140  0.008889729  0.013812405  0.0056006540
[4,] -0.0007743391 -0.003685773 -0.002412368 -0.0036787499
[5,] -0.0066064211 -0.033199553 -0.007436017 -0.0213575061


$irf_lin_up
, , 1

             [,1]       [,2]       [,3]       [,4]        [,5]        [,6]       [,7]       [,8]       [,9]      [,10]
[1,]  0.019287931 0.03353847 0.03506457 0.03384874 0.027768114 0.016109223 0.02049876 0.01558367 0.01787699 0.02045193
[2,] -0.002574463 0.10934010 0.28002834 0.40915933 0.452611133 0.526454022 0.48849166 0.52488495 0.50036330 0.58172124
[3,]  0.021194901 0.12572487 0.19717168 0.26108999 0.288671712 0.299488976 0.26863107 0.22577952 0.23109393 0.22064788
[4,]  0.005823461 0.02644824 0.02952110 0.01880635 0.009893241 0.013584063 0.01007816 0.01264530 0.01967871 0.03163259
[5,]  0.010460424 0.14405432 0.02664771 0.08403192 0.033083189 0.007451956 0.02157585 0.03602953 0.03137092 0.04456415
          [,11]      [,12]      [,13]
[1,] 0.01786915 0.01930022 0.01977615
[2,] 0.59343455 0.57133201 0.53652748
[3,] 0.21826428 0.14750202 0.17275575
[4,] 0.01342962 0.01463320 0.01622496
[5,] 0.03380427 0.03024979 0.08574583

, , 2

            [,1]        [,2]        [,3]       [,4]       [,5]       [,6]       [,7]       [,8]       [,9]      [,10]
[1,]  0.00000000 0.007151765 0.009007464 0.01490452 0.01863175 0.01688099 0.02099868 0.03187716 0.03392413 0.03443388
[2,]  0.19187244 0.350159968 0.346114988 0.43847904 0.52005321 0.60388289 0.63641268 0.82362089 0.89677985 0.86195288
[3,]  0.09408357 0.204365773 0.225017887 0.26179833 0.30307933 0.27951176 0.31050117 0.40778832 0.37314420 0.38106227
[4,]  0.01128468 0.021361044 0.013415042 0.02420919 0.02185469 0.01978322 0.02137212 0.03364130 0.03158388 0.03035894
[5,] -0.01040212 0.035894686 0.039354617 0.02423210 0.07134690 0.09001517 0.06420386 0.13658744 0.09381423 0.05517047
          [,11]      [,12]      [,13]
[1,] 0.03833137 0.04989176 0.04768489
[2,] 0.91121492 1.11091220 1.19526239
[3,] 0.37000827 0.42140698 0.40378236
[4,] 0.03445911 0.04214117 0.05332463
[5,] 0.08995213 0.10018842 0.14163793

, , 3

             [,1]        [,2]        [,3]        [,4]       [,5]        [,6]       [,7]       [,8]       [,9]      [,10]
[1,]  0.000000000 0.002792974 0.004752502 0.009920875 0.01357189 0.008197159 0.01879938 0.02899868 0.03215092 0.03151380
[2,]  0.000000000 0.150792909 0.106501039 0.146068440 0.12786332 0.106105770 0.27880612 0.31814256 0.39531458 0.34130262
[3,]  0.155260742 0.162868289 0.158205885 0.134395935 0.08025276 0.094666346 0.12653199 0.21809831 0.18155058 0.21041532
[4,] -0.009217007 0.011323743 0.006015530 0.007581793 0.01432276 0.002862011 0.01363598 0.01468924 0.01866384 0.01050585
[5,] -0.006395791 0.008507914 0.014741584 0.009264471 0.05069942 0.003743109 0.01078073 0.08956859 0.02090605 0.01799022
            [,11]       [,12]        [,13]
[1,]  0.019596497 0.017419910  0.018848145
[2,]  0.419129385 0.227780011  0.164538471
[3,]  0.135934115 0.028128715  0.006282990
[4,]  0.008575394 0.004585227 -0.009390365
[5,] -0.028455805 0.012178870 -0.003649176

, , 4

           [,1]        [,2]        [,3]         [,4]          [,5]         [,6]         [,7]        [,8]         [,9]
[1,] 0.00000000 0.002598899 0.002884502 0.0006470098 -0.0002601509 -0.001230873 -0.001808248 0.005010616 0.0008502998
[2,] 0.00000000 0.088307053 0.108157180 0.0985743180  0.1299405952  0.186740446  0.202788997 0.262384402 0.3162619518
[3,] 0.00000000 0.043842734 0.013018640 0.0350436576  0.0352864323  0.061835417  0.091099955 0.131789829 0.0956171595
[4,] 0.02201200 0.011703892 0.004091492 0.0013349376  0.0059750904  0.004441195  0.003565298 0.018837823 0.0180258288
[5,] 0.01400876 0.021158932 0.008991709 0.0077410296  0.0369593927  0.001967178  0.009060400 0.098123356 0.0130530532
          [,10]      [,11]       [,12]       [,13]
[1,] 0.01240776 0.02138138 0.006351553 0.006400586
[2,] 0.33525304 0.33659961 0.369646807 0.455699224
[3,] 0.15554446 0.12710377 0.090779767 0.174555518
[4,] 0.01293798 0.02588786 0.017824912 0.007232530
[5,] 0.01516130 0.12506387 0.052028871 0.001116585

, , 5

           [,1]          [,2]         [,3]         [,4]        [,5]        [,6]        [,7]        [,8]        [,9]
[1,] 0.00000000 -0.0002817566 -0.001413244 0.0007586939 0.001642938 0.012305898 0.010694854 0.010244423 0.013114386
[2,] 0.00000000  0.0080416795  0.076764134 0.0578497371 0.015852251 0.031700209 0.065275326 0.051102721 0.053433087
[3,] 0.00000000  0.0372977207  0.081055684 0.0351012094 0.007645329 0.029548512 0.037461028 0.048654457 0.066778548
[4,] 0.00000000  0.0047760551  0.002791888 0.0019143510 0.001489336 0.004975589 0.009942315 0.003971901 0.001841066
[5,] 0.05789384 -0.0142970096 -0.004212268 0.0190830266 0.002852297 0.023085411 0.019893177 0.006854395 0.028381156
           [,10]        [,11]       [,12]       [,13]
[1,] 0.008299994 0.0068315864 0.007786305 0.006696856
[2,] 0.062828824 0.1322287134 0.159116437 0.171278380
[3,] 0.054764517 0.0927960763 0.081165786 0.084937916
[4,] 0.008096494 0.0036965508 0.002430267 0.003265278
[5,] 0.008069903 0.0005238925 0.008674282 0.015776845


$diagnostic_list
$diagnostic_list$`Shock: pandemic`
$diagnostic_list$`Shock: pandemic`[[1]]
                               R-sqrd. Adj. R-sqrd.    F-stat      p-value
h1:pandemic                  0.8819096    0.8148853 13.158063 2.154925e-11
h1:inflation_expectations_1y 0.9822204    0.9721293 97.335320 3.469825e-26
h1:inflation_expectations_3y 0.9008165    0.8445232 16.002186 1.032425e-12
h1:inflation                 0.7170299    0.5564252  4.464564 3.640466e-05
h1:economic_activity         0.7460059    0.6018471  5.174890 6.976542e-06

$diagnostic_list$`Shock: pandemic`[[2]]
                               R-sqrd. Adj. R-sqrd.    F-stat      p-value
h2:pandemic                  0.7388968    0.5865866  4.851262 1.713170e-05
h2:inflation_expectations_1y 0.9549489    0.9286691 36.337754 3.053380e-18
h2:inflation_expectations_3y 0.8063600    0.6934033  7.138666 1.699365e-07
h2:inflation                 0.5798458    0.3347559  2.365849 1.121483e-02
h2:economic_activity         0.4267259    0.0923160  1.276056 2.538866e-01

$diagnostic_list$`Shock: pandemic`[[3]]
                               R-sqrd. Adj. R-sqrd.    F-stat      p-value
h3:pandemic                  0.5714546   0.31432741  2.222459 1.778119e-02
h3:inflation_expectations_1y 0.9339871   0.89437931 23.580912 7.667729e-15
h3:inflation_expectations_3y 0.6872665   0.49962634  3.662684 3.431044e-04
h3:inflation                 0.5061981   0.20991690  1.708506 7.852026e-02
h3:economic_activity         0.3955474   0.03287588  1.090649 3.998543e-01

$diagnostic_list$`Shock: pandemic`[[4]]
                               R-sqrd. Adj. R-sqrd.     F-stat      p-value
h4:pandemic                  0.5030120   0.19604882  1.6386721 9.748030e-02
h4:inflation_expectations_1y 0.9007321   0.83941957 14.6908329 1.795037e-11
h4:inflation_expectations_3y 0.6474715   0.42973327  2.9736237 2.295635e-03
h4:inflation                 0.4363043   0.08813927  1.2531537 2.725260e-01
h4:economic_activity         0.3562080  -0.04142831  0.8958136 5.969104e-01

$diagnostic_list$`Shock: pandemic`[[5]]
                               R-sqrd. Adj. R-sqrd.   F-stat      p-value
h5:pandemic                  0.5455967   0.25643100 1.886796 4.975806e-02
h5:inflation_expectations_1y 0.8598059   0.77059142 9.637518 9.039056e-09
h5:inflation_expectations_3y 0.5968386   0.34028131 2.326337 1.448274e-02
h5:inflation                 0.5050717   0.19011739 1.603635 1.093505e-01
h5:economic_activity         0.4064402   0.02872026 1.076036 4.153640e-01

$diagnostic_list$`Shock: pandemic`[[6]]
                               R-sqrd. Adj. R-sqrd.    F-stat      p-value
h6:pandemic                  0.6091648    0.3526792 2.3750450 1.331978e-02
h6:inflation_expectations_1y 0.8340069    0.7250739 7.6561466 2.207234e-07
h6:inflation_expectations_3y 0.6383858    0.4010765 2.6901002 5.687001e-03
h6:inflation                 0.5830552    0.3094351 2.1308935 2.607283e-02
h6:economic_activity         0.3153129   -0.1340130 0.7017465 8.003581e-01

$diagnostic_list$`Shock: pandemic`[[7]]
                               R-sqrd. Adj. R-sqrd.    F-stat      p-value
h7:pandemic                  0.6265624    0.3735886 2.4767873 1.070609e-02
h7:inflation_expectations_1y 0.7896167    0.6470990 5.5404806 1.055682e-05
h7:inflation_expectations_3y 0.6047125    0.3369371 2.2582822 1.924637e-02
h7:inflation                 0.5207220    0.1960498 1.6038393 1.133950e-01
h7:economic_activity         0.2889496   -0.1927297 0.5998796 8.876153e-01

$diagnostic_list$`Shock: pandemic`[[8]]
                               R-sqrd. Adj. R-sqrd.    F-stat      p-value
h8:pandemic                  0.6677521   0.43517855 2.8711438 0.0041359055
h8:inflation_expectations_1y 0.7348653   0.54927104 3.9595258 0.0003161022
h8:inflation_expectations_3y 0.5076674   0.16303451 1.4730672 0.1623326311
h8:inflation                 0.4237297   0.02034057 1.0504242 0.4423462631
h8:economic_activity         0.3476960  -0.10891679 0.7614679 0.7390690062

$diagnostic_list$`Shock: pandemic`[[9]]
                               R-sqrd. Adj. R-sqrd.    F-stat     p-value
h9:pandemic                  0.6451743   0.38823160 2.5109655 0.011094206
h9:inflation_expectations_1y 0.6882513   0.46250220 3.0487446 0.002917165
h9:inflation_expectations_3y 0.4489119   0.04984806 1.1249125 0.378239669
h9:inflation                 0.4446492   0.04249860 1.1056783 0.394441678
h9:economic_activity         0.3573471  -0.10802226 0.7678784 0.731758034

$diagnostic_list$`Shock: pandemic`[[10]]
                                R-sqrd.  Adj. R-sqrd.    F-stat     p-value
h10:pandemic                  0.5805338  0.2659340789 1.8453094 0.064874357
h10:inflation_expectations_1y 0.6801936  0.4403387214 2.8358551 0.005336103
h10:inflation_expectations_3y 0.4744563  0.0802985608 1.2037219 0.318909011
h10:inflation                 0.4281863 -0.0006739449 0.9984285 0.493720155
h10:economic_activity         0.4020077 -0.0464864434 0.8963500 0.596765855

$diagnostic_list$`Shock: pandemic`[[11]]
                                R-sqrd. Adj. R-sqrd.    F-stat     p-value
h11:pandemic                  0.5774588   0.24881561 1.7570996 0.083812091
h11:inflation_expectations_1y 0.6852864   0.44050914 2.7996327 0.006340034
h11:inflation_expectations_3y 0.5885357   0.26850785 1.8390141 0.068137229
h11:inflation                 0.4246003  -0.02293277 0.9487574 0.543443290
h11:economic_activity         0.4514691   0.02483403 1.0582091 0.439016136

$diagnostic_list$`Shock: pandemic`[[12]]
                                R-sqrd. Adj. R-sqrd.   F-stat    p-value
h12:pandemic                  0.4907422   0.07941856 1.193080 0.33112869
h12:inflation_expectations_1y 0.6557305   0.37766672 2.358202 0.01966661
h12:inflation_expectations_3y 0.5951044   0.26807336 1.819718 0.07395626
h12:inflation                 0.5373373   0.16364824 1.437926 0.18833065
h12:economic_activity         0.4560591   0.01672224 1.038062 0.45861119


$diagnostic_list$`Shock: inflation_expectations_1y`
$diagnostic_list$`Shock: inflation_expectations_1y`[[1]]
                               R-sqrd. Adj. R-sqrd.    F-stat      p-value
h1:pandemic                  0.8819096    0.8148853 13.158063 2.154925e-11
h1:inflation_expectations_1y 0.9822204    0.9721293 97.335320 3.469825e-26
h1:inflation_expectations_3y 0.9008165    0.8445232 16.002186 1.032425e-12
h1:inflation                 0.7170299    0.5564252  4.464564 3.640466e-05
h1:economic_activity         0.7460059    0.6018471  5.174890 6.976542e-06

$diagnostic_list$`Shock: inflation_expectations_1y`[[2]]
                               R-sqrd. Adj. R-sqrd.    F-stat      p-value
h2:pandemic                  0.7388968    0.5865866  4.851262 1.713170e-05
h2:inflation_expectations_1y 0.9549489    0.9286691 36.337754 3.053380e-18
h2:inflation_expectations_3y 0.8063600    0.6934033  7.138666 1.699365e-07
h2:inflation                 0.5798458    0.3347559  2.365849 1.121483e-02
h2:economic_activity         0.4267259    0.0923160  1.276056 2.538866e-01

$diagnostic_list$`Shock: inflation_expectations_1y`[[3]]
                               R-sqrd. Adj. R-sqrd.    F-stat      p-value
h3:pandemic                  0.5714546   0.31432741  2.222459 1.778119e-02
h3:inflation_expectations_1y 0.9339871   0.89437931 23.580912 7.667729e-15
h3:inflation_expectations_3y 0.6872665   0.49962634  3.662684 3.431044e-04
h3:inflation                 0.5061981   0.20991690  1.708506 7.852026e-02
h3:economic_activity         0.3955474   0.03287588  1.090649 3.998543e-01

$diagnostic_list$`Shock: inflation_expectations_1y`[[4]]
                               R-sqrd. Adj. R-sqrd.     F-stat      p-value
h4:pandemic                  0.5030120   0.19604882  1.6386721 9.748030e-02
h4:inflation_expectations_1y 0.9007321   0.83941957 14.6908329 1.795037e-11
h4:inflation_expectations_3y 0.6474715   0.42973327  2.9736237 2.295635e-03
h4:inflation                 0.4363043   0.08813927  1.2531537 2.725260e-01
h4:economic_activity         0.3562080  -0.04142831  0.8958136 5.969104e-01

$diagnostic_list$`Shock: inflation_expectations_1y`[[5]]
                               R-sqrd. Adj. R-sqrd.   F-stat      p-value
h5:pandemic                  0.5455967   0.25643100 1.886796 4.975806e-02
h5:inflation_expectations_1y 0.8598059   0.77059142 9.637518 9.039056e-09
h5:inflation_expectations_3y 0.5968386   0.34028131 2.326337 1.448274e-02
h5:inflation                 0.5050717   0.19011739 1.603635 1.093505e-01
h5:economic_activity         0.4064402   0.02872026 1.076036 4.153640e-01

$diagnostic_list$`Shock: inflation_expectations_1y`[[6]]
                               R-sqrd. Adj. R-sqrd.    F-stat      p-value
h6:pandemic                  0.6091648    0.3526792 2.3750450 1.331978e-02
h6:inflation_expectations_1y 0.8340069    0.7250739 7.6561466 2.207234e-07
h6:inflation_expectations_3y 0.6383858    0.4010765 2.6901002 5.687001e-03
h6:inflation                 0.5830552    0.3094351 2.1308935 2.607283e-02
h6:economic_activity         0.3153129   -0.1340130 0.7017465 8.003581e-01

$diagnostic_list$`Shock: inflation_expectations_1y`[[7]]
                               R-sqrd. Adj. R-sqrd.    F-stat      p-value
h7:pandemic                  0.6265624    0.3735886 2.4767873 1.070609e-02
h7:inflation_expectations_1y 0.7896167    0.6470990 5.5404806 1.055682e-05
h7:inflation_expectations_3y 0.6047125    0.3369371 2.2582822 1.924637e-02
h7:inflation                 0.5207220    0.1960498 1.6038393 1.133950e-01
h7:economic_activity         0.2889496   -0.1927297 0.5998796 8.876153e-01

$diagnostic_list$`Shock: inflation_expectations_1y`[[8]]
                               R-sqrd. Adj. R-sqrd.    F-stat      p-value
h8:pandemic                  0.6677521   0.43517855 2.8711438 0.0041359055
h8:inflation_expectations_1y 0.7348653   0.54927104 3.9595258 0.0003161022
h8:inflation_expectations_3y 0.5076674   0.16303451 1.4730672 0.1623326311
h8:inflation                 0.4237297   0.02034057 1.0504242 0.4423462631
h8:economic_activity         0.3476960  -0.10891679 0.7614679 0.7390690062

$diagnostic_list$`Shock: inflation_expectations_1y`[[9]]
                               R-sqrd. Adj. R-sqrd.    F-stat     p-value
h9:pandemic                  0.6451743   0.38823160 2.5109655 0.011094206
h9:inflation_expectations_1y 0.6882513   0.46250220 3.0487446 0.002917165
h9:inflation_expectations_3y 0.4489119   0.04984806 1.1249125 0.378239669
h9:inflation                 0.4446492   0.04249860 1.1056783 0.394441678
h9:economic_activity         0.3573471  -0.10802226 0.7678784 0.731758034

$diagnostic_list$`Shock: inflation_expectations_1y`[[10]]
                                R-sqrd.  Adj. R-sqrd.    F-stat     p-value
h10:pandemic                  0.5805338  0.2659340789 1.8453094 0.064874357
h10:inflation_expectations_1y 0.6801936  0.4403387214 2.8358551 0.005336103
h10:inflation_expectations_3y 0.4744563  0.0802985608 1.2037219 0.318909011
h10:inflation                 0.4281863 -0.0006739449 0.9984285 0.493720155
h10:economic_activity         0.4020077 -0.0464864434 0.8963500 0.596765855

$diagnostic_list$`Shock: inflation_expectations_1y`[[11]]
                                R-sqrd. Adj. R-sqrd.    F-stat     p-value
h11:pandemic                  0.5774588   0.24881561 1.7570996 0.083812091
h11:inflation_expectations_1y 0.6852864   0.44050914 2.7996327 0.006340034
h11:inflation_expectations_3y 0.5885357   0.26850785 1.8390141 0.068137229
h11:inflation                 0.4246003  -0.02293277 0.9487574 0.543443290
h11:economic_activity         0.4514691   0.02483403 1.0582091 0.439016136

$diagnostic_list$`Shock: inflation_expectations_1y`[[12]]
                                R-sqrd. Adj. R-sqrd.   F-stat    p-value
h12:pandemic                  0.4907422   0.07941856 1.193080 0.33112869
h12:inflation_expectations_1y 0.6557305   0.37766672 2.358202 0.01966661
h12:inflation_expectations_3y 0.5951044   0.26807336 1.819718 0.07395626
h12:inflation                 0.5373373   0.16364824 1.437926 0.18833065
h12:economic_activity         0.4560591   0.01672224 1.038062 0.45861119


$diagnostic_list$`Shock: inflation_expectations_3y`
$diagnostic_list$`Shock: inflation_expectations_3y`[[1]]
                               R-sqrd. Adj. R-sqrd.    F-stat      p-value
h1:pandemic                  0.8819096    0.8148853 13.158063 2.154925e-11
h1:inflation_expectations_1y 0.9822204    0.9721293 97.335320 3.469825e-26
h1:inflation_expectations_3y 0.9008165    0.8445232 16.002186 1.032425e-12
h1:inflation                 0.7170299    0.5564252  4.464564 3.640466e-05
h1:economic_activity         0.7460059    0.6018471  5.174890 6.976542e-06

$diagnostic_list$`Shock: inflation_expectations_3y`[[2]]
                               R-sqrd. Adj. R-sqrd.    F-stat      p-value
h2:pandemic                  0.7388968    0.5865866  4.851262 1.713170e-05
h2:inflation_expectations_1y 0.9549489    0.9286691 36.337754 3.053380e-18
h2:inflation_expectations_3y 0.8063600    0.6934033  7.138666 1.699365e-07
h2:inflation                 0.5798458    0.3347559  2.365849 1.121483e-02
h2:economic_activity         0.4267259    0.0923160  1.276056 2.538866e-01

$diagnostic_list$`Shock: inflation_expectations_3y`[[3]]
                               R-sqrd. Adj. R-sqrd.    F-stat      p-value
h3:pandemic                  0.5714546   0.31432741  2.222459 1.778119e-02
h3:inflation_expectations_1y 0.9339871   0.89437931 23.580912 7.667729e-15
h3:inflation_expectations_3y 0.6872665   0.49962634  3.662684 3.431044e-04
h3:inflation                 0.5061981   0.20991690  1.708506 7.852026e-02
h3:economic_activity         0.3955474   0.03287588  1.090649 3.998543e-01

$diagnostic_list$`Shock: inflation_expectations_3y`[[4]]
                               R-sqrd. Adj. R-sqrd.     F-stat      p-value
h4:pandemic                  0.5030120   0.19604882  1.6386721 9.748030e-02
h4:inflation_expectations_1y 0.9007321   0.83941957 14.6908329 1.795037e-11
h4:inflation_expectations_3y 0.6474715   0.42973327  2.9736237 2.295635e-03
h4:inflation                 0.4363043   0.08813927  1.2531537 2.725260e-01
h4:economic_activity         0.3562080  -0.04142831  0.8958136 5.969104e-01

$diagnostic_list$`Shock: inflation_expectations_3y`[[5]]
                               R-sqrd. Adj. R-sqrd.   F-stat      p-value
h5:pandemic                  0.5455967   0.25643100 1.886796 4.975806e-02
h5:inflation_expectations_1y 0.8598059   0.77059142 9.637518 9.039056e-09
h5:inflation_expectations_3y 0.5968386   0.34028131 2.326337 1.448274e-02
h5:inflation                 0.5050717   0.19011739 1.603635 1.093505e-01
h5:economic_activity         0.4064402   0.02872026 1.076036 4.153640e-01

$diagnostic_list$`Shock: inflation_expectations_3y`[[6]]
                               R-sqrd. Adj. R-sqrd.    F-stat      p-value
h6:pandemic                  0.6091648    0.3526792 2.3750450 1.331978e-02
h6:inflation_expectations_1y 0.8340069    0.7250739 7.6561466 2.207234e-07
h6:inflation_expectations_3y 0.6383858    0.4010765 2.6901002 5.687001e-03
h6:inflation                 0.5830552    0.3094351 2.1308935 2.607283e-02
h6:economic_activity         0.3153129   -0.1340130 0.7017465 8.003581e-01

$diagnostic_list$`Shock: inflation_expectations_3y`[[7]]
                               R-sqrd. Adj. R-sqrd.    F-stat      p-value
h7:pandemic                  0.6265624    0.3735886 2.4767873 1.070609e-02
h7:inflation_expectations_1y 0.7896167    0.6470990 5.5404806 1.055682e-05
h7:inflation_expectations_3y 0.6047125    0.3369371 2.2582822 1.924637e-02
h7:inflation                 0.5207220    0.1960498 1.6038393 1.133950e-01
h7:economic_activity         0.2889496   -0.1927297 0.5998796 8.876153e-01

$diagnostic_list$`Shock: inflation_expectations_3y`[[8]]
                               R-sqrd. Adj. R-sqrd.    F-stat      p-value
h8:pandemic                  0.6677521   0.43517855 2.8711438 0.0041359055
h8:inflation_expectations_1y 0.7348653   0.54927104 3.9595258 0.0003161022
h8:inflation_expectations_3y 0.5076674   0.16303451 1.4730672 0.1623326311
h8:inflation                 0.4237297   0.02034057 1.0504242 0.4423462631
h8:economic_activity         0.3476960  -0.10891679 0.7614679 0.7390690062

$diagnostic_list$`Shock: inflation_expectations_3y`[[9]]
                               R-sqrd. Adj. R-sqrd.    F-stat     p-value
h9:pandemic                  0.6451743   0.38823160 2.5109655 0.011094206
h9:inflation_expectations_1y 0.6882513   0.46250220 3.0487446 0.002917165
h9:inflation_expectations_3y 0.4489119   0.04984806 1.1249125 0.378239669
h9:inflation                 0.4446492   0.04249860 1.1056783 0.394441678
h9:economic_activity         0.3573471  -0.10802226 0.7678784 0.731758034

$diagnostic_list$`Shock: inflation_expectations_3y`[[10]]
                                R-sqrd.  Adj. R-sqrd.    F-stat     p-value
h10:pandemic                  0.5805338  0.2659340789 1.8453094 0.064874357
h10:inflation_expectations_1y 0.6801936  0.4403387214 2.8358551 0.005336103
h10:inflation_expectations_3y 0.4744563  0.0802985608 1.2037219 0.318909011
h10:inflation                 0.4281863 -0.0006739449 0.9984285 0.493720155
h10:economic_activity         0.4020077 -0.0464864434 0.8963500 0.596765855

$diagnostic_list$`Shock: inflation_expectations_3y`[[11]]
                                R-sqrd. Adj. R-sqrd.    F-stat     p-value
h11:pandemic                  0.5774588   0.24881561 1.7570996 0.083812091
h11:inflation_expectations_1y 0.6852864   0.44050914 2.7996327 0.006340034
h11:inflation_expectations_3y 0.5885357   0.26850785 1.8390141 0.068137229
h11:inflation                 0.4246003  -0.02293277 0.9487574 0.543443290
h11:economic_activity         0.4514691   0.02483403 1.0582091 0.439016136

$diagnostic_list$`Shock: inflation_expectations_3y`[[12]]
                                R-sqrd. Adj. R-sqrd.   F-stat    p-value
h12:pandemic                  0.4907422   0.07941856 1.193080 0.33112869
h12:inflation_expectations_1y 0.6557305   0.37766672 2.358202 0.01966661
h12:inflation_expectations_3y 0.5951044   0.26807336 1.819718 0.07395626
h12:inflation                 0.5373373   0.16364824 1.437926 0.18833065
h12:economic_activity         0.4560591   0.01672224 1.038062 0.45861119


$diagnostic_list$`Shock: inflation`
$diagnostic_list$`Shock: inflation`[[1]]
                               R-sqrd. Adj. R-sqrd.    F-stat      p-value
h1:pandemic                  0.8819096    0.8148853 13.158063 2.154925e-11
h1:inflation_expectations_1y 0.9822204    0.9721293 97.335320 3.469825e-26
h1:inflation_expectations_3y 0.9008165    0.8445232 16.002186 1.032425e-12
h1:inflation                 0.7170299    0.5564252  4.464564 3.640466e-05
h1:economic_activity         0.7460059    0.6018471  5.174890 6.976542e-06

$diagnostic_list$`Shock: inflation`[[2]]
                               R-sqrd. Adj. R-sqrd.    F-stat      p-value
h2:pandemic                  0.7388968    0.5865866  4.851262 1.713170e-05
h2:inflation_expectations_1y 0.9549489    0.9286691 36.337754 3.053380e-18
h2:inflation_expectations_3y 0.8063600    0.6934033  7.138666 1.699365e-07
h2:inflation                 0.5798458    0.3347559  2.365849 1.121483e-02
h2:economic_activity         0.4267259    0.0923160  1.276056 2.538866e-01

$diagnostic_list$`Shock: inflation`[[3]]
                               R-sqrd. Adj. R-sqrd.    F-stat      p-value
h3:pandemic                  0.5714546   0.31432741  2.222459 1.778119e-02
h3:inflation_expectations_1y 0.9339871   0.89437931 23.580912 7.667729e-15
h3:inflation_expectations_3y 0.6872665   0.49962634  3.662684 3.431044e-04
h3:inflation                 0.5061981   0.20991690  1.708506 7.852026e-02
h3:economic_activity         0.3955474   0.03287588  1.090649 3.998543e-01

$diagnostic_list$`Shock: inflation`[[4]]
                               R-sqrd. Adj. R-sqrd.     F-stat      p-value
h4:pandemic                  0.5030120   0.19604882  1.6386721 9.748030e-02
h4:inflation_expectations_1y 0.9007321   0.83941957 14.6908329 1.795037e-11
h4:inflation_expectations_3y 0.6474715   0.42973327  2.9736237 2.295635e-03
h4:inflation                 0.4363043   0.08813927  1.2531537 2.725260e-01
h4:economic_activity         0.3562080  -0.04142831  0.8958136 5.969104e-01

$diagnostic_list$`Shock: inflation`[[5]]
                               R-sqrd. Adj. R-sqrd.   F-stat      p-value
h5:pandemic                  0.5455967   0.25643100 1.886796 4.975806e-02
h5:inflation_expectations_1y 0.8598059   0.77059142 9.637518 9.039056e-09
h5:inflation_expectations_3y 0.5968386   0.34028131 2.326337 1.448274e-02
h5:inflation                 0.5050717   0.19011739 1.603635 1.093505e-01
h5:economic_activity         0.4064402   0.02872026 1.076036 4.153640e-01

$diagnostic_list$`Shock: inflation`[[6]]
                               R-sqrd. Adj. R-sqrd.    F-stat      p-value
h6:pandemic                  0.6091648    0.3526792 2.3750450 1.331978e-02
h6:inflation_expectations_1y 0.8340069    0.7250739 7.6561466 2.207234e-07
h6:inflation_expectations_3y 0.6383858    0.4010765 2.6901002 5.687001e-03
h6:inflation                 0.5830552    0.3094351 2.1308935 2.607283e-02
h6:economic_activity         0.3153129   -0.1340130 0.7017465 8.003581e-01

$diagnostic_list$`Shock: inflation`[[7]]
                               R-sqrd. Adj. R-sqrd.    F-stat      p-value
h7:pandemic                  0.6265624    0.3735886 2.4767873 1.070609e-02
h7:inflation_expectations_1y 0.7896167    0.6470990 5.5404806 1.055682e-05
h7:inflation_expectations_3y 0.6047125    0.3369371 2.2582822 1.924637e-02
h7:inflation                 0.5207220    0.1960498 1.6038393 1.133950e-01
h7:economic_activity         0.2889496   -0.1927297 0.5998796 8.876153e-01

$diagnostic_list$`Shock: inflation`[[8]]
                               R-sqrd. Adj. R-sqrd.    F-stat      p-value
h8:pandemic                  0.6677521   0.43517855 2.8711438 0.0041359055
h8:inflation_expectations_1y 0.7348653   0.54927104 3.9595258 0.0003161022
h8:inflation_expectations_3y 0.5076674   0.16303451 1.4730672 0.1623326311
h8:inflation                 0.4237297   0.02034057 1.0504242 0.4423462631
h8:economic_activity         0.3476960  -0.10891679 0.7614679 0.7390690062

$diagnostic_list$`Shock: inflation`[[9]]
                               R-sqrd. Adj. R-sqrd.    F-stat     p-value
h9:pandemic                  0.6451743   0.38823160 2.5109655 0.011094206
h9:inflation_expectations_1y 0.6882513   0.46250220 3.0487446 0.002917165
h9:inflation_expectations_3y 0.4489119   0.04984806 1.1249125 0.378239669
h9:inflation                 0.4446492   0.04249860 1.1056783 0.394441678
h9:economic_activity         0.3573471  -0.10802226 0.7678784 0.731758034

$diagnostic_list$`Shock: inflation`[[10]]
                                R-sqrd.  Adj. R-sqrd.    F-stat     p-value
h10:pandemic                  0.5805338  0.2659340789 1.8453094 0.064874357
h10:inflation_expectations_1y 0.6801936  0.4403387214 2.8358551 0.005336103
h10:inflation_expectations_3y 0.4744563  0.0802985608 1.2037219 0.318909011
h10:inflation                 0.4281863 -0.0006739449 0.9984285 0.493720155
h10:economic_activity         0.4020077 -0.0464864434 0.8963500 0.596765855

$diagnostic_list$`Shock: inflation`[[11]]
                                R-sqrd. Adj. R-sqrd.    F-stat     p-value
h11:pandemic                  0.5774588   0.24881561 1.7570996 0.083812091
h11:inflation_expectations_1y 0.6852864   0.44050914 2.7996327 0.006340034
h11:inflation_expectations_3y 0.5885357   0.26850785 1.8390141 0.068137229
h11:inflation                 0.4246003  -0.02293277 0.9487574 0.543443290
h11:economic_activity         0.4514691   0.02483403 1.0582091 0.439016136

$diagnostic_list$`Shock: inflation`[[12]]
                                R-sqrd. Adj. R-sqrd.   F-stat    p-value
h12:pandemic                  0.4907422   0.07941856 1.193080 0.33112869
h12:inflation_expectations_1y 0.6557305   0.37766672 2.358202 0.01966661
h12:inflation_expectations_3y 0.5951044   0.26807336 1.819718 0.07395626
h12:inflation                 0.5373373   0.16364824 1.437926 0.18833065
h12:economic_activity         0.4560591   0.01672224 1.038062 0.45861119


$diagnostic_list$`Shock: economic_activity`
$diagnostic_list$`Shock: economic_activity`[[1]]
                               R-sqrd. Adj. R-sqrd.    F-stat      p-value
h1:pandemic                  0.8819096    0.8148853 13.158063 2.154925e-11
h1:inflation_expectations_1y 0.9822204    0.9721293 97.335320 3.469825e-26
h1:inflation_expectations_3y 0.9008165    0.8445232 16.002186 1.032425e-12
h1:inflation                 0.7170299    0.5564252  4.464564 3.640466e-05
h1:economic_activity         0.7460059    0.6018471  5.174890 6.976542e-06

$diagnostic_list$`Shock: economic_activity`[[2]]
                               R-sqrd. Adj. R-sqrd.    F-stat      p-value
h2:pandemic                  0.7388968    0.5865866  4.851262 1.713170e-05
h2:inflation_expectations_1y 0.9549489    0.9286691 36.337754 3.053380e-18
h2:inflation_expectations_3y 0.8063600    0.6934033  7.138666 1.699365e-07
h2:inflation                 0.5798458    0.3347559  2.365849 1.121483e-02
h2:economic_activity         0.4267259    0.0923160  1.276056 2.538866e-01

$diagnostic_list$`Shock: economic_activity`[[3]]
                               R-sqrd. Adj. R-sqrd.    F-stat      p-value
h3:pandemic                  0.5714546   0.31432741  2.222459 1.778119e-02
h3:inflation_expectations_1y 0.9339871   0.89437931 23.580912 7.667729e-15
h3:inflation_expectations_3y 0.6872665   0.49962634  3.662684 3.431044e-04
h3:inflation                 0.5061981   0.20991690  1.708506 7.852026e-02
h3:economic_activity         0.3955474   0.03287588  1.090649 3.998543e-01

$diagnostic_list$`Shock: economic_activity`[[4]]
                               R-sqrd. Adj. R-sqrd.     F-stat      p-value
h4:pandemic                  0.5030120   0.19604882  1.6386721 9.748030e-02
h4:inflation_expectations_1y 0.9007321   0.83941957 14.6908329 1.795037e-11
h4:inflation_expectations_3y 0.6474715   0.42973327  2.9736237 2.295635e-03
h4:inflation                 0.4363043   0.08813927  1.2531537 2.725260e-01
h4:economic_activity         0.3562080  -0.04142831  0.8958136 5.969104e-01

$diagnostic_list$`Shock: economic_activity`[[5]]
                               R-sqrd. Adj. R-sqrd.   F-stat      p-value
h5:pandemic                  0.5455967   0.25643100 1.886796 4.975806e-02
h5:inflation_expectations_1y 0.8598059   0.77059142 9.637518 9.039056e-09
h5:inflation_expectations_3y 0.5968386   0.34028131 2.326337 1.448274e-02
h5:inflation                 0.5050717   0.19011739 1.603635 1.093505e-01
h5:economic_activity         0.4064402   0.02872026 1.076036 4.153640e-01

$diagnostic_list$`Shock: economic_activity`[[6]]
                               R-sqrd. Adj. R-sqrd.    F-stat      p-value
h6:pandemic                  0.6091648    0.3526792 2.3750450 1.331978e-02
h6:inflation_expectations_1y 0.8340069    0.7250739 7.6561466 2.207234e-07
h6:inflation_expectations_3y 0.6383858    0.4010765 2.6901002 5.687001e-03
h6:inflation                 0.5830552    0.3094351 2.1308935 2.607283e-02
h6:economic_activity         0.3153129   -0.1340130 0.7017465 8.003581e-01

$diagnostic_list$`Shock: economic_activity`[[7]]
                               R-sqrd. Adj. R-sqrd.    F-stat      p-value
h7:pandemic                  0.6265624    0.3735886 2.4767873 1.070609e-02
h7:inflation_expectations_1y 0.7896167    0.6470990 5.5404806 1.055682e-05
h7:inflation_expectations_3y 0.6047125    0.3369371 2.2582822 1.924637e-02
h7:inflation                 0.5207220    0.1960498 1.6038393 1.133950e-01
h7:economic_activity         0.2889496   -0.1927297 0.5998796 8.876153e-01

$diagnostic_list$`Shock: economic_activity`[[8]]
                               R-sqrd. Adj. R-sqrd.    F-stat      p-value
h8:pandemic                  0.6677521   0.43517855 2.8711438 0.0041359055
h8:inflation_expectations_1y 0.7348653   0.54927104 3.9595258 0.0003161022
h8:inflation_expectations_3y 0.5076674   0.16303451 1.4730672 0.1623326311
h8:inflation                 0.4237297   0.02034057 1.0504242 0.4423462631
h8:economic_activity         0.3476960  -0.10891679 0.7614679 0.7390690062

$diagnostic_list$`Shock: economic_activity`[[9]]
                               R-sqrd. Adj. R-sqrd.    F-stat     p-value
h9:pandemic                  0.6451743   0.38823160 2.5109655 0.011094206
h9:inflation_expectations_1y 0.6882513   0.46250220 3.0487446 0.002917165
h9:inflation_expectations_3y 0.4489119   0.04984806 1.1249125 0.378239669
h9:inflation                 0.4446492   0.04249860 1.1056783 0.394441678
h9:economic_activity         0.3573471  -0.10802226 0.7678784 0.731758034

$diagnostic_list$`Shock: economic_activity`[[10]]
                                R-sqrd.  Adj. R-sqrd.    F-stat     p-value
h10:pandemic                  0.5805338  0.2659340789 1.8453094 0.064874357
h10:inflation_expectations_1y 0.6801936  0.4403387214 2.8358551 0.005336103
h10:inflation_expectations_3y 0.4744563  0.0802985608 1.2037219 0.318909011
h10:inflation                 0.4281863 -0.0006739449 0.9984285 0.493720155
h10:economic_activity         0.4020077 -0.0464864434 0.8963500 0.596765855

$diagnostic_list$`Shock: economic_activity`[[11]]
                                R-sqrd. Adj. R-sqrd.    F-stat     p-value
h11:pandemic                  0.5774588   0.24881561 1.7570996 0.083812091
h11:inflation_expectations_1y 0.6852864   0.44050914 2.7996327 0.006340034
h11:inflation_expectations_3y 0.5885357   0.26850785 1.8390141 0.068137229
h11:inflation                 0.4246003  -0.02293277 0.9487574 0.543443290
h11:economic_activity         0.4514691   0.02483403 1.0582091 0.439016136

$diagnostic_list$`Shock: economic_activity`[[12]]
                                R-sqrd. Adj. R-sqrd.   F-stat    p-value
h12:pandemic                  0.4907422   0.07941856 1.193080 0.33112869
h12:inflation_expectations_1y 0.6557305   0.37766672 2.358202 0.01966661
h12:inflation_expectations_3y 0.5951044   0.26807336 1.819718 0.07395626
h12:inflation                 0.5373373   0.16364824 1.437926 0.18833065
h12:economic_activity         0.4560591   0.01672224 1.038062 0.45861119



$specs
$specs$lags_endog_lin
SC(n) 
    2 

$specs$lags_criterion
[1] NaN

$specs$max_lags
[1] NaN

$specs$trend
[1] 0

$specs$shock_type
[1] 0

$specs$confint
[1] 1.65

$specs$hor
[1] 12

$specs$use_nw
[1] TRUE

$specs$nw_prewhite
[1] FALSE

$specs$adjust_se
[1] FALSE

$specs$use_twosls
[1] FALSE

$specs$contemp_data
$specs$contemp_data$dummy
 [1] 0 0 0 0 0 0 0 0 0 0 0 0 0 0 0 0 0 0 0 0 0 0 0 0 0 0 1 1 1 1 0 1 0 1 0 0 0 0 0 0 0 0 0 0 0 0 0 0 0 0 0 0 0 0 0 0 0 0 0 0
[61] 0

$specs$contemp_data$Jan
 [1] 0 0 0 0 0 0 0 0 0 0 0 1 0 0 0 0 0 0 0 0 0 0 0 1 0 0 0 0 0 0 0 0 0 0 0 1 0 0 0 0 0 0 0 0 0 0 0 1 0 0 0 0 0 0 0 0 0 0 0 1
[61] 0

$specs$contemp_data$Feb
 [1] 1 0 0 0 0 0 0 0 0 0 0 0 1 0 0 0 0 0 0 0 0 0 0 0 1 0 0 0 0 0 0 0 0 0 0 0 1 0 0 0 0 0 0 0 0 0 0 0 1 0 0 0 0 0 0 0 0 0 0 0
[61] 1

$specs$contemp_data$Mar
 [1] 0 1 0 0 0 0 0 0 0 0 0 0 0 1 0 0 0 0 0 0 0 0 0 0 0 1 0 0 0 0 0 0 0 0 0 0 0 1 0 0 0 0 0 0 0 0 0 0 0 1 0 0 0 0 0 0 0 0 0 0
[61] 0

$specs$contemp_data$Apr
 [1] 0 0 1 0 0 0 0 0 0 0 0 0 0 0 1 0 0 0 0 0 0 0 0 0 0 0 1 0 0 0 0 0 0 0 0 0 0 0 1 0 0 0 0 0 0 0 0 0 0 0 1 0 0 0 0 0 0 0 0 0
[61] 0

$specs$contemp_data$May
 [1] 0 0 0 1 0 0 0 0 0 0 0 0 0 0 0 1 0 0 0 0 0 0 0 0 0 0 0 1 0 0 0 0 0 0 0 0 0 0 0 1 0 0 0 0 0 0 0 0 0 0 0 1 0 0 0 0 0 0 0 0
[61] 0

$specs$contemp_data$Jun
 [1] 0 0 0 0 1 0 0 0 0 0 0 0 0 0 0 0 1 0 0 0 0 0 0 0 0 0 0 0 1 0 0 0 0 0 0 0 0 0 0 0 1 0 0 0 0 0 0 0 0 0 0 0 1 0 0 0 0 0 0 0
[61] 0

$specs$contemp_data$Jul
 [1] 0 0 0 0 0 1 0 0 0 0 0 0 0 0 0 0 0 1 0 0 0 0 0 0 0 0 0 0 0 1 0 0 0 0 0 0 0 0 0 0 0 1 0 0 0 0 0 0 0 0 0 0 0 1 0 0 0 0 0 0
[61] 0

$specs$contemp_data$Aug
 [1] 0 0 0 0 0 0 1 0 0 0 0 0 0 0 0 0 0 0 1 0 0 0 0 0 0 0 0 0 0 0 1 0 0 0 0 0 0 0 0 0 0 0 1 0 0 0 0 0 0 0 0 0 0 0 1 0 0 0 0 0
[61] 0

$specs$contemp_data$Sep
 [1] 0 0 0 0 0 0 0 1 0 0 0 0 0 0 0 0 0 0 0 1 0 0 0 0 0 0 0 0 0 0 0 1 0 0 0 0 0 0 0 0 0 0 0 1 0 0 0 0 0 0 0 0 0 0 0 1 0 0 0 0
[61] 0

$specs$contemp_data$Oct
 [1] 0 0 0 0 0 0 0 0 1 0 0 0 0 0 0 0 0 0 0 0 1 0 0 0 0 0 0 0 0 0 0 0 1 0 0 0 0 0 0 0 0 0 0 0 1 0 0 0 0 0 0 0 0 0 0 0 1 0 0 0
[61] 0


$specs$model_type
[1] 0

$specs$starts
[1] 1

$specs$ends
[1] 61

$specs$column_names
[1] "pandemic"                  "inflation_expectations_1y" "inflation_expectations_3y" "inflation"                
[5] "economic_activity"        

$specs$endog
[1] 5

$specs$y_lin
        pandemic inflation_expectations_1y inflation_expectations_3y    inflation economic_activity
3  -0.0005936462                  2.752288                  2.908013  0.002310570        0.03672057
4   0.0009208198                  2.980844                  2.969947  0.031662657        0.02660601
5   0.0010173250                  2.980844                  2.961960  0.027403122        0.04356130
6   0.0012591495                  2.980844                  3.000000  0.010862582        0.01757053
7   0.0002588005                  2.982717                  2.883912  0.009406502        0.03236078
8  -0.0024647887                  3.000000                  3.000000  0.021640425        0.02930438
9  -0.0013215332                  2.995079                  3.000000  0.025003951        0.02923299
10 -0.0022975851                  3.000000                  3.000000  0.028405410        0.02229492
11 -0.0030421244                  2.969947                  2.883912 -0.008420605        0.02323041
12 -0.0028438035                  3.000000                  2.980844  0.008246918        0.01734758
13 -0.0050766754                  2.969947                  2.969947 -0.002323999        0.03391158
14 -0.0025401405                  2.793575                  2.768439  0.029025084        0.02600387
15 -0.0013848042                  2.816437                  2.864411  0.042416785        0.02691934
16 -0.0026345059                  2.598124                  2.693518  0.048586660        0.03757401
17 -0.0031990052                  2.453082                  2.593332  0.003720327        0.02002637
18 -0.0038834520                  2.670152                  2.662437 -0.006141925        0.02480201
19 -0.0061678223                  2.590599                  2.579365  0.024993882        0.02186920
20 -0.0082153254                  2.414448                  2.501432  0.017681720        0.02278745
21 -0.0038337933                  2.483634                  2.374794  0.021370449        0.03620964
22 -0.0037118666                  2.330186                  2.378875  0.034784574        0.01981848
23 -0.0074945048                  2.347553                  2.521351  0.026361361        0.02549842
24 -0.0013923777                  2.527644                  2.537525  0.038444527        0.02259084
25 -0.0323024825                  2.495654                  2.537525  0.019694440        0.03781474
26 -0.0854411723                  2.537525                  2.588670  0.009814561        0.03578346
27 -0.2066855409                  2.537525                  2.399339 -0.050912346       -0.07956922
28 -0.2222371831                  2.623311                  2.623311 -0.090824177       -0.77070172
29 -0.1841908879                  3.000000                  2.610335 -0.010450429        0.21339722
30 -0.1193308969                  2.681402                  2.473736  0.053592068        0.21330076
31 -0.0946196082                  2.887446                  2.731703  0.061866907        0.02971606
32 -0.0475768245                  3.000000                  2.980844  0.053808986        0.15791953
33 -0.0906566922                  2.980844                  2.742111  0.028930510        0.07717705
34 -0.0526150840                  2.836102                  2.702108  0.011918979        0.10115859
35 -0.0325940568                  2.962508                  2.819740  0.024543630        0.04507153
36 -0.0356827305                  3.000000                  2.980844  0.057557700        0.01677041
37 -0.0093038834                  3.046669                  3.028186  0.028496735        0.06736316
38  0.0109093722                  3.090884                  3.000000  0.045997380        0.05066022
39  0.0255118774                  3.244256                  3.092952  0.059503194        0.06160136
40  0.0611908763                  3.360180                  3.098045  0.082225516        0.03720211
41  0.0431992421                  4.000000                  3.569710  0.082531234        0.06412900
42  0.0393511315                  4.801745                  3.546918  0.098347464        0.05475905
43  0.0353885334                  4.842451                  3.711669  0.054649100        0.08879717
44  0.0308527134                  5.179827                  3.999662  0.049840953        0.06602323
45  0.0429110114                  5.310169                  4.193985  0.052018077        0.07861505
46  0.0392947412                  5.653467                  4.211177  0.114305741        0.06819482
47  0.0301624281                  6.000000                  4.011200  0.098833469        0.06879133
48  0.0447051462                  5.990274                  4.000000  0.097421769        0.06937609
49  0.0454515130                  5.788440                  3.477248  0.075404740        0.03542764
50  0.0251684199                  6.000000                  3.774801  0.088488916        0.07849205
51  0.0151905078                  6.583898                  3.674923  0.126900569        0.05112829
52  0.0132993181                  6.345438                  3.902376  0.048497289        0.04431433
53  0.0024056166                  6.576015                  3.879077  0.115684054        0.03389257
54 -0.0012570149                  6.775855                  3.618484  0.151285219        0.03843642
55  0.0008165417                  6.223626                  3.182451 -0.004064650        0.05041760
56 -0.0016346841                  5.745714                  2.755268  0.028517738        0.02896168
57 -0.0011918924                  5.440794                  2.909971  0.050566174        0.04915587
58 -0.0000198984                  5.944291                  3.110663  0.060045147        0.03059615
59 -0.0030755516                  5.228549                  2.997374  0.024858721        0.04330825
60 -0.0082609778                  4.993469                  2.992784  0.015857387        0.03585464
61 -0.0039269973                  4.954980                  2.711993  0.063675095        0.04576300

$specs$x_lin
   pandemic_lag_1 inflation_expectations_1y_lag_1 inflation_expectations_3y_lag_1 inflation_lag_1 economic_activity_lag_1
3   -0.0010615664                        2.831908                        2.884280     0.032745451              0.02976223
4   -0.0005936462                        2.752288                        2.908013     0.002310570              0.03672057
5    0.0009208198                        2.980844                        2.969947     0.031662657              0.02660601
6    0.0010173250                        2.980844                        2.961960     0.027403122              0.04356130
7    0.0012591495                        2.980844                        3.000000     0.010862582              0.01757053
8    0.0002588005                        2.982717                        2.883912     0.009406502              0.03236078
9   -0.0024647887                        3.000000                        3.000000     0.021640425              0.02930438
10  -0.0013215332                        2.995079                        3.000000     0.025003951              0.02923299
11  -0.0022975851                        3.000000                        3.000000     0.028405410              0.02229492
12  -0.0030421244                        2.969947                        2.883912    -0.008420605              0.02323041
13  -0.0028438035                        3.000000                        2.980844     0.008246918              0.01734758
14  -0.0050766754                        2.969947                        2.969947    -0.002323999              0.03391158
15  -0.0025401405                        2.793575                        2.768439     0.029025084              0.02600387
16  -0.0013848042                        2.816437                        2.864411     0.042416785              0.02691934
17  -0.0026345059                        2.598124                        2.693518     0.048586660              0.03757401
18  -0.0031990052                        2.453082                        2.593332     0.003720327              0.02002637
19  -0.0038834520                        2.670152                        2.662437    -0.006141925              0.02480201
20  -0.0061678223                        2.590599                        2.579365     0.024993882              0.02186920
21  -0.0082153254                        2.414448                        2.501432     0.017681720              0.02278745
22  -0.0038337933                        2.483634                        2.374794     0.021370449              0.03620964
23  -0.0037118666                        2.330186                        2.378875     0.034784574              0.01981848
24  -0.0074945048                        2.347553                        2.521351     0.026361361              0.02549842
25  -0.0013923777                        2.527644                        2.537525     0.038444527              0.02259084
26  -0.0323024825                        2.495654                        2.537525     0.019694440              0.03781474
27  -0.0854411723                        2.537525                        2.588670     0.009814561              0.03578346
28  -0.2066855409                        2.537525                        2.399339    -0.050912346             -0.07956922
29  -0.2222371831                        2.623311                        2.623311    -0.090824177             -0.77070172
30  -0.1841908879                        3.000000                        2.610335    -0.010450429              0.21339722
31  -0.1193308969                        2.681402                        2.473736     0.053592068              0.21330076
32  -0.0946196082                        2.887446                        2.731703     0.061866907              0.02971606
33  -0.0475768245                        3.000000                        2.980844     0.053808986              0.15791953
34  -0.0906566922                        2.980844                        2.742111     0.028930510              0.07717705
35  -0.0526150840                        2.836102                        2.702108     0.011918979              0.10115859
36  -0.0325940568                        2.962508                        2.819740     0.024543630              0.04507153
37  -0.0356827305                        3.000000                        2.980844     0.057557700              0.01677041
38  -0.0093038834                        3.046669                        3.028186     0.028496735              0.06736316
39   0.0109093722                        3.090884                        3.000000     0.045997380              0.05066022
40   0.0255118774                        3.244256                        3.092952     0.059503194              0.06160136
41   0.0611908763                        3.360180                        3.098045     0.082225516              0.03720211
42   0.0431992421                        4.000000                        3.569710     0.082531234              0.06412900
43   0.0393511315                        4.801745                        3.546918     0.098347464              0.05475905
44   0.0353885334                        4.842451                        3.711669     0.054649100              0.08879717
45   0.0308527134                        5.179827                        3.999662     0.049840953              0.06602323
46   0.0429110114                        5.310169                        4.193985     0.052018077              0.07861505
47   0.0392947412                        5.653467                        4.211177     0.114305741              0.06819482
48   0.0301624281                        6.000000                        4.011200     0.098833469              0.06879133
49   0.0447051462                        5.990274                        4.000000     0.097421769              0.06937609
   pandemic_lag_2 inflation_expectations_1y_lag_2 inflation_expectations_3y_lag_2 inflation_lag_2 economic_activity_lag_2
3    0.0012620483                        2.711993                        2.793575     0.052137819              0.02580719
4   -0.0010615664                        2.831908                        2.884280     0.032745451              0.02976223
5   -0.0005936462                        2.752288                        2.908013     0.002310570              0.03672057
6    0.0009208198                        2.980844                        2.969947     0.031662657              0.02660601
7    0.0010173250                        2.980844                        2.961960     0.027403122              0.04356130
8    0.0012591495                        2.980844                        3.000000     0.010862582              0.01757053
9    0.0002588005                        2.982717                        2.883912     0.009406502              0.03236078
10  -0.0024647887                        3.000000                        3.000000     0.021640425              0.02930438
11  -0.0013215332                        2.995079                        3.000000     0.025003951              0.02923299
12  -0.0022975851                        3.000000                        3.000000     0.028405410              0.02229492
13  -0.0030421244                        2.969947                        2.883912    -0.008420605              0.02323041
14  -0.0028438035                        3.000000                        2.980844     0.008246918              0.01734758
15  -0.0050766754                        2.969947                        2.969947    -0.002323999              0.03391158
16  -0.0025401405                        2.793575                        2.768439     0.029025084              0.02600387
17  -0.0013848042                        2.816437                        2.864411     0.042416785              0.02691934
18  -0.0026345059                        2.598124                        2.693518     0.048586660              0.03757401
19  -0.0031990052                        2.453082                        2.593332     0.003720327              0.02002637
20  -0.0038834520                        2.670152                        2.662437    -0.006141925              0.02480201
21  -0.0061678223                        2.590599                        2.579365     0.024993882              0.02186920
22  -0.0082153254                        2.414448                        2.501432     0.017681720              0.02278745
23  -0.0038337933                        2.483634                        2.374794     0.021370449              0.03620964
24  -0.0037118666                        2.330186                        2.378875     0.034784574              0.01981848
25  -0.0074945048                        2.347553                        2.521351     0.026361361              0.02549842
26  -0.0013923777                        2.527644                        2.537525     0.038444527              0.02259084
27  -0.0323024825                        2.495654                        2.537525     0.019694440              0.03781474
28  -0.0854411723                        2.537525                        2.588670     0.009814561              0.03578346
29  -0.2066855409                        2.537525                        2.399339    -0.050912346             -0.07956922
30  -0.2222371831                        2.623311                        2.623311    -0.090824177             -0.77070172
31  -0.1841908879                        3.000000                        2.610335    -0.010450429              0.21339722
32  -0.1193308969                        2.681402                        2.473736     0.053592068              0.21330076
33  -0.0946196082                        2.887446                        2.731703     0.061866907              0.02971606
34  -0.0475768245                        3.000000                        2.980844     0.053808986              0.15791953
35  -0.0906566922                        2.980844                        2.742111     0.028930510              0.07717705
36  -0.0526150840                        2.836102                        2.702108     0.011918979              0.10115859
37  -0.0325940568                        2.962508                        2.819740     0.024543630              0.04507153
38  -0.0356827305                        3.000000                        2.980844     0.057557700              0.01677041
39  -0.0093038834                        3.046669                        3.028186     0.028496735              0.06736316
40   0.0109093722                        3.090884                        3.000000     0.045997380              0.05066022
41   0.0255118774                        3.244256                        3.092952     0.059503194              0.06160136
42   0.0611908763                        3.360180                        3.098045     0.082225516              0.03720211
43   0.0431992421                        4.000000                        3.569710     0.082531234              0.06412900
44   0.0393511315                        4.801745                        3.546918     0.098347464              0.05475905
45   0.0353885334                        4.842451                        3.711669     0.054649100              0.08879717
46   0.0308527134                        5.179827                        3.999662     0.049840953              0.06602323
47   0.0429110114                        5.310169                        4.193985     0.052018077              0.07861505
48   0.0392947412                        5.653467                        4.211177     0.114305741              0.06819482
49   0.0301624281                        6.000000                        4.011200     0.098833469              0.06879133
   dummy Jan Feb Mar Apr May Jun Jul Aug Sep Oct
3      0   0   0   0   1   0   0   0   0   0   0
4      0   0   0   0   0   1   0   0   0   0   0
5      0   0   0   0   0   0   1   0   0   0   0
6      0   0   0   0   0   0   0   1   0   0   0
7      0   0   0   0   0   0   0   0   1   0   0
8      0   0   0   0   0   0   0   0   0   1   0
9      0   0   0   0   0   0   0   0   0   0   1
10     0   0   0   0   0   0   0   0   0   0   0
11     0   0   0   0   0   0   0   0   0   0   0
12     0   1   0   0   0   0   0   0   0   0   0
13     0   0   1   0   0   0   0   0   0   0   0
14     0   0   0   1   0   0   0   0   0   0   0
15     0   0   0   0   1   0   0   0   0   0   0
16     0   0   0   0   0   1   0   0   0   0   0
17     0   0   0   0   0   0   1   0   0   0   0
18     0   0   0   0   0   0   0   1   0   0   0
19     0   0   0   0   0   0   0   0   1   0   0
20     0   0   0   0   0   0   0   0   0   1   0
21     0   0   0   0   0   0   0   0   0   0   1
22     0   0   0   0   0   0   0   0   0   0   0
23     0   0   0   0   0   0   0   0   0   0   0
24     0   1   0   0   0   0   0   0   0   0   0
25     0   0   1   0   0   0   0   0   0   0   0
26     0   0   0   1   0   0   0   0   0   0   0
27     1   0   0   0   1   0   0   0   0   0   0
28     1   0   0   0   0   1   0   0   0   0   0
29     1   0   0   0   0   0   1   0   0   0   0
30     1   0   0   0   0   0   0   1   0   0   0
31     0   0   0   0   0   0   0   0   1   0   0
32     1   0   0   0   0   0   0   0   0   1   0
33     0   0   0   0   0   0   0   0   0   0   1
34     1   0   0   0   0   0   0   0   0   0   0
35     0   0   0   0   0   0   0   0   0   0   0
36     0   1   0   0   0   0   0   0   0   0   0
37     0   0   1   0   0   0   0   0   0   0   0
38     0   0   0   1   0   0   0   0   0   0   0
39     0   0   0   0   1   0   0   0   0   0   0
40     0   0   0   0   0   1   0   0   0   0   0
41     0   0   0   0   0   0   1   0   0   0   0
42     0   0   0   0   0   0   0   1   0   0   0
43     0   0   0   0   0   0   0   0   1   0   0
44     0   0   0   0   0   0   0   0   0   1   0
45     0   0   0   0   0   0   0   0   0   0   1
46     0   0   0   0   0   0   0   0   0   0   0
47     0   0   0   0   0   0   0   0   0   0   0
48     0   1   0   0   0   0   0   0   0   0   0
49     0   0   1   0   0   0   0   0   0   0   0
 [ reached getOption("max.print") -- omitted 12 rows ]


attr(,"class")
[1] "lpirfs_lin_obj"
