[1] "politics"             "djn level estimation"
                   1             2             3             4             5             6
AIC(n) -2.529691e+01 -2.515808e+01 -2.528898e+01 -2.565663e+01 -2.669524e+01 -2.859219e+01
HQ(n)  -2.408948e+01 -2.359552e+01 -2.337129e+01 -2.338382e+01 -2.406730e+01 -2.560912e+01
SC(n)  -2.216611e+01 -2.110644e+01 -2.031651e+01 -1.976334e+01 -1.988112e+01 -2.085725e+01
FPE(n)  1.152787e-11  1.523896e-11  1.703223e-11  1.754891e-11  1.184806e-11  5.250198e-12
                   1             2             3             4             5             6
AIC(n) -2.529691e+01 -2.515808e+01 -2.528898e+01 -2.565663e+01 -2.669524e+01 -2.859219e+01
HQ(n)  -2.408948e+01 -2.359552e+01 -2.337129e+01 -2.338382e+01 -2.406730e+01 -2.560912e+01
SC(n)  -2.216611e+01 -2.110644e+01 -2.031651e+01 -1.976334e+01 -1.988112e+01 -2.085725e+01
FPE(n)  1.152787e-11  1.523896e-11  1.703223e-11  1.754891e-11  1.184806e-11  5.250198e-12
$irf_lin_mean
, , 1

            [,1]         [,2]          [,3]          [,4]        [,5]         [,6]         [,7]          [,8]          [,9]
[1,] 0.010473612 -0.000828904 -0.0006479595 -0.0001223186 0.001182027 -0.002252740  0.002033446  0.0007775114 -0.0007586706
[2,] 0.039376865  0.003414068  0.0066429789  0.0509749524 0.009063099  0.006135202  0.029321348  0.0392538825 -0.0348067124
[3,] 0.035811864  0.004744021  0.0039950322  0.0130706978 0.018537719 -0.004405017  0.021118714  0.0227925143 -0.0331886617
[4,] 0.006358872  0.002934225 -0.0043130012 -0.0041717766 0.001402240 -0.002218531 -0.004101693  0.0018941527  0.0064964196
[5,] 0.004308158 -0.001422692 -0.0108193060 -0.0196872558 0.020189151  0.009586413 -0.041224057 -0.0076521101  0.0486930841
             [,10]         [,11]         [,12]         [,13]
[1,] -0.0008642161 -0.0001409924 -0.0003178166 -3.678092e-03
[2,] -0.0137288036  0.0345692386  0.0102647309 -1.827750e-03
[3,]  0.0221944648  0.0075646720  0.0136541343 -5.604748e-02
[4,]  0.0072873610  0.0127087959  0.0071836964  1.929652e-03
[5,]  0.0054549892  0.0236554685  0.0207639089 -5.500755e-05

, , 2

             [,1]         [,2]         [,3]          [,4]         [,5]         [,6]          [,7]          [,8]
[1,]  0.000000000 0.0004163757  0.001297751  0.0005132313  0.001432697 -0.001720151 -0.0008928087 -0.0011086356
[2,]  0.211997491 0.0459325435 -0.005204187  0.0758977492  0.079656231  0.029236474  0.0127103507  0.0456273374
[3,]  0.093771287 0.0091514041  0.002393179  0.0104912515  0.020120460 -0.036041408  0.0058208127 -0.0037478768
[4,]  0.008556211 0.0067697680  0.003153619  0.0131514409  0.010291784  0.007864140  0.0116530117  0.0196393063
[5,] -0.020996223 0.0220224610  0.010484255 -0.0005058278 -0.007531485  0.008300678  0.0320760683 -0.0002547952
              [,9]        [,10]        [,11]        [,12]        [,13]
[1,] -0.0003109812 -0.001002720 -0.001198315 -0.001754902  0.001876426
[2,] -0.0005849053 -0.028946793 -0.003048473 -0.024822575 -0.077697525
[3,]  0.0005165150 -0.047696421 -0.025280709 -0.031082138 -0.047374318
[4,]  0.0123746090  0.008082556  0.006583178  0.013941715  0.019972087
[5,]  0.0167925954  0.007077688 -0.021469449  0.032868368  0.022029117

, , 3

             [,1]          [,2]          [,3]          [,4]          [,5]          [,6]         [,7]          [,8]
[1,]  0.000000000 -0.0004702964  0.0005648789  0.0009843092  6.152013e-06  6.759741e-05 0.0006418762  0.0004576588
[2,]  0.000000000  0.1256952403 -0.0468627407  0.0314640904 -1.248012e-02  3.540873e-02 0.1351979311 -0.0271301462
[3,]  0.173054489  0.0054857746  0.0137609504 -0.0314963377 -3.144149e-02  5.314429e-02 0.0306467602  0.0714957680
[4,] -0.006343854  0.0057328471 -0.0022102908 -0.0054400709  1.036456e-03 -3.924610e-03 0.0070343945  0.0078967304
[5,]  0.005008939  0.0122934690  0.0011157048 -0.0038887788  1.118433e-02 -2.464632e-02 0.0043562986  0.0409318082
             [,9]        [,10]        [,11]        [,12]       [,13]
[1,] -0.001821980 0.0007227392  0.001899932 -0.002927716 0.003129844
[2,]  0.093935783 0.0060444981  0.132368937  0.003815758 0.021443174
[3,] -0.006030955 0.0428132117 -0.013147401 -0.051913068 0.011444009
[4,]  0.011652119 0.0115517922  0.008442970  0.006913147 0.001537660
[5,]  0.012009392 0.0177789026 -0.021777712  0.016506360 0.007602970

, , 4

           [,1]          [,2]         [,3]          [,4]         [,5]         [,6]         [,7]          [,8]         [,9]
[1,] 0.00000000 -0.0005034099 -0.001374654 -0.0004387634 -0.001591169  0.001278082  0.002578088 -0.0005712272 -0.001624381
[2,] 0.00000000  0.0249485152  0.017432759 -0.0352927635  0.002806249  0.001634013 -0.013665717 -0.0434876192 -0.010399103
[3,] 0.00000000 -0.0098815264 -0.025230271 -0.0342684206 -0.009715567  0.017217642 -0.002004679 -0.0307022145 -0.023000916
[4,] 0.02884650  0.0179433089  0.011740680  0.0082218556  0.009843120  0.012109450  0.011424036  0.0121462323  0.013119335
[5,] 0.04559862  0.0158740990 -0.007678668  0.0129871177  0.010422744 -0.006478068  0.001485418  0.0245669270 -0.002200405
             [,10]         [,11]         [,12]         [,13]
[1,]  6.821514e-05 -0.0001382603 -0.0002540861 -0.0008290215
[2,]  7.423957e-03  0.0178956365  0.0210142633  0.0204433296
[3,] -4.278996e-03  0.0030660648  0.0019019384  0.0232644043
[4,]  1.321545e-02  0.0149429065  0.0092452368  0.0003645793
[5,]  1.328154e-02  0.0238320022 -0.0066131055 -0.0214914680

, , 5

           [,1]          [,2]          [,3]          [,4]          [,5]          [,6]        [,7]         [,8]          [,9]
[1,] 0.00000000  6.354591e-05 -0.0007849961  0.0005198118  6.156016e-05  0.0005969605 0.001448664 -0.001005665 -0.0005272461
[2,] 0.00000000 -3.469890e-02  0.0979291420  0.0130503926 -3.040382e-02  0.0097253781 0.085052315  0.014463712  0.0482699259
[3,] 0.00000000  1.626864e-02  0.0666919456 -0.0203938432 -4.058864e-02  0.0449055580 0.037055155  0.016980410  0.0160254918
[4,] 0.00000000  2.294091e-04 -0.0024819060 -0.0054000430 -5.427196e-03 -0.0028751251 0.007555712  0.004013194 -0.0016399073
[5,] 0.09490798 -1.532117e-02 -0.0257357054  0.0115747909 -8.404191e-03  0.0070076167 0.004893428  0.002359429  0.0150218238
             [,10]        [,11]         [,12]        [,13]
[1,] -0.0005675632  0.001904908  0.0001910498  0.002182276
[2,]  0.0123112142  0.055092877  0.0504070683  0.027592017
[3,] -0.0139149132  0.030254573 -0.0029235831  0.044785653
[4,]  0.0029323938  0.001268852  0.0036098037 -0.002033803
[5,]  0.0013327876 -0.010028576  0.0156965250 -0.020745487


$irf_lin_low
, , 1

            [,1]         [,2]         [,3]         [,4]         [,5]         [,6]          [,7]         [,8]         [,9]
[1,] 0.010473612 -0.004687164 -0.004733821 -0.004334564 -0.002726970 -0.006317539 -0.0006049598 -0.003272929 -0.004261284
[2,] 0.039376865 -0.068376131 -0.072459231 -0.017179605 -0.056295937 -0.071550925 -0.0391690440 -0.055955749 -0.107322316
[3,] 0.035811864 -0.054411069 -0.058515033 -0.050325967 -0.028094835 -0.064905710 -0.0294868176 -0.025261149 -0.095914954
[4,] 0.006358872 -0.006067478 -0.017699614 -0.017422236 -0.008347318 -0.013549098 -0.0189764855 -0.011487462 -0.003274825
[5,] 0.004308158 -0.033861671 -0.039371131 -0.059912488 -0.009180623 -0.026826467 -0.1037816246 -0.049466525  0.007208453
            [,10]        [,11]        [,12]        [,13]
[1,] -0.003934985 -0.002882610 -0.002962857 -0.005875636
[2,] -0.115111770 -0.071297872 -0.087120419 -0.053957457
[3,] -0.028884220 -0.080412894 -0.060966840 -0.099925177
[4,] -0.004262004 -0.001573605 -0.004506149 -0.007360757
[5,] -0.016454874 -0.015850899 -0.011120733 -0.028542624

, , 2

             [,1]         [,2]         [,3]          [,4]         [,5]         [,6]         [,7]         [,8]         [,9]
[1,]  0.000000000 -0.003592649 -0.001697153 -0.0036552230 -0.002670666 -0.006344361 -0.004984765 -0.004911186 -0.003673319
[2,]  0.211997491 -0.047929730 -0.101608733 -0.0144835312  0.001032976 -0.075281022 -0.073862866 -0.113355129 -0.095191055
[3,]  0.093771287 -0.069360542 -0.077560333 -0.0668152110 -0.042700831 -0.098567077 -0.059690482 -0.107153555 -0.073193293
[4,]  0.008556211 -0.003666646 -0.008347731 -0.0007094928 -0.005705316 -0.007437089 -0.003034416  0.005033985  0.001294918
[5,] -0.020996223 -0.009775677 -0.016153081 -0.0208025923 -0.048496843 -0.040285898 -0.012307239 -0.059294740 -0.017890369
            [,10]        [,11]        [,12]         [,13]
[1,] -0.005599862 -0.004510722 -0.005905415 -0.0008106706
[2,] -0.173511337 -0.113932262 -0.187891069 -0.1696626360
[3,] -0.118927238 -0.111267632 -0.163292460 -0.1046303344
[4,] -0.008867192 -0.009491878 -0.002138361 -0.0009636787
[5,] -0.030457572 -0.080072236 -0.027789959 -0.0229953334

, , 3

             [,1]          [,2]         [,3]          [,4]         [,5]         [,6]          [,7]          [,8]
[1,]  0.000000000 -0.0026700576 -0.001188821 -0.0002855164 -0.001798089 -0.002041215 -0.0013201562 -1.168798e-03
[2,]  0.000000000  0.0854348029 -0.103072906 -0.0095609912 -0.053666062  0.002747746  0.0943941239 -1.012741e-01
[3,]  0.173054489 -0.0363600666 -0.024123378 -0.0652491661 -0.062464492  0.024706971 -0.0021389505  3.255014e-02
[4,] -0.006343854 -0.0003311878 -0.009614224 -0.0123148818 -0.005772779 -0.010713776  0.0005798239 -4.993685e-05
[5,]  0.005008939 -0.0090027098 -0.015163994 -0.0198735985 -0.001163502 -0.058451571 -0.0090461269  4.417688e-03
             [,9]        [,10]         [,11]         [,12]        [,13]
[1,] -0.004011821 -0.001530280  0.0005763873 -5.215263e-03  0.001979203
[2,]  0.045377475 -0.048910296  0.0680735112 -6.082315e-02 -0.040046455
[3,] -0.038071084 -0.007480713 -0.0661795923 -1.006970e-01 -0.018129163
[4,]  0.002213840  0.006451005  0.0014442575 -2.900485e-05 -0.008928472
[5,] -0.003951621 -0.003253378 -0.0434328238  2.228404e-03  0.000249665

, , 4

           [,1]         [,2]         [,3]         [,4]          [,5]         [,6]          [,7]          [,8]         [,9]
[1,] 0.00000000 -0.003105181 -0.003752816 -0.002597430 -0.0051099967 -0.001367388  0.0001475487 -0.0039542682 -0.003553541
[2,] 0.00000000 -0.043603431 -0.059588414 -0.125901875 -0.0570785626 -0.074607698 -0.0744425949 -0.1256368408 -0.072265807
[3,] 0.00000000 -0.067931775 -0.086286472 -0.084053003 -0.0562984300 -0.022367092 -0.0411364423 -0.0751708958 -0.069555157
[4,] 0.02884650  0.006933555 -0.002519865 -0.003661039  0.0002304095  0.001116846 -0.0003306819  0.0023909862  0.005041868
[5,] 0.04559862 -0.023961397 -0.033362414 -0.003889802 -0.0137074520 -0.024662676 -0.0160449005 -0.0007421291 -0.025056114
            [,10]        [,11]        [,12]        [,13]
[1,] -0.002610367 -0.002986291 -0.003183305 -0.002924339
[2,] -0.090691691 -0.059337102 -0.094499499 -0.028255458
[3,] -0.053395396 -0.052774713 -0.067916775 -0.021920152
[4,]  0.001463411  0.004195563 -0.002824335 -0.007382213
[5,] -0.011730011 -0.013450637 -0.043938157 -0.062905006

, , 5

           [,1]         [,2]        [,3]          [,4]         [,5]         [,6]          [,7]         [,8]          [,9]
[1,] 0.00000000 -0.001293086 -0.00183889 -0.0005088248 -0.001571256 -0.000386512  0.0002887131 -0.002628505 -0.0020893740
[2,] 0.00000000 -0.071904155  0.05216590 -0.0330993251 -0.053797708 -0.018519390  0.0511406514 -0.028513196  0.0185621941
[3,] 0.00000000 -0.016316314  0.03870544 -0.0438527246 -0.066154429  0.027063842  0.0209406106 -0.009867957 -0.0001578169
[4,] 0.00000000 -0.007047224 -0.01302671 -0.0107571901 -0.008651382 -0.008414682  0.0020574100 -0.001431175 -0.0066964951
[5,] 0.09490798 -0.044493266 -0.04662170  0.0041709867 -0.015253638 -0.003541117 -0.0075460955 -0.003049483 -0.0001439860
            [,10]         [,11]        [,12]        [,13]
[1,] -0.002003226  0.0004480477 -0.001419425  0.001213287
[2,] -0.024684494  0.0174073067  0.006070372 -0.007520290
[3,] -0.048228189  0.0007869218 -0.036043801  0.023552156
[4,] -0.002291672 -0.0038602344 -0.004034834 -0.008653408
[5,] -0.005658223 -0.0253193417 -0.005664929 -0.058847934


$irf_lin_up
, , 1

            [,1]        [,2]        [,3]        [,4]        [,5]        [,6]        [,7]        [,8]        [,9]       [,10]
[1,] 0.010473612 0.003029356 0.003437902 0.004089926 0.005091024 0.001812059 0.004671851 0.004827951 0.002743943 0.002206553
[2,] 0.039376865 0.075204266 0.085745188 0.119129510 0.074422135 0.083821330 0.097811740 0.134463514 0.037708891 0.087654163
[3,] 0.035811864 0.063899111 0.066505097 0.076467363 0.065170273 0.056095675 0.071724246 0.070846177 0.029537631 0.073273150
[4,] 0.006358872 0.011935928 0.009073612 0.009078683 0.011151797 0.009112036 0.010773099 0.015275767 0.016267664 0.018836726
[5,] 0.004308158 0.031016288 0.017732519 0.020537976 0.049558925 0.045999293 0.021333510 0.034162304 0.090177716 0.027364852
           [,11]       [,12]        [,13]
[1,] 0.002600625 0.002327224 -0.001480549
[2,] 0.140436349 0.107649881  0.050301957
[3,] 0.095542238 0.088275109 -0.012169775
[4,] 0.026991196 0.018873542  0.011220060
[5,] 0.063161836 0.052648550  0.028432609

, , 2

             [,1]        [,2]        [,3]        [,4]        [,5]        [,6]        [,7]        [,8]        [,9]
[1,]  0.000000000 0.004425401 0.004292656 0.004681686 0.005536059 0.002904059 0.003199148 0.002693915 0.003051357
[2,]  0.211997491 0.139794817 0.091200359 0.166279030 0.158279486 0.133753970 0.099283568 0.204609804 0.094021244
[3,]  0.093771287 0.087663350 0.082346691 0.087797714 0.082941751 0.026484260 0.071332107 0.099657802 0.074226323
[4,]  0.008556211 0.017206182 0.014654969 0.027012375 0.026288884 0.023165369 0.026340440 0.034244628 0.023454300
[5,] -0.020996223 0.053820599 0.037121592 0.019790937 0.033433874 0.056887254 0.076459375 0.058785150 0.051475559
           [,10]       [,11]       [,12]       [,13]
[1,] 0.003594422 0.002114092 0.002395611 0.004563523
[2,] 0.115617751 0.107835316 0.138245919 0.014267586
[3,] 0.023534396 0.060706213 0.101128184 0.009881698
[4,] 0.025032304 0.022658234 0.030021791 0.040907854
[5,] 0.044612948 0.037133339 0.093526694 0.067053567

, , 3

             [,1]        [,2]        [,3]        [,4]          [,5]        [,6]        [,7]        [,8]         [,9]
[1,]  0.000000000 0.001729465 0.002318579 0.002254135  0.0018103933 0.002176410 0.002603908 0.002084116 0.0003678605
[2,]  0.000000000 0.165955678 0.009347425 0.072489172  0.0287058268 0.068069705 0.176001738 0.047013766 0.1424940922
[3,]  0.173054489 0.047331616 0.051645279 0.002256491 -0.0004184849 0.081581611 0.063432471 0.110441396 0.0260091746
[4,] -0.006343854 0.011796882 0.005193642 0.001434740  0.0078456907 0.002864557 0.013488965 0.015843398 0.0210903978
[5,]  0.005008939 0.033589648 0.017395403 0.012096041  0.0235321670 0.009158928 0.017758724 0.077445929 0.0279704043
           [,10]         [,11]         [,12]       [,13]
[1,] 0.002975759  0.0032234763 -0.0006401693 0.004280486
[2,] 0.060999292  0.1966643633  0.0684546617 0.082932803
[3,] 0.093107137  0.0398847897 -0.0031291013 0.041017180
[4,] 0.016652579  0.0154416825  0.0138552987 0.012003792
[5,] 0.038811183 -0.0001225995  0.0307843169 0.014956274

, , 4

           [,1]        [,2]        [,3]        [,4]        [,5]        [,6]        [,7]        [,8]         [,9]       [,10]
[1,] 0.00000000 0.002098361 0.001003509 0.001719903 0.001927659 0.003923552 0.005008628 0.002811814 0.0003047779 0.002746797
[2,] 0.00000000 0.093500461 0.094453932 0.055316348 0.062691060 0.077875724 0.047111161 0.038661602 0.0514676009 0.105539605
[3,] 0.00000000 0.048168722 0.035825930 0.015516161 0.036867297 0.056802377 0.037127085 0.013766467 0.0235533257 0.044837404
[4,] 0.02884650 0.028953063 0.026001226 0.020104751 0.019455830 0.023102053 0.023178754 0.021901478 0.0211968013 0.024967487
[5,] 0.04559862 0.055709595 0.018005079 0.029864037 0.034552940 0.011706539 0.019015736 0.049875983 0.0206553046 0.038293085
           [,11]       [,12]       [,13]
[1,] 0.002709771 0.002675133 0.001266296
[2,] 0.095128375 0.136528026 0.069142117
[3,] 0.058906842 0.071720652 0.068448960
[4,] 0.025690250 0.021314809 0.008111371
[5,] 0.061114642 0.030711946 0.019922070

, , 5

           [,1]        [,2]          [,3]          [,4]         [,5]        [,6]        [,7]         [,8]        [,9]
[1,] 0.00000000 0.001420178  0.0002688975  1.548448e-03  0.001694376 0.001580433 0.002608614 0.0006171763 0.001034882
[2,] 0.00000000 0.002506361  0.1436923813  5.920011e-02 -0.007009941 0.037970146 0.118963979 0.0574406204 0.077977658
[3,] 0.00000000 0.048853603  0.0946784469  3.065038e-03 -0.015022851 0.062747274 0.053169699 0.0438287780 0.032208801
[4,] 0.00000000 0.007506042  0.0080628979 -4.289593e-05 -0.002203010 0.002664432 0.013054013 0.0094575630 0.003416681
[5,] 0.09490798 0.013850918 -0.0048497151  1.897860e-02 -0.001554744 0.017556350 0.017332952 0.0077683413 0.030187634
            [,10]       [,11]       [,12]       [,13]
[1,] 0.0008680993 0.003361768 0.001801524 0.003151265
[2,] 0.0493069222 0.092778447 0.094743764 0.062704325
[3,] 0.0203983630 0.059722224 0.030196635 0.066019151
[4,] 0.0081564596 0.006397937 0.011254442 0.004585802
[5,] 0.0083237982 0.005262190 0.037057979 0.017356959


$diagnostic_list
$diagnostic_list$`Shock: politics`
$diagnostic_list$`Shock: politics`[[1]]
                               R-sqrd. Adj. R-sqrd.    F-stat     p-value
h1:politics                  0.2100155   -0.0909310 0.6978499 0.779709559
h1:inflation_expectations_1y 0.3591423    0.1150060 1.4710731 0.156883926
h1:inflation_expectations_3y 0.1212598   -0.2134984 0.3622311 0.984565488
h1:inflation                 0.5140317    0.3289010 2.7765872 0.004099456
h1:economic_activity         0.3174030    0.0573660 1.2206071 0.293046181

$diagnostic_list$`Shock: politics`[[2]]
                               R-sqrd. Adj. R-sqrd.    F-stat   p-value
h2:politics                  0.2369063  -0.06088631 0.7955413 0.6818117
h2:inflation_expectations_1y 0.3122298   0.04383174 1.1633087 0.3355907
h2:inflation_expectations_3y 0.2196438  -0.08488547 0.7212568 0.7566954
h2:inflation                 0.2461433  -0.04804472 0.8366870 0.6393309
h2:economic_activity         0.2891185   0.01170128 1.0421794 0.4365434

$diagnostic_list$`Shock: politics`[[3]]
                               R-sqrd. Adj. R-sqrd.   F-stat   p-value
h3:politics                  0.2085374 -0.108047631 0.658709 0.8151556
h3:inflation_expectations_1y 0.2950329  0.013046100 1.046265 0.4334857
h3:inflation_expectations_3y 0.1541358 -0.184209950 0.455557 0.9542212
h3:inflation                 0.2910519  0.007472623 1.026351 0.4515330
h3:economic_activity         0.3325677  0.065594776 1.245698 0.2782756

$diagnostic_list$`Shock: politics`[[4]]
                               R-sqrd. Adj. R-sqrd.    F-stat   p-value
h4:politics                  0.2405423  -0.07103004 0.7720272 0.7053610
h4:inflation_expectations_1y 0.2627580  -0.03970023 0.8687414 0.6062824
h4:inflation_expectations_3y 0.2207507  -0.09894126 0.6905107 0.7854488
h4:inflation                 0.2316667  -0.08354699 0.7349512 0.7425039
h4:economic_activity         0.3115724   0.02914060 1.1031775 0.3851497

$diagnostic_list$`Shock: politics`[[5]]
                               R-sqrd. Adj. R-sqrd.    F-stat   p-value
h5:politics                  0.2762628  -0.02846865 0.9065779 0.5679876
h5:inflation_expectations_1y 0.1765758  -0.17012912 0.5092971 0.9261876
h5:inflation_expectations_3y 0.2455909  -0.07205507 0.7731592 0.7039411
h5:inflation                 0.2676219  -0.04074785 0.8678604 0.6072121
h5:economic_activity         0.2118032  -0.12006918 0.6382067 0.8322303

$diagnostic_list$`Shock: politics`[[6]]
                               R-sqrd.  Adj. R-sqrd.    F-stat   p-value
h6:politics                  0.2642779 -0.0538721778 0.8306706 0.6451616
h6:inflation_expectations_1y 0.3801388  0.1120906944 1.4181738 0.1865097
h6:inflation_expectations_3y 0.1957576 -0.1520229631 0.5628767 0.8911436
h6:inflation                 0.3021161  0.0003284792 1.0010884 0.4765694
h6:economic_activity         0.3009635 -0.0013225202 0.9956249 0.4816685

$diagnostic_list$`Shock: politics`[[7]]
                               R-sqrd. Adj. R-sqrd.    F-stat   p-value
h7:politics                  0.2595985  -0.06946879 0.7888919 0.6874950
h7:inflation_expectations_1y 0.2576580  -0.07227171 0.7809482 0.6955190
h7:inflation_expectations_3y 0.2644566  -0.06245156 0.8089630 0.6671399
h7:inflation                 0.3893877   0.11800447 1.4348259 0.1804911
h7:economic_activity         0.3670531   0.08574340 1.3048007 0.2468690

$diagnostic_list$`Shock: politics`[[8]]
                               R-sqrd. Adj. R-sqrd.    F-stat    p-value
h8:politics                  0.3069372 -0.009891472 0.9687797 0.50800876
h8:inflation_expectations_1y 0.2463581 -0.098163927 0.7150721 0.76024195
h8:inflation_expectations_3y 0.2550769 -0.085459359 0.7490448 0.72707700
h8:inflation                 0.2843634 -0.042784828 0.8692188 0.60594435
h8:economic_activity         0.4477752  0.195329583 1.7737491 0.07748045

$diagnostic_list$`Shock: politics`[[9]]
                               R-sqrd. Adj. R-sqrd.    F-stat   p-value
h9:politics                  0.2596146  -0.08880199 0.7451270 0.7305425
h9:inflation_expectations_1y 0.2617845  -0.08561100 0.7535633 0.7222211
h9:inflation_expectations_3y 0.2719255  -0.07069778 0.7936574 0.6821806
h9:inflation                 0.2985197  -0.03158863 0.9043083 0.5710017
h9:economic_activity         0.2811424  -0.05714357 0.8310791 0.6444237

$diagnostic_list$`Shock: politics`[[10]]
                                R-sqrd. Adj. R-sqrd.    F-stat   p-value
h10:politics                  0.2367686  -0.13328299 0.6398259 0.8279880
h10:inflation_expectations_1y 0.3571323   0.04543884 1.1457806 0.3575646
h10:inflation_expectations_3y 0.2557479  -0.10510165 0.7087383 0.7653008
h10:inflation                 0.3620551   0.05274853 1.1705380 0.3391283
h10:economic_activity         0.3515365   0.03712994 1.1180953 0.3790217

$diagnostic_list$`Shock: politics`[[11]]
                                R-sqrd. Adj. R-sqrd.    F-stat   p-value
h11:politics                  0.3266550  -0.01001745 0.9702457 0.5081628
h11:inflation_expectations_1y 0.2904316  -0.06435264 0.8186147 0.6566807
h11:inflation_expectations_3y 0.1993113  -0.20103312 0.4978495 0.9297041
h11:inflation                 0.2957781  -0.05633289 0.8400138 0.6352486
h11:economic_activity         0.3625257   0.04378858 1.1373815 0.3652444

$diagnostic_list$`Shock: politics`[[12]]
                                R-sqrd. Adj. R-sqrd.    F-stat    p-value
h12:politics                  0.5021302  0.245165133 1.9540796 0.05367541
h12:inflation_expectations_1y 0.2656172 -0.113419123 0.7007698 0.77169790
h12:inflation_expectations_3y 0.3610744  0.031306332 1.0949344 0.39990478
h12:inflation                 0.2946534 -0.069396456 0.8093765 0.66571647
h12:economic_activity         0.3428262  0.003639794 1.0107310 0.47175063


$diagnostic_list$`Shock: inflation_expectations_1y`
$diagnostic_list$`Shock: inflation_expectations_1y`[[1]]
                               R-sqrd. Adj. R-sqrd.    F-stat     p-value
h1:politics                  0.2100155   -0.0909310 0.6978499 0.779709559
h1:inflation_expectations_1y 0.3591423    0.1150060 1.4710731 0.156883926
h1:inflation_expectations_3y 0.1212598   -0.2134984 0.3622311 0.984565488
h1:inflation                 0.5140317    0.3289010 2.7765872 0.004099456
h1:economic_activity         0.3174030    0.0573660 1.2206071 0.293046181

$diagnostic_list$`Shock: inflation_expectations_1y`[[2]]
                               R-sqrd. Adj. R-sqrd.    F-stat   p-value
h2:politics                  0.2369063  -0.06088631 0.7955413 0.6818117
h2:inflation_expectations_1y 0.3122298   0.04383174 1.1633087 0.3355907
h2:inflation_expectations_3y 0.2196438  -0.08488547 0.7212568 0.7566954
h2:inflation                 0.2461433  -0.04804472 0.8366870 0.6393309
h2:economic_activity         0.2891185   0.01170128 1.0421794 0.4365434

$diagnostic_list$`Shock: inflation_expectations_1y`[[3]]
                               R-sqrd. Adj. R-sqrd.   F-stat   p-value
h3:politics                  0.2085374 -0.108047631 0.658709 0.8151556
h3:inflation_expectations_1y 0.2950329  0.013046100 1.046265 0.4334857
h3:inflation_expectations_3y 0.1541358 -0.184209950 0.455557 0.9542212
h3:inflation                 0.2910519  0.007472623 1.026351 0.4515330
h3:economic_activity         0.3325677  0.065594776 1.245698 0.2782756

$diagnostic_list$`Shock: inflation_expectations_1y`[[4]]
                               R-sqrd. Adj. R-sqrd.    F-stat   p-value
h4:politics                  0.2405423  -0.07103004 0.7720272 0.7053610
h4:inflation_expectations_1y 0.2627580  -0.03970023 0.8687414 0.6062824
h4:inflation_expectations_3y 0.2207507  -0.09894126 0.6905107 0.7854488
h4:inflation                 0.2316667  -0.08354699 0.7349512 0.7425039
h4:economic_activity         0.3115724   0.02914060 1.1031775 0.3851497

$diagnostic_list$`Shock: inflation_expectations_1y`[[5]]
                               R-sqrd. Adj. R-sqrd.    F-stat   p-value
h5:politics                  0.2762628  -0.02846865 0.9065779 0.5679876
h5:inflation_expectations_1y 0.1765758  -0.17012912 0.5092971 0.9261876
h5:inflation_expectations_3y 0.2455909  -0.07205507 0.7731592 0.7039411
h5:inflation                 0.2676219  -0.04074785 0.8678604 0.6072121
h5:economic_activity         0.2118032  -0.12006918 0.6382067 0.8322303

$diagnostic_list$`Shock: inflation_expectations_1y`[[6]]
                               R-sqrd.  Adj. R-sqrd.    F-stat   p-value
h6:politics                  0.2642779 -0.0538721778 0.8306706 0.6451616
h6:inflation_expectations_1y 0.3801388  0.1120906944 1.4181738 0.1865097
h6:inflation_expectations_3y 0.1957576 -0.1520229631 0.5628767 0.8911436
h6:inflation                 0.3021161  0.0003284792 1.0010884 0.4765694
h6:economic_activity         0.3009635 -0.0013225202 0.9956249 0.4816685

$diagnostic_list$`Shock: inflation_expectations_1y`[[7]]
                               R-sqrd. Adj. R-sqrd.    F-stat   p-value
h7:politics                  0.2595985  -0.06946879 0.7888919 0.6874950
h7:inflation_expectations_1y 0.2576580  -0.07227171 0.7809482 0.6955190
h7:inflation_expectations_3y 0.2644566  -0.06245156 0.8089630 0.6671399
h7:inflation                 0.3893877   0.11800447 1.4348259 0.1804911
h7:economic_activity         0.3670531   0.08574340 1.3048007 0.2468690

$diagnostic_list$`Shock: inflation_expectations_1y`[[8]]
                               R-sqrd. Adj. R-sqrd.    F-stat    p-value
h8:politics                  0.3069372 -0.009891472 0.9687797 0.50800876
h8:inflation_expectations_1y 0.2463581 -0.098163927 0.7150721 0.76024195
h8:inflation_expectations_3y 0.2550769 -0.085459359 0.7490448 0.72707700
h8:inflation                 0.2843634 -0.042784828 0.8692188 0.60594435
h8:economic_activity         0.4477752  0.195329583 1.7737491 0.07748045

$diagnostic_list$`Shock: inflation_expectations_1y`[[9]]
                               R-sqrd. Adj. R-sqrd.    F-stat   p-value
h9:politics                  0.2596146  -0.08880199 0.7451270 0.7305425
h9:inflation_expectations_1y 0.2617845  -0.08561100 0.7535633 0.7222211
h9:inflation_expectations_3y 0.2719255  -0.07069778 0.7936574 0.6821806
h9:inflation                 0.2985197  -0.03158863 0.9043083 0.5710017
h9:economic_activity         0.2811424  -0.05714357 0.8310791 0.6444237

$diagnostic_list$`Shock: inflation_expectations_1y`[[10]]
                                R-sqrd. Adj. R-sqrd.    F-stat   p-value
h10:politics                  0.2367686  -0.13328299 0.6398259 0.8279880
h10:inflation_expectations_1y 0.3571323   0.04543884 1.1457806 0.3575646
h10:inflation_expectations_3y 0.2557479  -0.10510165 0.7087383 0.7653008
h10:inflation                 0.3620551   0.05274853 1.1705380 0.3391283
h10:economic_activity         0.3515365   0.03712994 1.1180953 0.3790217

$diagnostic_list$`Shock: inflation_expectations_1y`[[11]]
                                R-sqrd. Adj. R-sqrd.    F-stat   p-value
h11:politics                  0.3266550  -0.01001745 0.9702457 0.5081628
h11:inflation_expectations_1y 0.2904316  -0.06435264 0.8186147 0.6566807
h11:inflation_expectations_3y 0.1993113  -0.20103312 0.4978495 0.9297041
h11:inflation                 0.2957781  -0.05633289 0.8400138 0.6352486
h11:economic_activity         0.3625257   0.04378858 1.1373815 0.3652444

$diagnostic_list$`Shock: inflation_expectations_1y`[[12]]
                                R-sqrd. Adj. R-sqrd.    F-stat    p-value
h12:politics                  0.5021302  0.245165133 1.9540796 0.05367541
h12:inflation_expectations_1y 0.2656172 -0.113419123 0.7007698 0.77169790
h12:inflation_expectations_3y 0.3610744  0.031306332 1.0949344 0.39990478
h12:inflation                 0.2946534 -0.069396456 0.8093765 0.66571647
h12:economic_activity         0.3428262  0.003639794 1.0107310 0.47175063


$diagnostic_list$`Shock: inflation_expectations_3y`
$diagnostic_list$`Shock: inflation_expectations_3y`[[1]]
                               R-sqrd. Adj. R-sqrd.    F-stat     p-value
h1:politics                  0.2100155   -0.0909310 0.6978499 0.779709559
h1:inflation_expectations_1y 0.3591423    0.1150060 1.4710731 0.156883926
h1:inflation_expectations_3y 0.1212598   -0.2134984 0.3622311 0.984565488
h1:inflation                 0.5140317    0.3289010 2.7765872 0.004099456
h1:economic_activity         0.3174030    0.0573660 1.2206071 0.293046181

$diagnostic_list$`Shock: inflation_expectations_3y`[[2]]
                               R-sqrd. Adj. R-sqrd.    F-stat   p-value
h2:politics                  0.2369063  -0.06088631 0.7955413 0.6818117
h2:inflation_expectations_1y 0.3122298   0.04383174 1.1633087 0.3355907
h2:inflation_expectations_3y 0.2196438  -0.08488547 0.7212568 0.7566954
h2:inflation                 0.2461433  -0.04804472 0.8366870 0.6393309
h2:economic_activity         0.2891185   0.01170128 1.0421794 0.4365434

$diagnostic_list$`Shock: inflation_expectations_3y`[[3]]
                               R-sqrd. Adj. R-sqrd.   F-stat   p-value
h3:politics                  0.2085374 -0.108047631 0.658709 0.8151556
h3:inflation_expectations_1y 0.2950329  0.013046100 1.046265 0.4334857
h3:inflation_expectations_3y 0.1541358 -0.184209950 0.455557 0.9542212
h3:inflation                 0.2910519  0.007472623 1.026351 0.4515330
h3:economic_activity         0.3325677  0.065594776 1.245698 0.2782756

$diagnostic_list$`Shock: inflation_expectations_3y`[[4]]
                               R-sqrd. Adj. R-sqrd.    F-stat   p-value
h4:politics                  0.2405423  -0.07103004 0.7720272 0.7053610
h4:inflation_expectations_1y 0.2627580  -0.03970023 0.8687414 0.6062824
h4:inflation_expectations_3y 0.2207507  -0.09894126 0.6905107 0.7854488
h4:inflation                 0.2316667  -0.08354699 0.7349512 0.7425039
h4:economic_activity         0.3115724   0.02914060 1.1031775 0.3851497

$diagnostic_list$`Shock: inflation_expectations_3y`[[5]]
                               R-sqrd. Adj. R-sqrd.    F-stat   p-value
h5:politics                  0.2762628  -0.02846865 0.9065779 0.5679876
h5:inflation_expectations_1y 0.1765758  -0.17012912 0.5092971 0.9261876
h5:inflation_expectations_3y 0.2455909  -0.07205507 0.7731592 0.7039411
h5:inflation                 0.2676219  -0.04074785 0.8678604 0.6072121
h5:economic_activity         0.2118032  -0.12006918 0.6382067 0.8322303

$diagnostic_list$`Shock: inflation_expectations_3y`[[6]]
                               R-sqrd.  Adj. R-sqrd.    F-stat   p-value
h6:politics                  0.2642779 -0.0538721778 0.8306706 0.6451616
h6:inflation_expectations_1y 0.3801388  0.1120906944 1.4181738 0.1865097
h6:inflation_expectations_3y 0.1957576 -0.1520229631 0.5628767 0.8911436
h6:inflation                 0.3021161  0.0003284792 1.0010884 0.4765694
h6:economic_activity         0.3009635 -0.0013225202 0.9956249 0.4816685

$diagnostic_list$`Shock: inflation_expectations_3y`[[7]]
                               R-sqrd. Adj. R-sqrd.    F-stat   p-value
h7:politics                  0.2595985  -0.06946879 0.7888919 0.6874950
h7:inflation_expectations_1y 0.2576580  -0.07227171 0.7809482 0.6955190
h7:inflation_expectations_3y 0.2644566  -0.06245156 0.8089630 0.6671399
h7:inflation                 0.3893877   0.11800447 1.4348259 0.1804911
h7:economic_activity         0.3670531   0.08574340 1.3048007 0.2468690

$diagnostic_list$`Shock: inflation_expectations_3y`[[8]]
                               R-sqrd. Adj. R-sqrd.    F-stat    p-value
h8:politics                  0.3069372 -0.009891472 0.9687797 0.50800876
h8:inflation_expectations_1y 0.2463581 -0.098163927 0.7150721 0.76024195
h8:inflation_expectations_3y 0.2550769 -0.085459359 0.7490448 0.72707700
h8:inflation                 0.2843634 -0.042784828 0.8692188 0.60594435
h8:economic_activity         0.4477752  0.195329583 1.7737491 0.07748045

$diagnostic_list$`Shock: inflation_expectations_3y`[[9]]
                               R-sqrd. Adj. R-sqrd.    F-stat   p-value
h9:politics                  0.2596146  -0.08880199 0.7451270 0.7305425
h9:inflation_expectations_1y 0.2617845  -0.08561100 0.7535633 0.7222211
h9:inflation_expectations_3y 0.2719255  -0.07069778 0.7936574 0.6821806
h9:inflation                 0.2985197  -0.03158863 0.9043083 0.5710017
h9:economic_activity         0.2811424  -0.05714357 0.8310791 0.6444237

$diagnostic_list$`Shock: inflation_expectations_3y`[[10]]
                                R-sqrd. Adj. R-sqrd.    F-stat   p-value
h10:politics                  0.2367686  -0.13328299 0.6398259 0.8279880
h10:inflation_expectations_1y 0.3571323   0.04543884 1.1457806 0.3575646
h10:inflation_expectations_3y 0.2557479  -0.10510165 0.7087383 0.7653008
h10:inflation                 0.3620551   0.05274853 1.1705380 0.3391283
h10:economic_activity         0.3515365   0.03712994 1.1180953 0.3790217

$diagnostic_list$`Shock: inflation_expectations_3y`[[11]]
                                R-sqrd. Adj. R-sqrd.    F-stat   p-value
h11:politics                  0.3266550  -0.01001745 0.9702457 0.5081628
h11:inflation_expectations_1y 0.2904316  -0.06435264 0.8186147 0.6566807
h11:inflation_expectations_3y 0.1993113  -0.20103312 0.4978495 0.9297041
h11:inflation                 0.2957781  -0.05633289 0.8400138 0.6352486
h11:economic_activity         0.3625257   0.04378858 1.1373815 0.3652444

$diagnostic_list$`Shock: inflation_expectations_3y`[[12]]
                                R-sqrd. Adj. R-sqrd.    F-stat    p-value
h12:politics                  0.5021302  0.245165133 1.9540796 0.05367541
h12:inflation_expectations_1y 0.2656172 -0.113419123 0.7007698 0.77169790
h12:inflation_expectations_3y 0.3610744  0.031306332 1.0949344 0.39990478
h12:inflation                 0.2946534 -0.069396456 0.8093765 0.66571647
h12:economic_activity         0.3428262  0.003639794 1.0107310 0.47175063


$diagnostic_list$`Shock: inflation`
$diagnostic_list$`Shock: inflation`[[1]]
                               R-sqrd. Adj. R-sqrd.    F-stat     p-value
h1:politics                  0.2100155   -0.0909310 0.6978499 0.779709559
h1:inflation_expectations_1y 0.3591423    0.1150060 1.4710731 0.156883926
h1:inflation_expectations_3y 0.1212598   -0.2134984 0.3622311 0.984565488
h1:inflation                 0.5140317    0.3289010 2.7765872 0.004099456
h1:economic_activity         0.3174030    0.0573660 1.2206071 0.293046181

$diagnostic_list$`Shock: inflation`[[2]]
                               R-sqrd. Adj. R-sqrd.    F-stat   p-value
h2:politics                  0.2369063  -0.06088631 0.7955413 0.6818117
h2:inflation_expectations_1y 0.3122298   0.04383174 1.1633087 0.3355907
h2:inflation_expectations_3y 0.2196438  -0.08488547 0.7212568 0.7566954
h2:inflation                 0.2461433  -0.04804472 0.8366870 0.6393309
h2:economic_activity         0.2891185   0.01170128 1.0421794 0.4365434

$diagnostic_list$`Shock: inflation`[[3]]
                               R-sqrd. Adj. R-sqrd.   F-stat   p-value
h3:politics                  0.2085374 -0.108047631 0.658709 0.8151556
h3:inflation_expectations_1y 0.2950329  0.013046100 1.046265 0.4334857
h3:inflation_expectations_3y 0.1541358 -0.184209950 0.455557 0.9542212
h3:inflation                 0.2910519  0.007472623 1.026351 0.4515330
h3:economic_activity         0.3325677  0.065594776 1.245698 0.2782756

$diagnostic_list$`Shock: inflation`[[4]]
                               R-sqrd. Adj. R-sqrd.    F-stat   p-value
h4:politics                  0.2405423  -0.07103004 0.7720272 0.7053610
h4:inflation_expectations_1y 0.2627580  -0.03970023 0.8687414 0.6062824
h4:inflation_expectations_3y 0.2207507  -0.09894126 0.6905107 0.7854488
h4:inflation                 0.2316667  -0.08354699 0.7349512 0.7425039
h4:economic_activity         0.3115724   0.02914060 1.1031775 0.3851497

$diagnostic_list$`Shock: inflation`[[5]]
                               R-sqrd. Adj. R-sqrd.    F-stat   p-value
h5:politics                  0.2762628  -0.02846865 0.9065779 0.5679876
h5:inflation_expectations_1y 0.1765758  -0.17012912 0.5092971 0.9261876
h5:inflation_expectations_3y 0.2455909  -0.07205507 0.7731592 0.7039411
h5:inflation                 0.2676219  -0.04074785 0.8678604 0.6072121
h5:economic_activity         0.2118032  -0.12006918 0.6382067 0.8322303

$diagnostic_list$`Shock: inflation`[[6]]
                               R-sqrd.  Adj. R-sqrd.    F-stat   p-value
h6:politics                  0.2642779 -0.0538721778 0.8306706 0.6451616
h6:inflation_expectations_1y 0.3801388  0.1120906944 1.4181738 0.1865097
h6:inflation_expectations_3y 0.1957576 -0.1520229631 0.5628767 0.8911436
h6:inflation                 0.3021161  0.0003284792 1.0010884 0.4765694
h6:economic_activity         0.3009635 -0.0013225202 0.9956249 0.4816685

$diagnostic_list$`Shock: inflation`[[7]]
                               R-sqrd. Adj. R-sqrd.    F-stat   p-value
h7:politics                  0.2595985  -0.06946879 0.7888919 0.6874950
h7:inflation_expectations_1y 0.2576580  -0.07227171 0.7809482 0.6955190
h7:inflation_expectations_3y 0.2644566  -0.06245156 0.8089630 0.6671399
h7:inflation                 0.3893877   0.11800447 1.4348259 0.1804911
h7:economic_activity         0.3670531   0.08574340 1.3048007 0.2468690

$diagnostic_list$`Shock: inflation`[[8]]
                               R-sqrd. Adj. R-sqrd.    F-stat    p-value
h8:politics                  0.3069372 -0.009891472 0.9687797 0.50800876
h8:inflation_expectations_1y 0.2463581 -0.098163927 0.7150721 0.76024195
h8:inflation_expectations_3y 0.2550769 -0.085459359 0.7490448 0.72707700
h8:inflation                 0.2843634 -0.042784828 0.8692188 0.60594435
h8:economic_activity         0.4477752  0.195329583 1.7737491 0.07748045

$diagnostic_list$`Shock: inflation`[[9]]
                               R-sqrd. Adj. R-sqrd.    F-stat   p-value
h9:politics                  0.2596146  -0.08880199 0.7451270 0.7305425
h9:inflation_expectations_1y 0.2617845  -0.08561100 0.7535633 0.7222211
h9:inflation_expectations_3y 0.2719255  -0.07069778 0.7936574 0.6821806
h9:inflation                 0.2985197  -0.03158863 0.9043083 0.5710017
h9:economic_activity         0.2811424  -0.05714357 0.8310791 0.6444237

$diagnostic_list$`Shock: inflation`[[10]]
                                R-sqrd. Adj. R-sqrd.    F-stat   p-value
h10:politics                  0.2367686  -0.13328299 0.6398259 0.8279880
h10:inflation_expectations_1y 0.3571323   0.04543884 1.1457806 0.3575646
h10:inflation_expectations_3y 0.2557479  -0.10510165 0.7087383 0.7653008
h10:inflation                 0.3620551   0.05274853 1.1705380 0.3391283
h10:economic_activity         0.3515365   0.03712994 1.1180953 0.3790217

$diagnostic_list$`Shock: inflation`[[11]]
                                R-sqrd. Adj. R-sqrd.    F-stat   p-value
h11:politics                  0.3266550  -0.01001745 0.9702457 0.5081628
h11:inflation_expectations_1y 0.2904316  -0.06435264 0.8186147 0.6566807
h11:inflation_expectations_3y 0.1993113  -0.20103312 0.4978495 0.9297041
h11:inflation                 0.2957781  -0.05633289 0.8400138 0.6352486
h11:economic_activity         0.3625257   0.04378858 1.1373815 0.3652444

$diagnostic_list$`Shock: inflation`[[12]]
                                R-sqrd. Adj. R-sqrd.    F-stat    p-value
h12:politics                  0.5021302  0.245165133 1.9540796 0.05367541
h12:inflation_expectations_1y 0.2656172 -0.113419123 0.7007698 0.77169790
h12:inflation_expectations_3y 0.3610744  0.031306332 1.0949344 0.39990478
h12:inflation                 0.2946534 -0.069396456 0.8093765 0.66571647
h12:economic_activity         0.3428262  0.003639794 1.0107310 0.47175063


$diagnostic_list$`Shock: economic_activity`
$diagnostic_list$`Shock: economic_activity`[[1]]
                               R-sqrd. Adj. R-sqrd.    F-stat     p-value
h1:politics                  0.2100155   -0.0909310 0.6978499 0.779709559
h1:inflation_expectations_1y 0.3591423    0.1150060 1.4710731 0.156883926
h1:inflation_expectations_3y 0.1212598   -0.2134984 0.3622311 0.984565488
h1:inflation                 0.5140317    0.3289010 2.7765872 0.004099456
h1:economic_activity         0.3174030    0.0573660 1.2206071 0.293046181

$diagnostic_list$`Shock: economic_activity`[[2]]
                               R-sqrd. Adj. R-sqrd.    F-stat   p-value
h2:politics                  0.2369063  -0.06088631 0.7955413 0.6818117
h2:inflation_expectations_1y 0.3122298   0.04383174 1.1633087 0.3355907
h2:inflation_expectations_3y 0.2196438  -0.08488547 0.7212568 0.7566954
h2:inflation                 0.2461433  -0.04804472 0.8366870 0.6393309
h2:economic_activity         0.2891185   0.01170128 1.0421794 0.4365434

$diagnostic_list$`Shock: economic_activity`[[3]]
                               R-sqrd. Adj. R-sqrd.   F-stat   p-value
h3:politics                  0.2085374 -0.108047631 0.658709 0.8151556
h3:inflation_expectations_1y 0.2950329  0.013046100 1.046265 0.4334857
h3:inflation_expectations_3y 0.1541358 -0.184209950 0.455557 0.9542212
h3:inflation                 0.2910519  0.007472623 1.026351 0.4515330
h3:economic_activity         0.3325677  0.065594776 1.245698 0.2782756

$diagnostic_list$`Shock: economic_activity`[[4]]
                               R-sqrd. Adj. R-sqrd.    F-stat   p-value
h4:politics                  0.2405423  -0.07103004 0.7720272 0.7053610
h4:inflation_expectations_1y 0.2627580  -0.03970023 0.8687414 0.6062824
h4:inflation_expectations_3y 0.2207507  -0.09894126 0.6905107 0.7854488
h4:inflation                 0.2316667  -0.08354699 0.7349512 0.7425039
h4:economic_activity         0.3115724   0.02914060 1.1031775 0.3851497

$diagnostic_list$`Shock: economic_activity`[[5]]
                               R-sqrd. Adj. R-sqrd.    F-stat   p-value
h5:politics                  0.2762628  -0.02846865 0.9065779 0.5679876
h5:inflation_expectations_1y 0.1765758  -0.17012912 0.5092971 0.9261876
h5:inflation_expectations_3y 0.2455909  -0.07205507 0.7731592 0.7039411
h5:inflation                 0.2676219  -0.04074785 0.8678604 0.6072121
h5:economic_activity         0.2118032  -0.12006918 0.6382067 0.8322303

$diagnostic_list$`Shock: economic_activity`[[6]]
                               R-sqrd.  Adj. R-sqrd.    F-stat   p-value
h6:politics                  0.2642779 -0.0538721778 0.8306706 0.6451616
h6:inflation_expectations_1y 0.3801388  0.1120906944 1.4181738 0.1865097
h6:inflation_expectations_3y 0.1957576 -0.1520229631 0.5628767 0.8911436
h6:inflation                 0.3021161  0.0003284792 1.0010884 0.4765694
h6:economic_activity         0.3009635 -0.0013225202 0.9956249 0.4816685

$diagnostic_list$`Shock: economic_activity`[[7]]
                               R-sqrd. Adj. R-sqrd.    F-stat   p-value
h7:politics                  0.2595985  -0.06946879 0.7888919 0.6874950
h7:inflation_expectations_1y 0.2576580  -0.07227171 0.7809482 0.6955190
h7:inflation_expectations_3y 0.2644566  -0.06245156 0.8089630 0.6671399
h7:inflation                 0.3893877   0.11800447 1.4348259 0.1804911
h7:economic_activity         0.3670531   0.08574340 1.3048007 0.2468690

$diagnostic_list$`Shock: economic_activity`[[8]]
                               R-sqrd. Adj. R-sqrd.    F-stat    p-value
h8:politics                  0.3069372 -0.009891472 0.9687797 0.50800876
h8:inflation_expectations_1y 0.2463581 -0.098163927 0.7150721 0.76024195
h8:inflation_expectations_3y 0.2550769 -0.085459359 0.7490448 0.72707700
h8:inflation                 0.2843634 -0.042784828 0.8692188 0.60594435
h8:economic_activity         0.4477752  0.195329583 1.7737491 0.07748045

$diagnostic_list$`Shock: economic_activity`[[9]]
                               R-sqrd. Adj. R-sqrd.    F-stat   p-value
h9:politics                  0.2596146  -0.08880199 0.7451270 0.7305425
h9:inflation_expectations_1y 0.2617845  -0.08561100 0.7535633 0.7222211
h9:inflation_expectations_3y 0.2719255  -0.07069778 0.7936574 0.6821806
h9:inflation                 0.2985197  -0.03158863 0.9043083 0.5710017
h9:economic_activity         0.2811424  -0.05714357 0.8310791 0.6444237

$diagnostic_list$`Shock: economic_activity`[[10]]
                                R-sqrd. Adj. R-sqrd.    F-stat   p-value
h10:politics                  0.2367686  -0.13328299 0.6398259 0.8279880
h10:inflation_expectations_1y 0.3571323   0.04543884 1.1457806 0.3575646
h10:inflation_expectations_3y 0.2557479  -0.10510165 0.7087383 0.7653008
h10:inflation                 0.3620551   0.05274853 1.1705380 0.3391283
h10:economic_activity         0.3515365   0.03712994 1.1180953 0.3790217

$diagnostic_list$`Shock: economic_activity`[[11]]
                                R-sqrd. Adj. R-sqrd.    F-stat   p-value
h11:politics                  0.3266550  -0.01001745 0.9702457 0.5081628
h11:inflation_expectations_1y 0.2904316  -0.06435264 0.8186147 0.6566807
h11:inflation_expectations_3y 0.1993113  -0.20103312 0.4978495 0.9297041
h11:inflation                 0.2957781  -0.05633289 0.8400138 0.6352486
h11:economic_activity         0.3625257   0.04378858 1.1373815 0.3652444

$diagnostic_list$`Shock: economic_activity`[[12]]
                                R-sqrd. Adj. R-sqrd.    F-stat    p-value
h12:politics                  0.5021302  0.245165133 1.9540796 0.05367541
h12:inflation_expectations_1y 0.2656172 -0.113419123 0.7007698 0.77169790
h12:inflation_expectations_3y 0.3610744  0.031306332 1.0949344 0.39990478
h12:inflation                 0.2946534 -0.069396456 0.8093765 0.66571647
h12:economic_activity         0.3428262  0.003639794 1.0107310 0.47175063



$specs
$specs$lags_endog_lin
SC(n) 
    1 

$specs$lags_criterion
[1] NaN

$specs$max_lags
[1] NaN

$specs$trend
[1] 0

$specs$shock_type
[1] 0

$specs$confint
[1] 1.65

$specs$hor
[1] 12

$specs$use_nw
[1] TRUE

$specs$nw_prewhite
[1] FALSE

$specs$adjust_se
[1] FALSE

$specs$use_twosls
[1] FALSE

$specs$contemp_data
$specs$contemp_data$dummy
 [1] 0 0 0 0 0 0 0 0 0 0 0 0 0 0 0 0 0 0 0 0 0 0 0 0 0 1 1 1 1 0 1 0 1 0 0 0 0 0 0 0 0 0 0 0 0 0 0 0 0 0 0 0 0 0 0 0 0 0 0 0

$specs$contemp_data$Jan
 [1] 0 0 0 0 0 0 0 0 0 0 0 1 0 0 0 0 0 0 0 0 0 0 0 1 0 0 0 0 0 0 0 0 0 0 0 1 0 0 0 0 0 0 0 0 0 0 0 1 0 0 0 0 0 0 0 0 0 0 0 1

$specs$contemp_data$Feb
 [1] 1 0 0 0 0 0 0 0 0 0 0 0 1 0 0 0 0 0 0 0 0 0 0 0 1 0 0 0 0 0 0 0 0 0 0 0 1 0 0 0 0 0 0 0 0 0 0 0 1 0 0 0 0 0 0 0 0 0 0 0

$specs$contemp_data$Mar
 [1] 0 1 0 0 0 0 0 0 0 0 0 0 0 1 0 0 0 0 0 0 0 0 0 0 0 1 0 0 0 0 0 0 0 0 0 0 0 1 0 0 0 0 0 0 0 0 0 0 0 1 0 0 0 0 0 0 0 0 0 0

$specs$contemp_data$Apr
 [1] 0 0 1 0 0 0 0 0 0 0 0 0 0 0 1 0 0 0 0 0 0 0 0 0 0 0 1 0 0 0 0 0 0 0 0 0 0 0 1 0 0 0 0 0 0 0 0 0 0 0 1 0 0 0 0 0 0 0 0 0

$specs$contemp_data$May
 [1] 0 0 0 1 0 0 0 0 0 0 0 0 0 0 0 1 0 0 0 0 0 0 0 0 0 0 0 1 0 0 0 0 0 0 0 0 0 0 0 1 0 0 0 0 0 0 0 0 0 0 0 1 0 0 0 0 0 0 0 0

$specs$contemp_data$Jun
 [1] 0 0 0 0 1 0 0 0 0 0 0 0 0 0 0 0 1 0 0 0 0 0 0 0 0 0 0 0 1 0 0 0 0 0 0 0 0 0 0 0 1 0 0 0 0 0 0 0 0 0 0 0 1 0 0 0 0 0 0 0

$specs$contemp_data$Jul
 [1] 0 0 0 0 0 1 0 0 0 0 0 0 0 0 0 0 0 1 0 0 0 0 0 0 0 0 0 0 0 1 0 0 0 0 0 0 0 0 0 0 0 1 0 0 0 0 0 0 0 0 0 0 0 1 0 0 0 0 0 0

$specs$contemp_data$Aug
 [1] 0 0 0 0 0 0 1 0 0 0 0 0 0 0 0 0 0 0 1 0 0 0 0 0 0 0 0 0 0 0 1 0 0 0 0 0 0 0 0 0 0 0 1 0 0 0 0 0 0 0 0 0 0 0 1 0 0 0 0 0

$specs$contemp_data$Sep
 [1] 0 0 0 0 0 0 0 1 0 0 0 0 0 0 0 0 0 0 0 1 0 0 0 0 0 0 0 0 0 0 0 1 0 0 0 0 0 0 0 0 0 0 0 1 0 0 0 0 0 0 0 0 0 0 0 1 0 0 0 0

$specs$contemp_data$Oct
 [1] 0 0 0 0 0 0 0 0 1 0 0 0 0 0 0 0 0 0 0 0 1 0 0 0 0 0 0 0 0 0 0 0 1 0 0 0 0 0 0 0 0 0 0 0 1 0 0 0 0 0 0 0 0 0 0 0 1 0 0 0


$specs$model_type
[1] 0

$specs$starts
[1] 1

$specs$ends
[1] 60

$specs$column_names
[1] "politics"                  "inflation_expectations_1y" "inflation_expectations_3y" "inflation"                
[5] "economic_activity"        

$specs$endog
[1] 5

$specs$y_lin
        politics inflation_expectations_1y inflation_expectations_3y    inflation economic_activity
2  -0.0268648918              -0.079620123               0.023733377  0.002310570        0.03672057
3   0.0223352928               0.228555441               0.061933756  0.031662657        0.02660601
4  -0.0178187447               0.000000000              -0.007986784  0.027403122        0.04356130
5   0.0043292122               0.000000000               0.038039923  0.010862582        0.01757053
6  -0.0020570648               0.001872778              -0.116087914  0.009406502        0.03236078
7   0.0135218609               0.017283440               0.116087914  0.021640425        0.02930438
8  -0.0029372724              -0.004920721               0.000000000  0.025003951        0.02923299
9   0.0038972494               0.004920721               0.000000000  0.028405410        0.02229492
10 -0.0195926461              -0.030053139              -0.116087914 -0.008420605        0.02323041
11 -0.0009239470               0.030053139               0.096931696  0.008246918        0.01734758
12 -0.0071343760              -0.030053139              -0.010896921 -0.002323999        0.03391158
13 -0.0063872152              -0.176372051              -0.201508284  0.029025084        0.02600387
14  0.0151560144               0.022861719               0.095972538  0.042416785        0.02691934
15 -0.0004445791              -0.218312263              -0.170893431  0.048586660        0.03757401
16 -0.0260931251              -0.145042181              -0.100185633  0.003720327        0.02002637
17 -0.0195295845               0.217070103               0.069105387 -0.006141925        0.02480201
18 -0.0030972380              -0.079553127              -0.083071947  0.024993882        0.02186920
19 -0.0268729244              -0.176150560              -0.077933550  0.017681720        0.02278745
20  0.0230908706               0.069185972              -0.126637936  0.021370449        0.03620964
21  0.0312097449              -0.153448343               0.004080772  0.034784574        0.01981848
22 -0.0039407413               0.017366648               0.142476082  0.026361361        0.02549842
23 -0.0106149439               0.180090904               0.016174078  0.038444527        0.02259084
24  0.0305050470              -0.031989813               0.000000000  0.019694440        0.03781474
25  0.0085994822               0.041871071               0.051145554  0.009814561        0.03578346
26  0.0015981055               0.000000000              -0.189331532 -0.050912346       -0.07956922
27  0.0075308092               0.085786104               0.223972082 -0.090824177       -0.77070172
28 -0.0055940080               0.376688957              -0.012976170 -0.010450429        0.21339722
29  0.0100777398              -0.318598032              -0.136598825  0.053592068        0.21330076
30  0.0002847404               0.206044197               0.257966757  0.061866907        0.02971606
31 -0.0020666597               0.112553835               0.249140978  0.053808986        0.15791953
32 -0.0041782077              -0.019156218              -0.238733053  0.028930510        0.07717705
33 -0.0071208604              -0.144741774              -0.040002584  0.011918979        0.10115859
34  0.0096198173               0.126406431               0.117631912  0.024543630        0.04507153
35  0.0046447666               0.037491560               0.161103725  0.057557700        0.01677041
36  0.0134132827               0.046669483               0.047342062  0.028496735        0.06736316
37 -0.0076502708               0.044214964              -0.028185844  0.045997380        0.05066022
38  0.0048555588               0.153371334               0.092952490  0.059503194        0.06160136
39  0.0026613300               0.115923882               0.005092859  0.082225516        0.03720211
40  0.0010051096               0.639820337               0.471664906  0.082531234        0.06412900
41 -0.0038508355               0.801745415              -0.022792339  0.098347464        0.05475905
42 -0.0013295353               0.040705204               0.164751053  0.054649100        0.08879717
43  0.0019446834               0.337376595               0.287992716  0.049840953        0.06602323
44  0.0044439544               0.130341530               0.194323301  0.052018077        0.07861505
45  0.0028574003               0.343297958               0.017191887  0.114305741        0.06819482
46  0.0063557876               0.346533298              -0.199976921  0.098833469        0.06879133
47 -0.0125742628              -0.009726048              -0.011199951  0.097421769        0.06937609
48  0.0057924543              -0.201833725              -0.522751808  0.075404740        0.03542764
49 -0.0030509112               0.211559772               0.297553301  0.088488916        0.07849205
50 -0.0017429263               0.583898067              -0.099878550  0.126900569        0.05112829
51  0.0012284903              -0.238460541               0.227452993  0.048497289        0.04431433
52 -0.0056006668               0.230577469              -0.023298502  0.115684054        0.03389257
53  0.0018918451               0.199839592              -0.260592937  0.151285219        0.03843642
54 -0.0011504403              -0.552228928              -0.436033010 -0.004064650        0.05041760
55 -0.0105714447              -0.477911472              -0.427183867  0.028517738        0.02896168
56  0.0040131180              -0.304920197               0.154703379  0.050566174        0.04915587
57 -0.0034954132               0.503497124               0.200692415  0.060045147        0.03059615
58 -0.0002177474              -0.715742588              -0.113289595  0.024858721        0.04330825
59  0.0024414534              -0.235079288              -0.004589558  0.015857387        0.03585464
60 -0.0046963077              -0.038488865              -0.280791283  0.063675095        0.04576300

$specs$x_lin
   politics_lag_1 inflation_expectations_1y_lag_1 inflation_expectations_3y_lag_1 inflation_lag_1 economic_activity_lag_1
2    0.0015451449                     0.119915485                     0.090704918     0.032745451              0.02976223
3   -0.0268648918                    -0.079620123                     0.023733377     0.002310570              0.03672057
4    0.0223352928                     0.228555441                     0.061933756     0.031662657              0.02660601
5   -0.0178187447                     0.000000000                    -0.007986784     0.027403122              0.04356130
6    0.0043292122                     0.000000000                     0.038039923     0.010862582              0.01757053
7   -0.0020570648                     0.001872778                    -0.116087914     0.009406502              0.03236078
8    0.0135218609                     0.017283440                     0.116087914     0.021640425              0.02930438
9   -0.0029372724                    -0.004920721                     0.000000000     0.025003951              0.02923299
10   0.0038972494                     0.004920721                     0.000000000     0.028405410              0.02229492
11  -0.0195926461                    -0.030053139                    -0.116087914    -0.008420605              0.02323041
12  -0.0009239470                     0.030053139                     0.096931696     0.008246918              0.01734758
13  -0.0071343760                    -0.030053139                    -0.010896921    -0.002323999              0.03391158
14  -0.0063872152                    -0.176372051                    -0.201508284     0.029025084              0.02600387
15   0.0151560144                     0.022861719                     0.095972538     0.042416785              0.02691934
16  -0.0004445791                    -0.218312263                    -0.170893431     0.048586660              0.03757401
17  -0.0260931251                    -0.145042181                    -0.100185633     0.003720327              0.02002637
18  -0.0195295845                     0.217070103                     0.069105387    -0.006141925              0.02480201
19  -0.0030972380                    -0.079553127                    -0.083071947     0.024993882              0.02186920
20  -0.0268729244                    -0.176150560                    -0.077933550     0.017681720              0.02278745
21   0.0230908706                     0.069185972                    -0.126637936     0.021370449              0.03620964
22   0.0312097449                    -0.153448343                     0.004080772     0.034784574              0.01981848
23  -0.0039407413                     0.017366648                     0.142476082     0.026361361              0.02549842
24  -0.0106149439                     0.180090904                     0.016174078     0.038444527              0.02259084
25   0.0305050470                    -0.031989813                     0.000000000     0.019694440              0.03781474
26   0.0085994822                     0.041871071                     0.051145554     0.009814561              0.03578346
27   0.0015981055                     0.000000000                    -0.189331532    -0.050912346             -0.07956922
28   0.0075308092                     0.085786104                     0.223972082    -0.090824177             -0.77070172
29  -0.0055940080                     0.376688957                    -0.012976170    -0.010450429              0.21339722
30   0.0100777398                    -0.318598032                    -0.136598825     0.053592068              0.21330076
31   0.0002847404                     0.206044197                     0.257966757     0.061866907              0.02971606
32  -0.0020666597                     0.112553835                     0.249140978     0.053808986              0.15791953
33  -0.0041782077                    -0.019156218                    -0.238733053     0.028930510              0.07717705
34  -0.0071208604                    -0.144741774                    -0.040002584     0.011918979              0.10115859
35   0.0096198173                     0.126406431                     0.117631912     0.024543630              0.04507153
36   0.0046447666                     0.037491560                     0.161103725     0.057557700              0.01677041
37   0.0134132827                     0.046669483                     0.047342062     0.028496735              0.06736316
38  -0.0076502708                     0.044214964                    -0.028185844     0.045997380              0.05066022
39   0.0048555588                     0.153371334                     0.092952490     0.059503194              0.06160136
40   0.0026613300                     0.115923882                     0.005092859     0.082225516              0.03720211
41   0.0010051096                     0.639820337                     0.471664906     0.082531234              0.06412900
42  -0.0038508355                     0.801745415                    -0.022792339     0.098347464              0.05475905
43  -0.0013295353                     0.040705204                     0.164751053     0.054649100              0.08879717
44   0.0019446834                     0.337376595                     0.287992716     0.049840953              0.06602323
45   0.0044439544                     0.130341530                     0.194323301     0.052018077              0.07861505
46   0.0028574003                     0.343297958                     0.017191887     0.114305741              0.06819482
47   0.0063557876                     0.346533298                    -0.199976921     0.098833469              0.06879133
48  -0.0125742628                    -0.009726048                    -0.011199951     0.097421769              0.06937609
49   0.0057924543                    -0.201833725                    -0.522751808     0.075404740              0.03542764
50  -0.0030509112                     0.211559772                     0.297553301     0.088488916              0.07849205
51  -0.0017429263                     0.583898067                    -0.099878550     0.126900569              0.05112829
52   0.0012284903                    -0.238460541                     0.227452993     0.048497289              0.04431433
53  -0.0056006668                     0.230577469                    -0.023298502     0.115684054              0.03389257
54   0.0018918451                     0.199839592                    -0.260592937     0.151285219              0.03843642
55  -0.0011504403                    -0.552228928                    -0.436033010    -0.004064650              0.05041760
56  -0.0105714447                    -0.477911472                    -0.427183867     0.028517738              0.02896168
57   0.0040131180                    -0.304920197                     0.154703379     0.050566174              0.04915587
58  -0.0034954132                     0.503497124                     0.200692415     0.060045147              0.03059615
59  -0.0002177474                    -0.715742588                    -0.113289595     0.024858721              0.04330825
60   0.0024414534                    -0.235079288                    -0.004589558     0.015857387              0.03585464
   dummy Jan Feb Mar Apr May Jun Jul Aug Sep Oct
2      0   0   0   1   0   0   0   0   0   0   0
3      0   0   0   0   1   0   0   0   0   0   0
4      0   0   0   0   0   1   0   0   0   0   0
5      0   0   0   0   0   0   1   0   0   0   0
6      0   0   0   0   0   0   0   1   0   0   0
7      0   0   0   0   0   0   0   0   1   0   0
8      0   0   0   0   0   0   0   0   0   1   0
9      0   0   0   0   0   0   0   0   0   0   1
10     0   0   0   0   0   0   0   0   0   0   0
11     0   0   0   0   0   0   0   0   0   0   0
12     0   1   0   0   0   0   0   0   0   0   0
13     0   0   1   0   0   0   0   0   0   0   0
14     0   0   0   1   0   0   0   0   0   0   0
15     0   0   0   0   1   0   0   0   0   0   0
16     0   0   0   0   0   1   0   0   0   0   0
17     0   0   0   0   0   0   1   0   0   0   0
18     0   0   0   0   0   0   0   1   0   0   0
19     0   0   0   0   0   0   0   0   1   0   0
20     0   0   0   0   0   0   0   0   0   1   0
21     0   0   0   0   0   0   0   0   0   0   1
22     0   0   0   0   0   0   0   0   0   0   0
23     0   0   0   0   0   0   0   0   0   0   0
24     0   1   0   0   0   0   0   0   0   0   0
25     0   0   1   0   0   0   0   0   0   0   0
26     1   0   0   1   0   0   0   0   0   0   0
27     1   0   0   0   1   0   0   0   0   0   0
28     1   0   0   0   0   1   0   0   0   0   0
29     1   0   0   0   0   0   1   0   0   0   0
30     0   0   0   0   0   0   0   1   0   0   0
31     1   0   0   0   0   0   0   0   1   0   0
32     0   0   0   0   0   0   0   0   0   1   0
33     1   0   0   0   0   0   0   0   0   0   1
34     0   0   0   0   0   0   0   0   0   0   0
35     0   0   0   0   0   0   0   0   0   0   0
36     0   1   0   0   0   0   0   0   0   0   0
37     0   0   1   0   0   0   0   0   0   0   0
38     0   0   0   1   0   0   0   0   0   0   0
39     0   0   0   0   1   0   0   0   0   0   0
40     0   0   0   0   0   1   0   0   0   0   0
41     0   0   0   0   0   0   1   0   0   0   0
42     0   0   0   0   0   0   0   1   0   0   0
43     0   0   0   0   0   0   0   0   1   0   0
44     0   0   0   0   0   0   0   0   0   1   0
45     0   0   0   0   0   0   0   0   0   0   1
46     0   0   0   0   0   0   0   0   0   0   0
47     0   0   0   0   0   0   0   0   0   0   0
48     0   1   0   0   0   0   0   0   0   0   0
49     0   0   1   0   0   0   0   0   0   0   0
50     0   0   0   1   0   0   0   0   0   0   0
51     0   0   0   0   1   0   0   0   0   0   0
52     0   0   0   0   0   1   0   0   0   0   0
53     0   0   0   0   0   0   1   0   0   0   0
54     0   0   0   0   0   0   0   1   0   0   0
55     0   0   0   0   0   0   0   0   1   0   0
56     0   0   0   0   0   0   0   0   0   1   0
57     0   0   0   0   0   0   0   0   0   0   1
58     0   0   0   0   0   0   0   0   0   0   0
59     0   0   0   0   0   0   0   0   0   0   0
60     0   1   0   0   0   0   0   0   0   0   0


attr(,"class")
[1] "lpirfs_lin_obj"
