[1] "war"                  "djn level estimation"
                   1             2             3             4             5             6
AIC(n) -2.590368e+01 -2.668597e+01 -2.651368e+01 -2.710752e+01 -2.798682e+01 -2.897341e+01
HQ(n)  -2.470402e+01 -2.513346e+01 -2.460833e+01 -2.484933e+01 -2.537579e+01 -2.600954e+01
SC(n)  -2.280144e+01 -2.267130e+01 -2.158659e+01 -2.126800e+01 -2.123488e+01 -2.130905e+01
FPE(n)  6.245285e-12  3.259397e-12  4.858977e-12  3.886050e-12  2.927114e-12  2.915544e-12
                   1             2             3             4             5             6
AIC(n) -2.590368e+01 -2.668597e+01 -2.651368e+01 -2.710752e+01 -2.798682e+01 -2.897341e+01
HQ(n)  -2.470402e+01 -2.513346e+01 -2.460833e+01 -2.484933e+01 -2.537579e+01 -2.600954e+01
SC(n)  -2.280144e+01 -2.267130e+01 -2.158659e+01 -2.126800e+01 -2.123488e+01 -2.130905e+01
FPE(n)  6.245285e-12  3.259397e-12  4.858977e-12  3.886050e-12  2.927114e-12  2.915544e-12
$irf_lin_mean
, , 1

             [,1]        [,2]         [,3]          [,4]         [,5]         [,6]         [,7]         [,8]          [,9]
[1,]  0.009774440 0.005734421  0.001252101 -0.0006355418 -0.001612277 -0.001953646 -0.001863414 -0.001936860 -0.0014063252
[2,]  0.074775813 0.083009812  0.076779272  0.0721203262  0.029085536 -0.018056055 -0.015708503  0.082763014  0.0181409652
[3,]  0.019900386 0.043666531  0.033196160  0.0126194157 -0.028986840 -0.076237204 -0.037858065  0.039773946  0.0538515555
[4,]  0.009448318 0.003005319  0.004256175  0.0050800419 -0.005939901 -0.006436099 -0.002191144  0.005137278  0.0007200611
[5,] -0.001218442 0.023828195 -0.002100924 -0.0063997181 -0.005297178 -0.013085344  0.003259204  0.009610315  0.0007734346
             [,10]        [,11]         [,12]        [,13]
[1,] -0.0007649177 0.0008441604  0.0001317776 -0.003042266
[2,] -0.0272725762 0.0205425276  0.0692883200  0.022941156
[3,]  0.0468004444 0.0234874836  0.0597506717  0.065697820
[4,] -0.0005324466 0.0050608673  0.0038796507 -0.016845401
[5,]  0.0069149666 0.0053818618 -0.0061268407 -0.091962946

, , 2

            [,1]         [,2]        [,3]        [,4]        [,5]         [,6]        [,7]        [,8]        [,9]
[1,]  0.00000000 0.0006459644 0.001473855 0.002019990 0.002795078 0.0029621742 0.001886827 0.001299924 0.001934523
[2,]  0.21693714 0.2377019651 0.227796712 0.240513819 0.291996685 0.3147939864 0.293587040 0.316714079 0.332761385
[3,]  0.09540079 0.0896967675 0.065166589 0.074229335 0.110466856 0.1084521071 0.099576103 0.087380819 0.075712480
[4,]  0.01043606 0.0051983988 0.002081536 0.004532350 0.006895679 0.0068437425 0.003149698 0.007364135 0.007729126
[5,] -0.01547363 0.0084784651 0.005976656 0.001097203 0.004515752 0.0006512873 0.001978484 0.006200182 0.002192669
           [,10]       [,11]       [,12]       [,13]
[1,] 0.003980676 0.004017598 0.002939162 0.002663063
[2,] 0.371205608 0.364057930 0.365900971 0.366492932
[3,] 0.074117126 0.073001887 0.079759709 0.067975058
[4,] 0.004875992 0.006212027 0.004857807 0.006346188
[5,] 0.003558538 0.011307133 0.003008042 0.011949305

, , 3

             [,1]         [,2]         [,3]        [,4]        [,5]        [,6]        [,7]        [,8]        [,9]
[1,]  0.000000000 0.0004887602 0.0007301705 0.001866744 0.002806774 0.004195420 0.006948085 0.005744582 0.004000938
[2,]  0.000000000 0.0602812902 0.0903842978 0.139535416 0.139535508 0.175505543 0.283098776 0.345241544 0.282645792
[3,]  0.164854280 0.1581461255 0.1617914585 0.154555236 0.136641422 0.141521527 0.178284368 0.232895853 0.204809898
[4,] -0.002590119 0.0046419026 0.0071214106 0.008389718 0.008993223 0.007614802 0.013326158 0.014746437 0.011063836
[5,] -0.003815366 0.0031016451 0.0064616621 0.008859629 0.012580432 0.008466695 0.024456138 0.026984281 0.007825596
           [,10]        [,11]        [,12]        [,13]
[1,] 0.001551554  0.002699745 0.0015063966 0.0010700157
[2,] 0.192503351  0.215880247 0.1724661159 0.1419647928
[3,] 0.160422128  0.089071603 0.0328061454 0.0253061126
[4,] 0.008858563  0.004833184 0.0009004366 0.0004449580
[5,] 0.002615067 -0.015096489 0.0015517360 0.0008531586

, , 4

           [,1]          [,2]          [,3]          [,4]          [,5]         [,6]         [,7]         [,8]         [,9]
[1,] 0.00000000 -6.582537e-05  0.0003444998  0.0008628585  0.0018099892  0.001386244 -0.001233379 -0.001235367 0.0004952884
[2,] 0.00000000 -8.644914e-03  0.0493887636  0.0537860081  0.1307371953  0.175448391  0.189768370  0.286927339 0.3362585135
[3,] 0.00000000  1.960065e-02  0.0206012396  0.0260949329  0.0727839802  0.112946336  0.142210915  0.152859083 0.1537005535
[4,] 0.02732385  8.471530e-03 -0.0031388024 -0.0027224673  0.0002545176  0.004713297  0.005306439  0.014340730 0.0114541783
[5,] 0.06273009  8.745032e-03 -0.0176169552  0.0034818263 -0.0063144549 -0.005886292 -0.004196385  0.011451154 0.0115628030
           [,10]      [,11]       [,12]        [,13]
[1,] 0.003817043 0.00671638 0.007549348  0.006267555
[2,] 0.402592453 0.46937905 0.571957679  0.644348608
[3,] 0.151263381 0.19100089 0.240456134  0.277844024
[4,] 0.010852137 0.01617278 0.013076045  0.007165225
[5,] 0.013036128 0.03262444 0.011152762 -0.010435948

, , 5

           [,1]          [,2]          [,3]          [,4]          [,5]          [,6]         [,7]          [,8]
[1,] 0.00000000 -4.034042e-05  4.915946e-06  0.0004468039 -9.465898e-06 -0.0002667622 0.0009919656  1.754277e-03
[2,] 0.00000000 -3.855401e-02  4.685696e-02  0.0328577211 -3.331707e-02 -0.0450244651 0.0293314389 -2.916861e-02
[3,] 0.00000000  1.138954e-03  5.656825e-02  0.0267595577 -3.763784e-02  0.0027576835 0.0231749941  1.098020e-02
[4,] 0.00000000  3.720632e-03  3.077791e-03 -0.0022638334 -1.785154e-03  0.0005642023 0.0096233211  4.310265e-04
[5,] 0.09376108 -1.818225e-02 -2.359556e-02  0.0146890231 -1.364585e-03  0.0096146230 0.0061302809  3.483518e-05
              [,9]         [,10]         [,11]         [,12]        [,13]
[1,]  0.0002214829 -0.0035681873 -0.0033067571 -0.0007774999 -0.001238297
[2,] -0.0301014479 -0.0750422022 -0.0676816939 -0.0647664485 -0.070069999
[3,]  0.0136272412 -0.0081299892  0.0040386785 -0.0197694209  0.012704446
[4,] -0.0029583211  0.0039093614 -0.0009188727 -0.0003177201 -0.007087350
[5,]  0.0085142779  0.0001458387 -0.0113946836  0.0037623356 -0.027513765


$irf_lin_low
, , 1

             [,1]         [,2]         [,3]         [,4]        [,5]         [,6]         [,7]         [,8]         [,9]
[1,]  0.009774440  0.002211834 -0.001597882 -0.003767290 -0.00532686 -0.005287448 -0.004907002 -0.005663437 -0.006237325
[2,]  0.074775813  0.019749960 -0.033113364 -0.082399091 -0.14531586 -0.221150334 -0.256905916 -0.224611244 -0.316391767
[3,]  0.019900386 -0.004039307 -0.042790236 -0.086247204 -0.13495849 -0.190001148 -0.155568958 -0.081547995 -0.086861252
[4,]  0.009448318 -0.005256116 -0.005231604 -0.003639692 -0.01225406 -0.014117810 -0.011155276 -0.004091437 -0.009059701
[5,] -0.001218442 -0.009373395 -0.018061055 -0.019527099 -0.01850617 -0.029136985 -0.021213493 -0.017826841 -0.013865443
            [,10]        [,11]        [,12]       [,13]
[1,] -0.006229542 -0.004470666 -0.005705371 -0.01429033
[2,] -0.374526172 -0.381195898 -0.453928648 -1.14947727
[3,] -0.125513083 -0.151350402 -0.162782862 -0.38769051
[4,] -0.013407979 -0.005044925 -0.016434534 -0.05501920
[5,] -0.010809367 -0.029622121 -0.046315550 -0.17444088

, , 2

            [,1]          [,2]          [,3]          [,4]          [,5]          [,6]         [,7]         [,8]        [,9]
[1,]  0.00000000 -6.884923e-04 -0.0009368842 -0.0004760512  0.0001659784  0.0007026969 -0.001586539 -0.002338672 -0.00219399
[2,]  0.21693714  1.892637e-01  0.1474588292  0.1388201396  0.1749069566  0.1644292145  0.070033408 -0.029994247 -0.04952124
[3,]  0.09540079  4.709260e-02  0.0039674600 -0.0013091502  0.0333297989  0.0276400852  0.009183307 -0.041980130 -0.08308392
[4,]  0.01043606 -8.285761e-05 -0.0031928308 -0.0013393270  0.0014108636 -0.0001563740 -0.006852923 -0.003644799 -0.00311356
[5,] -0.01547363 -4.900639e-03 -0.0029199065 -0.0113345151 -0.0093524411 -0.0109485742 -0.023513994 -0.032021658 -0.01710540
             [,10]        [,11]        [,12]        [,13]
[1,] -0.0003350445 -0.001614276 -0.001098209 -0.001226942
[2,] -0.0426113331 -0.103667797 -0.116985208 -0.099716929
[3,] -0.1246928197 -0.110430711 -0.094693371 -0.091903756
[4,] -0.0096093330 -0.006671719 -0.009525229 -0.009219179
[5,] -0.0159264599 -0.027525049 -0.025652449 -0.002730041

, , 3

             [,1]          [,2]          [,3]         [,4]        [,5]        [,6]        [,7]          [,8]         [,9]
[1,]  0.000000000 -5.335335e-05 -0.0004284207 0.0004279318 0.001584136 0.002971208 0.004355547  0.0038447527  0.002242488
[2,]  0.000000000  3.544300e-02  0.0563298646 0.1092052020 0.098530591 0.119795763 0.179203301  0.1620245556  0.073069921
[3,]  0.164854280  1.335822e-01  0.1301539772 0.1247115833 0.110851348 0.116977407 0.149305993  0.1713584387  0.119367040
[4,] -0.002590119  2.095930e-03  0.0049454414 0.0057959999 0.005770277 0.003375863 0.007735361  0.0078662498  0.002880903
[5,] -0.003815366  1.703568e-03  0.0040781722 0.0004529601 0.002145058 0.003044325 0.005415514 -0.0000973078 -0.007677353
             [,10]         [,11]         [,12]         [,13]
[1,] -0.0001297009  0.0004286246  0.0002182434 -6.839039e-05
[2,] -0.0493944524 -0.0533637894 -0.1050860688 -8.720817e-02
[3,]  0.0458337420 -0.0051194364 -0.0604581253 -4.283413e-02
[4,]  0.0013489643 -0.0028392174 -0.0060420467 -5.146340e-03
[5,] -0.0068631146 -0.0324828199 -0.0114935884 -7.442328e-03

, , 4

           [,1]         [,2]         [,3]         [,4]         [,5]         [,6]         [,7]         [,8]         [,9]
[1,] 0.00000000 -0.002574565 -0.002099664 -0.002085303 -0.002526986 -0.002221528 -0.005279977 -0.006380019 -0.004142312
[2,] 0.00000000 -0.082850087 -0.085716628 -0.152797780 -0.073969585 -0.071078269 -0.131433326 -0.025216289  0.008478419
[3,] 0.00000000 -0.039079864 -0.071858124 -0.106421764 -0.066640153 -0.031864700 -0.005042116  0.018783186  0.005811789
[4,] 0.02732385 -0.003047430 -0.016441457 -0.014906965 -0.006141684 -0.004994310 -0.007867983  0.003420008  0.003409643
[5,] 0.06273009 -0.036387675 -0.046161611 -0.014979631 -0.025157743 -0.024674800 -0.032299624 -0.012950019 -0.005579485
            [,10]         [,11]         [,12]       [,13]
[1,] -0.002431585 -0.0005971096  1.260018e-03  0.00108866
[2,]  0.071887191  0.0788286964  1.948387e-01  0.23124399
[3,] -0.023009500  0.0037874287  8.951078e-02  0.10271653
[4,] -0.007754218  0.0053044940  1.935633e-05 -0.01450281
[5,] -0.015499696 -0.0190570366 -2.393001e-02 -0.05311535

, , 5

           [,1]         [,2]         [,3]          [,4]         [,5]         [,6]          [,7]          [,8]          [,9]
[1,] 0.00000000 -0.001258818 -0.001112928 -0.0008664006 -0.001496192 -0.001738739 -0.0004338297  8.026366e-05 -0.0009694825
[2,] 0.00000000 -0.073928548 -0.002242343 -0.0389844639 -0.102299337 -0.123185454 -0.0823929184 -1.070798e-01 -0.1197939793
[3,] 0.00000000 -0.023703900  0.019329739 -0.0234356834 -0.086557602 -0.041463885 -0.0231748515 -2.730625e-02 -0.0333540704
[4,] 0.00000000 -0.003009713 -0.004770083 -0.0084979500 -0.004159896 -0.003935592  0.0045139256 -4.056711e-03 -0.0080167511
[5,] 0.09376108 -0.048041060 -0.042775662  0.0066282677 -0.008792702  0.002277733 -0.0086525650 -9.618149e-03 -0.0006870145
            [,10]        [,11]        [,12]        [,13]
[1,] -0.006067816 -0.005810819 -0.003170647 -0.002546992
[2,] -0.191611707 -0.212021488 -0.210448609 -0.205068092
[3,] -0.072672262 -0.065406271 -0.079146245 -0.045423345
[4,] -0.003770382 -0.005109616 -0.005291322 -0.015977910
[5,] -0.011035567 -0.027577462 -0.010902211 -0.065490191


$irf_lin_up
, , 1

             [,1]        [,2]        [,3]        [,4]         [,5]        [,6]        [,7]        [,8]        [,9]
[1,]  0.009774440 0.009257007 0.004102085 0.002496206 0.0021023064 0.001380157 0.001180174 0.001789718 0.003424674
[2,]  0.074775813 0.146269663 0.186671907 0.226639744 0.2034869321 0.185038224 0.225488910 0.390137273 0.352673698
[3,]  0.019900386 0.091372369 0.109182555 0.111486036 0.0769848052 0.037526739 0.079852827 0.161095888 0.194564363
[4,]  0.009448318 0.011266754 0.013743954 0.013799776 0.0003742636 0.001245612 0.006772988 0.014365992 0.010499823
[5,] -0.001218442 0.057029786 0.013859206 0.006727662 0.0079118135 0.002966296 0.027731901 0.037047470 0.015412312
           [,10]       [,11]       [,12]        [,13]
[1,] 0.004699707 0.006158987 0.005968926  0.008205798
[2,] 0.319981020 0.422280954 0.592505288  1.195359581
[3,] 0.219113972 0.198325369 0.282284206  0.519086154
[4,] 0.012343086 0.015166660 0.024193836  0.021328395
[5,] 0.024639300 0.040385845 0.034061869 -0.009485012

, , 2

            [,1]        [,2]        [,3]        [,4]        [,5]        [,6]        [,7]        [,8]        [,9]       [,10]
[1,]  0.00000000 0.001980421 0.003884593 0.004516031 0.005424178 0.005221651 0.005360193 0.004938519 0.006063036 0.008296396
[2,]  0.21693714 0.286140253 0.308134594 0.342207498 0.409086413 0.465158758 0.517140671 0.663422405 0.715044013 0.785022550
[3,]  0.09540079 0.132300937 0.126365718 0.149767820 0.187603914 0.189264129 0.189968899 0.216741768 0.234508881 0.272927072
[4,]  0.01043606 0.010479655 0.007355903 0.010404026 0.012380494 0.013843859 0.013152318 0.018373070 0.018571812 0.019361316
[5,] -0.01547363 0.021857569 0.014873218 0.013528921 0.018383945 0.012251149 0.027470961 0.044422022 0.021490735 0.023043537
           [,11]       [,12]       [,13]
[1,] 0.009649471 0.006976533 0.006553068
[2,] 0.831783658 0.848787150 0.832702793
[3,] 0.256434486 0.254212790 0.227853872
[4,] 0.019095774 0.019240842 0.021911555
[5,] 0.050139315 0.031668533 0.026628651

, , 3

             [,1]        [,2]        [,3]        [,4]        [,5]        [,6]        [,7]        [,8]        [,9]
[1,]  0.000000000 0.001030874 0.001888762 0.003305557 0.004029412 0.005419633 0.009540624 0.007644411 0.005759389
[2,]  0.000000000 0.085119584 0.124438731 0.169865629 0.180540426 0.231215323 0.386994252 0.528458533 0.492221663
[3,]  0.164854280 0.182710049 0.193428940 0.184398889 0.162431496 0.166065647 0.207262744 0.294433267 0.290252756
[4,] -0.002590119 0.007187875 0.009297380 0.010983436 0.012216169 0.011853741 0.018916955 0.021626624 0.019246769
[5,] -0.003815366 0.004499722 0.008845152 0.017266297 0.023015805 0.013889064 0.043496762 0.054065870 0.023328544
           [,10]       [,11]      [,12]       [,13]
[1,] 0.003232808 0.004970865 0.00279455 0.002208422
[2,] 0.434401155 0.485124283 0.45001830 0.371137753
[3,] 0.275010514 0.183262642 0.12607042 0.093446356
[4,] 0.016368162 0.012505585 0.00784292 0.006036256
[5,] 0.012093250 0.002289843 0.01459706 0.009148645

, , 4

           [,1]        [,2]        [,3]       [,4]        [,5]        [,6]        [,7]        [,8]        [,9]      [,10]
[1,] 0.00000000 0.002442914 0.002788664 0.00381102 0.006146964 0.004994017 0.002813218 0.003909285 0.005132889 0.01006567
[2,] 0.00000000 0.065560259 0.184494155 0.26036980 0.335443976 0.421975052 0.510970065 0.599070968 0.664038608 0.73329772
[3,] 0.00000000 0.078281164 0.113060604 0.15861163 0.212208114 0.257757372 0.289463946 0.286934979 0.301589318 0.32553626
[4,] 0.02732385 0.019990490 0.010163852 0.00946203 0.006650720 0.014420905 0.018480861 0.025261453 0.019498714 0.02945849
[5,] 0.06273009 0.053877739 0.010927701 0.02194328 0.012528833 0.012902215 0.023906854 0.035852327 0.028705091 0.04157195
          [,11]      [,12]      [,13]
[1,] 0.01402987 0.01383868 0.01144645
[2,] 0.85992940 0.94907663 1.05745322
[3,] 0.37821435 0.39140149 0.45297152
[4,] 0.02704107 0.02613273 0.02883327
[5,] 0.08430591 0.04623553 0.03224345

, , 5

           [,1]         [,2]         [,3]        [,4]         [,5]        [,6]        [,7]        [,8]        [,9]
[1,] 0.00000000  0.001178137  0.001122760 0.001760008 0.0014772600 0.001205215 0.002417761 0.003428291 0.001412448
[2,] 0.00000000 -0.003179473  0.095956263 0.104699906 0.0356651943 0.033136524 0.141055796 0.048742541 0.059591084
[3,] 0.00000000  0.025981809  0.093806760 0.076954799 0.0112819254 0.046979252 0.069524840 0.049266655 0.060608553
[4,] 0.00000000  0.010450978  0.010925666 0.003970283 0.0005895885 0.005063996 0.014732717 0.004918764 0.002100109
[5,] 0.09376108  0.011676560 -0.004415456 0.022749779 0.0060635328 0.016951513 0.020913127 0.009687820 0.017715570
            [,10]         [,11]       [,12]        [,13]
[1,] -0.001068559 -0.0008026949 0.001615647 7.039811e-05
[2,]  0.041527303  0.0766581002 0.080915712 6.492810e-02
[3,]  0.056412284  0.0734836275 0.039607403 7.083224e-02
[4,]  0.011589105  0.0032718710 0.004655882 1.803210e-03
[5,]  0.011327244  0.0047880952 0.018426883 1.046266e-02


$diagnostic_list
$diagnostic_list$`Shock: war`
$diagnostic_list$`Shock: war`[[1]]
                               R-sqrd. Adj. R-sqrd.     F-stat      p-value
h1:war                       0.6163856   0.47364532   4.318232 6.398917e-05
h1:inflation_expectations_1y 0.9770629   0.96852813 114.480642 6.579205e-30
h1:inflation_expectations_3y 0.8864583   0.84421021  20.982216 2.957521e-15
h1:inflation                 0.5566482   0.39168010   3.374278 7.491100e-04
h1:economic_activity         0.3223314   0.07017564   1.278303 2.541852e-01

$diagnostic_list$`Shock: war`[[2]]
                               R-sqrd. Adj. R-sqrd.    F-stat      p-value
h2:war                       0.4245936   0.20539111  1.936993 4.394031e-02
h2:inflation_expectations_1y 0.9500340   0.93099938 49.910761 3.953730e-22
h2:inflation_expectations_3y 0.7767195   0.69166028  9.131513 4.698761e-09
h2:inflation                 0.4277629   0.20976781  1.962259 4.092538e-02
h2:economic_activity         0.2840563   0.01131579  1.041489 4.365830e-01

$diagnostic_list$`Shock: war`[[3]]
                               R-sqrd. Adj. R-sqrd.    F-stat      p-value
h3:war                       0.4854320   0.28462502  2.417406 1.164237e-02
h3:inflation_expectations_1y 0.9252474   0.89607565 31.717242 4.968304e-18
h3:inflation_expectations_3y 0.6421958   0.50256483  4.599237 3.966423e-05
h3:inflation                 0.4375225   0.21801912  1.993238 3.826275e-02
h3:economic_activity         0.2898231   0.01268088  1.045756 4.333199e-01

$diagnostic_list$`Shock: war`[[4]]
                               R-sqrd. Adj. R-sqrd.    F-stat      p-value
h4:war                       0.5588386   0.38237407  3.166861 1.568687e-03
h4:inflation_expectations_1y 0.8954551   0.85363720 21.413179 1.037290e-14
h4:inflation_expectations_3y 0.6078610   0.45100534  3.875290 2.534042e-04
h4:inflation                 0.4742121   0.26389694  2.254769 1.890466e-02
h4:economic_activity         0.3033607   0.02470491  1.088657 3.965132e-01

$diagnostic_list$`Shock: war`[[5]]
                               R-sqrd. Adj. R-sqrd.     F-stat      p-value
h5:war                       0.6225241   0.46766214  4.0198653 1.942589e-04
h5:inflation_expectations_1y 0.8590629   0.80124251 14.8574459 7.126885e-12
h5:inflation_expectations_3y 0.6130345   0.45427948  3.8615118 2.858577e-04
h5:inflation                 0.4365745   0.20542558  1.8887153 5.307830e-02
h5:economic_activity         0.2878130  -0.00436631  0.9850561 4.906668e-01

$diagnostic_list$`Shock: war`[[6]]
                               R-sqrd. Adj. R-sqrd.     F-stat      p-value
h6:war                       0.6565923    0.5119996  4.5409778 6.364517e-05
h6:inflation_expectations_1y 0.8147155    0.7367010 10.4431283 2.087016e-09
h6:inflation_expectations_3y 0.5691963    0.3878052  3.1379513 1.910822e-03
h6:inflation                 0.4586227    0.2306744  2.0119590 3.877733e-02
h6:economic_activity         0.2642071   -0.0456005  0.8528102 6.225873e-01

$diagnostic_list$`Shock: war`[[7]]
                               R-sqrd. Adj. R-sqrd.    F-stat      p-value
h7:war                       0.5335905    0.3318999 2.6455896 7.304880e-03
h7:inflation_expectations_1y 0.7542533    0.6479844 7.0975947 4.678364e-07
h7:inflation_expectations_3y 0.4732064    0.2454038 2.0772648 3.331984e-02
h7:inflation                 0.4465901    0.2072778 1.8661390 5.858976e-02
h7:economic_activity         0.1609894   -0.2018259 0.4437227 9.582652e-01

$diagnostic_list$`Shock: war`[[8]]
                               R-sqrd. Adj. R-sqrd.    F-stat      p-value
h8:war                       0.4138264   0.15330478 1.5884532 1.228248e-01
h8:inflation_expectations_1y 0.6972799   0.56273758 5.1826076 2.077275e-05
h8:inflation_expectations_3y 0.3525795   0.06483701 1.2253300 2.966769e-01
h8:inflation                 0.3425372   0.05033156 1.1722470 3.341107e-01
h8:economic_activity         0.2663658  -0.05969390 0.8169234 6.590459e-01

$diagnostic_list$`Shock: war`[[9]]
                               R-sqrd. Adj. R-sqrd.    F-stat      p-value
h9:war                       0.4410056   0.18546533 1.7257772 0.0876693144
h9:inflation_expectations_1y 0.6514864   0.49216583 4.0891552 0.0002461389
h9:inflation_expectations_3y 0.2571152  -0.08248929 0.7571019 0.7190873671
h9:inflation                 0.2830301  -0.04472757 0.8635346 0.6116777373
h9:economic_activity         0.2651018  -0.07085165 0.7891028 0.6870259046

$diagnostic_list$`Shock: war`[[10]]
                                R-sqrd. Adj. R-sqrd.    F-stat     p-value
h10:war                       0.4444409   0.18300131 1.6999755 0.095189318
h10:inflation_expectations_1y 0.5897952   0.39675765 3.0553392 0.003039399
h10:inflation_expectations_3y 0.2212501  -0.14522043 0.6037323 0.858589785
h10:inflation                 0.2791455  -0.06008009 0.8228905 0.652695306
h10:economic_activity         0.3125945  -0.01089049 0.9663338 0.510809568

$diagnostic_list$`Shock: war`[[11]]
                                R-sqrd. Adj. R-sqrd.    F-stat    p-value
h11:war                       0.3748806   0.07179247 1.2368699 0.29325454
h11:inflation_expectations_1y 0.5399046   0.31682800 2.4202657 0.01558402
h11:inflation_expectations_3y 0.2465913  -0.11869772 0.6750581 0.79670973
h11:inflation                 0.2165468  -0.16330924 0.5700760 0.88365334
h11:economic_activity         0.2717220  -0.08138242 0.7695231 0.70602122

$diagnostic_list$`Shock: war`[[12]]
                                R-sqrd. Adj. R-sqrd.    F-stat    p-value
h12:war                       0.2783315  -0.08250280 0.7713554 0.70384516
h12:inflation_expectations_1y 0.4846824   0.22702361 1.8811017 0.06274407
h12:inflation_expectations_3y 0.3226018  -0.01609728 0.9524732 0.52491930
h12:inflation                 0.1738843  -0.23917351 0.4209685 0.96530093
h12:economic_activity         0.3584482   0.03767223 1.1174410 0.38072940


$diagnostic_list$`Shock: inflation_expectations_1y`
$diagnostic_list$`Shock: inflation_expectations_1y`[[1]]
                               R-sqrd. Adj. R-sqrd.     F-stat      p-value
h1:war                       0.6163856   0.47364532   4.318232 6.398917e-05
h1:inflation_expectations_1y 0.9770629   0.96852813 114.480642 6.579205e-30
h1:inflation_expectations_3y 0.8864583   0.84421021  20.982216 2.957521e-15
h1:inflation                 0.5566482   0.39168010   3.374278 7.491100e-04
h1:economic_activity         0.3223314   0.07017564   1.278303 2.541852e-01

$diagnostic_list$`Shock: inflation_expectations_1y`[[2]]
                               R-sqrd. Adj. R-sqrd.    F-stat      p-value
h2:war                       0.4245936   0.20539111  1.936993 4.394031e-02
h2:inflation_expectations_1y 0.9500340   0.93099938 49.910761 3.953730e-22
h2:inflation_expectations_3y 0.7767195   0.69166028  9.131513 4.698761e-09
h2:inflation                 0.4277629   0.20976781  1.962259 4.092538e-02
h2:economic_activity         0.2840563   0.01131579  1.041489 4.365830e-01

$diagnostic_list$`Shock: inflation_expectations_1y`[[3]]
                               R-sqrd. Adj. R-sqrd.    F-stat      p-value
h3:war                       0.4854320   0.28462502  2.417406 1.164237e-02
h3:inflation_expectations_1y 0.9252474   0.89607565 31.717242 4.968304e-18
h3:inflation_expectations_3y 0.6421958   0.50256483  4.599237 3.966423e-05
h3:inflation                 0.4375225   0.21801912  1.993238 3.826275e-02
h3:economic_activity         0.2898231   0.01268088  1.045756 4.333199e-01

$diagnostic_list$`Shock: inflation_expectations_1y`[[4]]
                               R-sqrd. Adj. R-sqrd.    F-stat      p-value
h4:war                       0.5588386   0.38237407  3.166861 1.568687e-03
h4:inflation_expectations_1y 0.8954551   0.85363720 21.413179 1.037290e-14
h4:inflation_expectations_3y 0.6078610   0.45100534  3.875290 2.534042e-04
h4:inflation                 0.4742121   0.26389694  2.254769 1.890466e-02
h4:economic_activity         0.3033607   0.02470491  1.088657 3.965132e-01

$diagnostic_list$`Shock: inflation_expectations_1y`[[5]]
                               R-sqrd. Adj. R-sqrd.     F-stat      p-value
h5:war                       0.6225241   0.46766214  4.0198653 1.942589e-04
h5:inflation_expectations_1y 0.8590629   0.80124251 14.8574459 7.126885e-12
h5:inflation_expectations_3y 0.6130345   0.45427948  3.8615118 2.858577e-04
h5:inflation                 0.4365745   0.20542558  1.8887153 5.307830e-02
h5:economic_activity         0.2878130  -0.00436631  0.9850561 4.906668e-01

$diagnostic_list$`Shock: inflation_expectations_1y`[[6]]
                               R-sqrd. Adj. R-sqrd.     F-stat      p-value
h6:war                       0.6565923    0.5119996  4.5409778 6.364517e-05
h6:inflation_expectations_1y 0.8147155    0.7367010 10.4431283 2.087016e-09
h6:inflation_expectations_3y 0.5691963    0.3878052  3.1379513 1.910822e-03
h6:inflation                 0.4586227    0.2306744  2.0119590 3.877733e-02
h6:economic_activity         0.2642071   -0.0456005  0.8528102 6.225873e-01

$diagnostic_list$`Shock: inflation_expectations_1y`[[7]]
                               R-sqrd. Adj. R-sqrd.    F-stat      p-value
h7:war                       0.5335905    0.3318999 2.6455896 7.304880e-03
h7:inflation_expectations_1y 0.7542533    0.6479844 7.0975947 4.678364e-07
h7:inflation_expectations_3y 0.4732064    0.2454038 2.0772648 3.331984e-02
h7:inflation                 0.4465901    0.2072778 1.8661390 5.858976e-02
h7:economic_activity         0.1609894   -0.2018259 0.4437227 9.582652e-01

$diagnostic_list$`Shock: inflation_expectations_1y`[[8]]
                               R-sqrd. Adj. R-sqrd.    F-stat      p-value
h8:war                       0.4138264   0.15330478 1.5884532 1.228248e-01
h8:inflation_expectations_1y 0.6972799   0.56273758 5.1826076 2.077275e-05
h8:inflation_expectations_3y 0.3525795   0.06483701 1.2253300 2.966769e-01
h8:inflation                 0.3425372   0.05033156 1.1722470 3.341107e-01
h8:economic_activity         0.2663658  -0.05969390 0.8169234 6.590459e-01

$diagnostic_list$`Shock: inflation_expectations_1y`[[9]]
                               R-sqrd. Adj. R-sqrd.    F-stat      p-value
h9:war                       0.4410056   0.18546533 1.7257772 0.0876693144
h9:inflation_expectations_1y 0.6514864   0.49216583 4.0891552 0.0002461389
h9:inflation_expectations_3y 0.2571152  -0.08248929 0.7571019 0.7190873671
h9:inflation                 0.2830301  -0.04472757 0.8635346 0.6116777373
h9:economic_activity         0.2651018  -0.07085165 0.7891028 0.6870259046

$diagnostic_list$`Shock: inflation_expectations_1y`[[10]]
                                R-sqrd. Adj. R-sqrd.    F-stat     p-value
h10:war                       0.4444409   0.18300131 1.6999755 0.095189318
h10:inflation_expectations_1y 0.5897952   0.39675765 3.0553392 0.003039399
h10:inflation_expectations_3y 0.2212501  -0.14522043 0.6037323 0.858589785
h10:inflation                 0.2791455  -0.06008009 0.8228905 0.652695306
h10:economic_activity         0.3125945  -0.01089049 0.9663338 0.510809568

$diagnostic_list$`Shock: inflation_expectations_1y`[[11]]
                                R-sqrd. Adj. R-sqrd.    F-stat    p-value
h11:war                       0.3748806   0.07179247 1.2368699 0.29325454
h11:inflation_expectations_1y 0.5399046   0.31682800 2.4202657 0.01558402
h11:inflation_expectations_3y 0.2465913  -0.11869772 0.6750581 0.79670973
h11:inflation                 0.2165468  -0.16330924 0.5700760 0.88365334
h11:economic_activity         0.2717220  -0.08138242 0.7695231 0.70602122

$diagnostic_list$`Shock: inflation_expectations_1y`[[12]]
                                R-sqrd. Adj. R-sqrd.    F-stat    p-value
h12:war                       0.2783315  -0.08250280 0.7713554 0.70384516
h12:inflation_expectations_1y 0.4846824   0.22702361 1.8811017 0.06274407
h12:inflation_expectations_3y 0.3226018  -0.01609728 0.9524732 0.52491930
h12:inflation                 0.1738843  -0.23917351 0.4209685 0.96530093
h12:economic_activity         0.3584482   0.03767223 1.1174410 0.38072940


$diagnostic_list$`Shock: inflation_expectations_3y`
$diagnostic_list$`Shock: inflation_expectations_3y`[[1]]
                               R-sqrd. Adj. R-sqrd.     F-stat      p-value
h1:war                       0.6163856   0.47364532   4.318232 6.398917e-05
h1:inflation_expectations_1y 0.9770629   0.96852813 114.480642 6.579205e-30
h1:inflation_expectations_3y 0.8864583   0.84421021  20.982216 2.957521e-15
h1:inflation                 0.5566482   0.39168010   3.374278 7.491100e-04
h1:economic_activity         0.3223314   0.07017564   1.278303 2.541852e-01

$diagnostic_list$`Shock: inflation_expectations_3y`[[2]]
                               R-sqrd. Adj. R-sqrd.    F-stat      p-value
h2:war                       0.4245936   0.20539111  1.936993 4.394031e-02
h2:inflation_expectations_1y 0.9500340   0.93099938 49.910761 3.953730e-22
h2:inflation_expectations_3y 0.7767195   0.69166028  9.131513 4.698761e-09
h2:inflation                 0.4277629   0.20976781  1.962259 4.092538e-02
h2:economic_activity         0.2840563   0.01131579  1.041489 4.365830e-01

$diagnostic_list$`Shock: inflation_expectations_3y`[[3]]
                               R-sqrd. Adj. R-sqrd.    F-stat      p-value
h3:war                       0.4854320   0.28462502  2.417406 1.164237e-02
h3:inflation_expectations_1y 0.9252474   0.89607565 31.717242 4.968304e-18
h3:inflation_expectations_3y 0.6421958   0.50256483  4.599237 3.966423e-05
h3:inflation                 0.4375225   0.21801912  1.993238 3.826275e-02
h3:economic_activity         0.2898231   0.01268088  1.045756 4.333199e-01

$diagnostic_list$`Shock: inflation_expectations_3y`[[4]]
                               R-sqrd. Adj. R-sqrd.    F-stat      p-value
h4:war                       0.5588386   0.38237407  3.166861 1.568687e-03
h4:inflation_expectations_1y 0.8954551   0.85363720 21.413179 1.037290e-14
h4:inflation_expectations_3y 0.6078610   0.45100534  3.875290 2.534042e-04
h4:inflation                 0.4742121   0.26389694  2.254769 1.890466e-02
h4:economic_activity         0.3033607   0.02470491  1.088657 3.965132e-01

$diagnostic_list$`Shock: inflation_expectations_3y`[[5]]
                               R-sqrd. Adj. R-sqrd.     F-stat      p-value
h5:war                       0.6225241   0.46766214  4.0198653 1.942589e-04
h5:inflation_expectations_1y 0.8590629   0.80124251 14.8574459 7.126885e-12
h5:inflation_expectations_3y 0.6130345   0.45427948  3.8615118 2.858577e-04
h5:inflation                 0.4365745   0.20542558  1.8887153 5.307830e-02
h5:economic_activity         0.2878130  -0.00436631  0.9850561 4.906668e-01

$diagnostic_list$`Shock: inflation_expectations_3y`[[6]]
                               R-sqrd. Adj. R-sqrd.     F-stat      p-value
h6:war                       0.6565923    0.5119996  4.5409778 6.364517e-05
h6:inflation_expectations_1y 0.8147155    0.7367010 10.4431283 2.087016e-09
h6:inflation_expectations_3y 0.5691963    0.3878052  3.1379513 1.910822e-03
h6:inflation                 0.4586227    0.2306744  2.0119590 3.877733e-02
h6:economic_activity         0.2642071   -0.0456005  0.8528102 6.225873e-01

$diagnostic_list$`Shock: inflation_expectations_3y`[[7]]
                               R-sqrd. Adj. R-sqrd.    F-stat      p-value
h7:war                       0.5335905    0.3318999 2.6455896 7.304880e-03
h7:inflation_expectations_1y 0.7542533    0.6479844 7.0975947 4.678364e-07
h7:inflation_expectations_3y 0.4732064    0.2454038 2.0772648 3.331984e-02
h7:inflation                 0.4465901    0.2072778 1.8661390 5.858976e-02
h7:economic_activity         0.1609894   -0.2018259 0.4437227 9.582652e-01

$diagnostic_list$`Shock: inflation_expectations_3y`[[8]]
                               R-sqrd. Adj. R-sqrd.    F-stat      p-value
h8:war                       0.4138264   0.15330478 1.5884532 1.228248e-01
h8:inflation_expectations_1y 0.6972799   0.56273758 5.1826076 2.077275e-05
h8:inflation_expectations_3y 0.3525795   0.06483701 1.2253300 2.966769e-01
h8:inflation                 0.3425372   0.05033156 1.1722470 3.341107e-01
h8:economic_activity         0.2663658  -0.05969390 0.8169234 6.590459e-01

$diagnostic_list$`Shock: inflation_expectations_3y`[[9]]
                               R-sqrd. Adj. R-sqrd.    F-stat      p-value
h9:war                       0.4410056   0.18546533 1.7257772 0.0876693144
h9:inflation_expectations_1y 0.6514864   0.49216583 4.0891552 0.0002461389
h9:inflation_expectations_3y 0.2571152  -0.08248929 0.7571019 0.7190873671
h9:inflation                 0.2830301  -0.04472757 0.8635346 0.6116777373
h9:economic_activity         0.2651018  -0.07085165 0.7891028 0.6870259046

$diagnostic_list$`Shock: inflation_expectations_3y`[[10]]
                                R-sqrd. Adj. R-sqrd.    F-stat     p-value
h10:war                       0.4444409   0.18300131 1.6999755 0.095189318
h10:inflation_expectations_1y 0.5897952   0.39675765 3.0553392 0.003039399
h10:inflation_expectations_3y 0.2212501  -0.14522043 0.6037323 0.858589785
h10:inflation                 0.2791455  -0.06008009 0.8228905 0.652695306
h10:economic_activity         0.3125945  -0.01089049 0.9663338 0.510809568

$diagnostic_list$`Shock: inflation_expectations_3y`[[11]]
                                R-sqrd. Adj. R-sqrd.    F-stat    p-value
h11:war                       0.3748806   0.07179247 1.2368699 0.29325454
h11:inflation_expectations_1y 0.5399046   0.31682800 2.4202657 0.01558402
h11:inflation_expectations_3y 0.2465913  -0.11869772 0.6750581 0.79670973
h11:inflation                 0.2165468  -0.16330924 0.5700760 0.88365334
h11:economic_activity         0.2717220  -0.08138242 0.7695231 0.70602122

$diagnostic_list$`Shock: inflation_expectations_3y`[[12]]
                                R-sqrd. Adj. R-sqrd.    F-stat    p-value
h12:war                       0.2783315  -0.08250280 0.7713554 0.70384516
h12:inflation_expectations_1y 0.4846824   0.22702361 1.8811017 0.06274407
h12:inflation_expectations_3y 0.3226018  -0.01609728 0.9524732 0.52491930
h12:inflation                 0.1738843  -0.23917351 0.4209685 0.96530093
h12:economic_activity         0.3584482   0.03767223 1.1174410 0.38072940


$diagnostic_list$`Shock: inflation`
$diagnostic_list$`Shock: inflation`[[1]]
                               R-sqrd. Adj. R-sqrd.     F-stat      p-value
h1:war                       0.6163856   0.47364532   4.318232 6.398917e-05
h1:inflation_expectations_1y 0.9770629   0.96852813 114.480642 6.579205e-30
h1:inflation_expectations_3y 0.8864583   0.84421021  20.982216 2.957521e-15
h1:inflation                 0.5566482   0.39168010   3.374278 7.491100e-04
h1:economic_activity         0.3223314   0.07017564   1.278303 2.541852e-01

$diagnostic_list$`Shock: inflation`[[2]]
                               R-sqrd. Adj. R-sqrd.    F-stat      p-value
h2:war                       0.4245936   0.20539111  1.936993 4.394031e-02
h2:inflation_expectations_1y 0.9500340   0.93099938 49.910761 3.953730e-22
h2:inflation_expectations_3y 0.7767195   0.69166028  9.131513 4.698761e-09
h2:inflation                 0.4277629   0.20976781  1.962259 4.092538e-02
h2:economic_activity         0.2840563   0.01131579  1.041489 4.365830e-01

$diagnostic_list$`Shock: inflation`[[3]]
                               R-sqrd. Adj. R-sqrd.    F-stat      p-value
h3:war                       0.4854320   0.28462502  2.417406 1.164237e-02
h3:inflation_expectations_1y 0.9252474   0.89607565 31.717242 4.968304e-18
h3:inflation_expectations_3y 0.6421958   0.50256483  4.599237 3.966423e-05
h3:inflation                 0.4375225   0.21801912  1.993238 3.826275e-02
h3:economic_activity         0.2898231   0.01268088  1.045756 4.333199e-01

$diagnostic_list$`Shock: inflation`[[4]]
                               R-sqrd. Adj. R-sqrd.    F-stat      p-value
h4:war                       0.5588386   0.38237407  3.166861 1.568687e-03
h4:inflation_expectations_1y 0.8954551   0.85363720 21.413179 1.037290e-14
h4:inflation_expectations_3y 0.6078610   0.45100534  3.875290 2.534042e-04
h4:inflation                 0.4742121   0.26389694  2.254769 1.890466e-02
h4:economic_activity         0.3033607   0.02470491  1.088657 3.965132e-01

$diagnostic_list$`Shock: inflation`[[5]]
                               R-sqrd. Adj. R-sqrd.     F-stat      p-value
h5:war                       0.6225241   0.46766214  4.0198653 1.942589e-04
h5:inflation_expectations_1y 0.8590629   0.80124251 14.8574459 7.126885e-12
h5:inflation_expectations_3y 0.6130345   0.45427948  3.8615118 2.858577e-04
h5:inflation                 0.4365745   0.20542558  1.8887153 5.307830e-02
h5:economic_activity         0.2878130  -0.00436631  0.9850561 4.906668e-01

$diagnostic_list$`Shock: inflation`[[6]]
                               R-sqrd. Adj. R-sqrd.     F-stat      p-value
h6:war                       0.6565923    0.5119996  4.5409778 6.364517e-05
h6:inflation_expectations_1y 0.8147155    0.7367010 10.4431283 2.087016e-09
h6:inflation_expectations_3y 0.5691963    0.3878052  3.1379513 1.910822e-03
h6:inflation                 0.4586227    0.2306744  2.0119590 3.877733e-02
h6:economic_activity         0.2642071   -0.0456005  0.8528102 6.225873e-01

$diagnostic_list$`Shock: inflation`[[7]]
                               R-sqrd. Adj. R-sqrd.    F-stat      p-value
h7:war                       0.5335905    0.3318999 2.6455896 7.304880e-03
h7:inflation_expectations_1y 0.7542533    0.6479844 7.0975947 4.678364e-07
h7:inflation_expectations_3y 0.4732064    0.2454038 2.0772648 3.331984e-02
h7:inflation                 0.4465901    0.2072778 1.8661390 5.858976e-02
h7:economic_activity         0.1609894   -0.2018259 0.4437227 9.582652e-01

$diagnostic_list$`Shock: inflation`[[8]]
                               R-sqrd. Adj. R-sqrd.    F-stat      p-value
h8:war                       0.4138264   0.15330478 1.5884532 1.228248e-01
h8:inflation_expectations_1y 0.6972799   0.56273758 5.1826076 2.077275e-05
h8:inflation_expectations_3y 0.3525795   0.06483701 1.2253300 2.966769e-01
h8:inflation                 0.3425372   0.05033156 1.1722470 3.341107e-01
h8:economic_activity         0.2663658  -0.05969390 0.8169234 6.590459e-01

$diagnostic_list$`Shock: inflation`[[9]]
                               R-sqrd. Adj. R-sqrd.    F-stat      p-value
h9:war                       0.4410056   0.18546533 1.7257772 0.0876693144
h9:inflation_expectations_1y 0.6514864   0.49216583 4.0891552 0.0002461389
h9:inflation_expectations_3y 0.2571152  -0.08248929 0.7571019 0.7190873671
h9:inflation                 0.2830301  -0.04472757 0.8635346 0.6116777373
h9:economic_activity         0.2651018  -0.07085165 0.7891028 0.6870259046

$diagnostic_list$`Shock: inflation`[[10]]
                                R-sqrd. Adj. R-sqrd.    F-stat     p-value
h10:war                       0.4444409   0.18300131 1.6999755 0.095189318
h10:inflation_expectations_1y 0.5897952   0.39675765 3.0553392 0.003039399
h10:inflation_expectations_3y 0.2212501  -0.14522043 0.6037323 0.858589785
h10:inflation                 0.2791455  -0.06008009 0.8228905 0.652695306
h10:economic_activity         0.3125945  -0.01089049 0.9663338 0.510809568

$diagnostic_list$`Shock: inflation`[[11]]
                                R-sqrd. Adj. R-sqrd.    F-stat    p-value
h11:war                       0.3748806   0.07179247 1.2368699 0.29325454
h11:inflation_expectations_1y 0.5399046   0.31682800 2.4202657 0.01558402
h11:inflation_expectations_3y 0.2465913  -0.11869772 0.6750581 0.79670973
h11:inflation                 0.2165468  -0.16330924 0.5700760 0.88365334
h11:economic_activity         0.2717220  -0.08138242 0.7695231 0.70602122

$diagnostic_list$`Shock: inflation`[[12]]
                                R-sqrd. Adj. R-sqrd.    F-stat    p-value
h12:war                       0.2783315  -0.08250280 0.7713554 0.70384516
h12:inflation_expectations_1y 0.4846824   0.22702361 1.8811017 0.06274407
h12:inflation_expectations_3y 0.3226018  -0.01609728 0.9524732 0.52491930
h12:inflation                 0.1738843  -0.23917351 0.4209685 0.96530093
h12:economic_activity         0.3584482   0.03767223 1.1174410 0.38072940


$diagnostic_list$`Shock: economic_activity`
$diagnostic_list$`Shock: economic_activity`[[1]]
                               R-sqrd. Adj. R-sqrd.     F-stat      p-value
h1:war                       0.6163856   0.47364532   4.318232 6.398917e-05
h1:inflation_expectations_1y 0.9770629   0.96852813 114.480642 6.579205e-30
h1:inflation_expectations_3y 0.8864583   0.84421021  20.982216 2.957521e-15
h1:inflation                 0.5566482   0.39168010   3.374278 7.491100e-04
h1:economic_activity         0.3223314   0.07017564   1.278303 2.541852e-01

$diagnostic_list$`Shock: economic_activity`[[2]]
                               R-sqrd. Adj. R-sqrd.    F-stat      p-value
h2:war                       0.4245936   0.20539111  1.936993 4.394031e-02
h2:inflation_expectations_1y 0.9500340   0.93099938 49.910761 3.953730e-22
h2:inflation_expectations_3y 0.7767195   0.69166028  9.131513 4.698761e-09
h2:inflation                 0.4277629   0.20976781  1.962259 4.092538e-02
h2:economic_activity         0.2840563   0.01131579  1.041489 4.365830e-01

$diagnostic_list$`Shock: economic_activity`[[3]]
                               R-sqrd. Adj. R-sqrd.    F-stat      p-value
h3:war                       0.4854320   0.28462502  2.417406 1.164237e-02
h3:inflation_expectations_1y 0.9252474   0.89607565 31.717242 4.968304e-18
h3:inflation_expectations_3y 0.6421958   0.50256483  4.599237 3.966423e-05
h3:inflation                 0.4375225   0.21801912  1.993238 3.826275e-02
h3:economic_activity         0.2898231   0.01268088  1.045756 4.333199e-01

$diagnostic_list$`Shock: economic_activity`[[4]]
                               R-sqrd. Adj. R-sqrd.    F-stat      p-value
h4:war                       0.5588386   0.38237407  3.166861 1.568687e-03
h4:inflation_expectations_1y 0.8954551   0.85363720 21.413179 1.037290e-14
h4:inflation_expectations_3y 0.6078610   0.45100534  3.875290 2.534042e-04
h4:inflation                 0.4742121   0.26389694  2.254769 1.890466e-02
h4:economic_activity         0.3033607   0.02470491  1.088657 3.965132e-01

$diagnostic_list$`Shock: economic_activity`[[5]]
                               R-sqrd. Adj. R-sqrd.     F-stat      p-value
h5:war                       0.6225241   0.46766214  4.0198653 1.942589e-04
h5:inflation_expectations_1y 0.8590629   0.80124251 14.8574459 7.126885e-12
h5:inflation_expectations_3y 0.6130345   0.45427948  3.8615118 2.858577e-04
h5:inflation                 0.4365745   0.20542558  1.8887153 5.307830e-02
h5:economic_activity         0.2878130  -0.00436631  0.9850561 4.906668e-01

$diagnostic_list$`Shock: economic_activity`[[6]]
                               R-sqrd. Adj. R-sqrd.     F-stat      p-value
h6:war                       0.6565923    0.5119996  4.5409778 6.364517e-05
h6:inflation_expectations_1y 0.8147155    0.7367010 10.4431283 2.087016e-09
h6:inflation_expectations_3y 0.5691963    0.3878052  3.1379513 1.910822e-03
h6:inflation                 0.4586227    0.2306744  2.0119590 3.877733e-02
h6:economic_activity         0.2642071   -0.0456005  0.8528102 6.225873e-01

$diagnostic_list$`Shock: economic_activity`[[7]]
                               R-sqrd. Adj. R-sqrd.    F-stat      p-value
h7:war                       0.5335905    0.3318999 2.6455896 7.304880e-03
h7:inflation_expectations_1y 0.7542533    0.6479844 7.0975947 4.678364e-07
h7:inflation_expectations_3y 0.4732064    0.2454038 2.0772648 3.331984e-02
h7:inflation                 0.4465901    0.2072778 1.8661390 5.858976e-02
h7:economic_activity         0.1609894   -0.2018259 0.4437227 9.582652e-01

$diagnostic_list$`Shock: economic_activity`[[8]]
                               R-sqrd. Adj. R-sqrd.    F-stat      p-value
h8:war                       0.4138264   0.15330478 1.5884532 1.228248e-01
h8:inflation_expectations_1y 0.6972799   0.56273758 5.1826076 2.077275e-05
h8:inflation_expectations_3y 0.3525795   0.06483701 1.2253300 2.966769e-01
h8:inflation                 0.3425372   0.05033156 1.1722470 3.341107e-01
h8:economic_activity         0.2663658  -0.05969390 0.8169234 6.590459e-01

$diagnostic_list$`Shock: economic_activity`[[9]]
                               R-sqrd. Adj. R-sqrd.    F-stat      p-value
h9:war                       0.4410056   0.18546533 1.7257772 0.0876693144
h9:inflation_expectations_1y 0.6514864   0.49216583 4.0891552 0.0002461389
h9:inflation_expectations_3y 0.2571152  -0.08248929 0.7571019 0.7190873671
h9:inflation                 0.2830301  -0.04472757 0.8635346 0.6116777373
h9:economic_activity         0.2651018  -0.07085165 0.7891028 0.6870259046

$diagnostic_list$`Shock: economic_activity`[[10]]
                                R-sqrd. Adj. R-sqrd.    F-stat     p-value
h10:war                       0.4444409   0.18300131 1.6999755 0.095189318
h10:inflation_expectations_1y 0.5897952   0.39675765 3.0553392 0.003039399
h10:inflation_expectations_3y 0.2212501  -0.14522043 0.6037323 0.858589785
h10:inflation                 0.2791455  -0.06008009 0.8228905 0.652695306
h10:economic_activity         0.3125945  -0.01089049 0.9663338 0.510809568

$diagnostic_list$`Shock: economic_activity`[[11]]
                                R-sqrd. Adj. R-sqrd.    F-stat    p-value
h11:war                       0.3748806   0.07179247 1.2368699 0.29325454
h11:inflation_expectations_1y 0.5399046   0.31682800 2.4202657 0.01558402
h11:inflation_expectations_3y 0.2465913  -0.11869772 0.6750581 0.79670973
h11:inflation                 0.2165468  -0.16330924 0.5700760 0.88365334
h11:economic_activity         0.2717220  -0.08138242 0.7695231 0.70602122

$diagnostic_list$`Shock: economic_activity`[[12]]
                                R-sqrd. Adj. R-sqrd.    F-stat    p-value
h12:war                       0.2783315  -0.08250280 0.7713554 0.70384516
h12:inflation_expectations_1y 0.4846824   0.22702361 1.8811017 0.06274407
h12:inflation_expectations_3y 0.3226018  -0.01609728 0.9524732 0.52491930
h12:inflation                 0.1738843  -0.23917351 0.4209685 0.96530093
h12:economic_activity         0.3584482   0.03767223 1.1174410 0.38072940



$specs
$specs$lags_endog_lin
SC(n) 
    1 

$specs$lags_criterion
[1] NaN

$specs$max_lags
[1] NaN

$specs$trend
[1] 0

$specs$shock_type
[1] 0

$specs$confint
[1] 1.65

$specs$hor
[1] 12

$specs$use_nw
[1] TRUE

$specs$nw_prewhite
[1] FALSE

$specs$adjust_se
[1] FALSE

$specs$use_twosls
[1] FALSE

$specs$contemp_data
$specs$contemp_data$dummy
 [1] 0 0 0 0 0 0 0 0 0 0 0 0 0 0 0 0 0 0 0 0 0 0 0 0 0 0 1 1 1 1 0 1 0 1 0 0 0 0 0 0 0 0 0 0 0 0 0 0 0 0 0 0 0 0 0 0 0 0 0 0
[61] 0

$specs$contemp_data$Jan
 [1] 0 0 0 0 0 0 0 0 0 0 0 1 0 0 0 0 0 0 0 0 0 0 0 1 0 0 0 0 0 0 0 0 0 0 0 1 0 0 0 0 0 0 0 0 0 0 0 1 0 0 0 0 0 0 0 0 0 0 0 1
[61] 0

$specs$contemp_data$Feb
 [1] 1 0 0 0 0 0 0 0 0 0 0 0 1 0 0 0 0 0 0 0 0 0 0 0 1 0 0 0 0 0 0 0 0 0 0 0 1 0 0 0 0 0 0 0 0 0 0 0 1 0 0 0 0 0 0 0 0 0 0 0
[61] 1

$specs$contemp_data$Mar
 [1] 0 1 0 0 0 0 0 0 0 0 0 0 0 1 0 0 0 0 0 0 0 0 0 0 0 1 0 0 0 0 0 0 0 0 0 0 0 1 0 0 0 0 0 0 0 0 0 0 0 1 0 0 0 0 0 0 0 0 0 0
[61] 0

$specs$contemp_data$Apr
 [1] 0 0 1 0 0 0 0 0 0 0 0 0 0 0 1 0 0 0 0 0 0 0 0 0 0 0 1 0 0 0 0 0 0 0 0 0 0 0 1 0 0 0 0 0 0 0 0 0 0 0 1 0 0 0 0 0 0 0 0 0
[61] 0

$specs$contemp_data$May
 [1] 0 0 0 1 0 0 0 0 0 0 0 0 0 0 0 1 0 0 0 0 0 0 0 0 0 0 0 1 0 0 0 0 0 0 0 0 0 0 0 1 0 0 0 0 0 0 0 0 0 0 0 1 0 0 0 0 0 0 0 0
[61] 0

$specs$contemp_data$Jun
 [1] 0 0 0 0 1 0 0 0 0 0 0 0 0 0 0 0 1 0 0 0 0 0 0 0 0 0 0 0 1 0 0 0 0 0 0 0 0 0 0 0 1 0 0 0 0 0 0 0 0 0 0 0 1 0 0 0 0 0 0 0
[61] 0

$specs$contemp_data$Jul
 [1] 0 0 0 0 0 1 0 0 0 0 0 0 0 0 0 0 0 1 0 0 0 0 0 0 0 0 0 0 0 1 0 0 0 0 0 0 0 0 0 0 0 1 0 0 0 0 0 0 0 0 0 0 0 1 0 0 0 0 0 0
[61] 0

$specs$contemp_data$Aug
 [1] 0 0 0 0 0 0 1 0 0 0 0 0 0 0 0 0 0 0 1 0 0 0 0 0 0 0 0 0 0 0 1 0 0 0 0 0 0 0 0 0 0 0 1 0 0 0 0 0 0 0 0 0 0 0 1 0 0 0 0 0
[61] 0

$specs$contemp_data$Sep
 [1] 0 0 0 0 0 0 0 1 0 0 0 0 0 0 0 0 0 0 0 1 0 0 0 0 0 0 0 0 0 0 0 1 0 0 0 0 0 0 0 0 0 0 0 1 0 0 0 0 0 0 0 0 0 0 0 1 0 0 0 0
[61] 0

$specs$contemp_data$Oct
 [1] 0 0 0 0 0 0 0 0 1 0 0 0 0 0 0 0 0 0 0 0 1 0 0 0 0 0 0 0 0 0 0 0 1 0 0 0 0 0 0 0 0 0 0 0 1 0 0 0 0 0 0 0 0 0 0 0 1 0 0 0
[61] 0


$specs$model_type
[1] 0

$specs$starts
[1] 1

$specs$ends
[1] 61

$specs$column_names
[1] "war"                       "inflation_expectations_1y" "inflation_expectations_3y" "inflation"                
[5] "economic_activity"        

$specs$endog
[1] 5

$specs$y_lin
             war inflation_expectations_1y inflation_expectations_3y    inflation economic_activity
2  -9.551720e-05                  2.831908                  2.884280  0.032745451        0.02976223
3  -1.951592e-04                  2.752288                  2.908013  0.002310570        0.03672057
4  -1.835921e-03                  2.980844                  2.969947  0.031662657        0.02660601
5   1.708977e-03                  2.980844                  2.961960  0.027403122        0.04356130
6  -1.944786e-04                  2.980844                  3.000000  0.010862582        0.01757053
7  -1.072071e-03                  2.982717                  2.883912  0.009406502        0.03236078
8  -3.577568e-03                  3.000000                  3.000000  0.021640425        0.02930438
9   5.034002e-03                  2.995079                  3.000000  0.025003951        0.02923299
10 -1.724734e-03                  3.000000                  3.000000  0.028405410        0.02229492
11 -3.362595e-03                  2.969947                  2.883912 -0.008420605        0.02323041
12 -5.056441e-03                  3.000000                  2.980844  0.008246918        0.01734758
13 -5.894916e-03                  2.969947                  2.969947 -0.002323999        0.03391158
14 -2.491858e-03                  2.793575                  2.768439  0.029025084        0.02600387
15 -1.245224e-03                  2.816437                  2.864411  0.042416785        0.02691934
16  1.295093e-03                  2.598124                  2.693518  0.048586660        0.03757401
17 -1.334793e-03                  2.453082                  2.593332  0.003720327        0.02002637
18 -7.049588e-03                  2.670152                  2.662437 -0.006141925        0.02480201
19 -4.820938e-03                  2.590599                  2.579365  0.024993882        0.02186920
20 -6.920836e-03                  2.414448                  2.501432  0.017681720        0.02278745
21 -5.609526e-03                  2.483634                  2.374794  0.021370449        0.03620964
22 -6.871237e-03                  2.330186                  2.378875  0.034784574        0.01981848
23 -2.764486e-03                  2.347553                  2.521351  0.026361361        0.02549842
24 -5.578283e-03                  2.527644                  2.537525  0.038444527        0.02259084
25 -7.857015e-03                  2.495654                  2.537525  0.019694440        0.03781474
26 -4.907459e-03                  2.537525                  2.588670  0.009814561        0.03578346
27 -1.513068e-02                  2.537525                  2.399339 -0.050912346       -0.07956922
28 -6.859683e-03                  2.623311                  2.623311 -0.090824177       -0.77070172
29 -6.177761e-03                  3.000000                  2.610335 -0.010450429        0.21339722
30 -1.841776e-03                  2.681402                  2.473736  0.053592068        0.21330076
31 -2.509594e-03                  2.887446                  2.731703  0.061866907        0.02971606
32 -2.967572e-03                  3.000000                  2.980844  0.053808986        0.15791953
33 -8.095808e-04                  2.980844                  2.742111  0.028930510        0.07717705
34 -1.389135e-03                  2.836102                  2.702108  0.011918979        0.10115859
35 -3.254105e-03                  2.962508                  2.819740  0.024543630        0.04507153
36 -8.292801e-04                  3.000000                  2.980844  0.057557700        0.01677041
37  1.433684e-03                  3.046669                  3.028186  0.028496735        0.06736316
38 -8.328990e-04                  3.090884                  3.000000  0.045997380        0.05066022
39  9.142863e-05                  3.244256                  3.092952  0.059503194        0.06160136
40  1.383939e-03                  3.360180                  3.098045  0.082225516        0.03720211
41  3.622220e-03                  4.000000                  3.569710  0.082531234        0.06412900
42  2.497000e-03                  4.801745                  3.546918  0.098347464        0.05475905
43  1.201637e-03                  4.842451                  3.711669  0.054649100        0.08879717
44  9.687874e-04                  5.179827                  3.999662  0.049840953        0.06602323
45  2.736583e-03                  5.310169                  4.193985  0.052018077        0.07861505
46  3.636328e-03                  5.653467                  4.211177  0.114305741        0.06819482
47  5.030833e-03                  6.000000                  4.011200  0.098833469        0.06879133
48  4.755651e-03                  5.990274                  4.000000  0.097421769        0.06937609
49  8.223435e-03                  5.788440                  3.477248  0.075404740        0.03542764
50  4.657407e-02                  6.000000                  3.774801  0.088488916        0.07849205
51  9.750120e-02                  6.583898                  3.674923  0.126900569        0.05112829
52  4.400930e-02                  6.345438                  3.902376  0.048497289        0.04431433
53  1.595344e-02                  6.576015                  3.879077  0.115684054        0.03389257
54  1.292749e-02                  6.775855                  3.618484  0.151285219        0.03843642
55  2.167610e-03                  6.223626                  3.182451 -0.004064650        0.05041760
56  2.279664e-03                  5.745714                  2.755268  0.028517738        0.02896168
57  5.325463e-04                  5.440794                  2.909971  0.050566174        0.04915587
58  1.162272e-04                  5.944291                  3.110663  0.060045147        0.03059615
59  1.641536e-03                  5.228549                  2.997374  0.024858721        0.04330825
60 -2.696571e-03                  4.993469                  2.992784  0.015857387        0.03585464
61 -1.465444e-03                  4.954980                  2.711993  0.063675095        0.04576300

$specs$x_lin
       war_lag_1 inflation_expectations_1y_lag_1 inflation_expectations_3y_lag_1 inflation_lag_1 economic_activity_lag_1
2   3.776909e-04                        2.711993                        2.793575     0.052137819              0.02580719
3  -9.551720e-05                        2.831908                        2.884280     0.032745451              0.02976223
4  -1.951592e-04                        2.752288                        2.908013     0.002310570              0.03672057
5  -1.835921e-03                        2.980844                        2.969947     0.031662657              0.02660601
6   1.708977e-03                        2.980844                        2.961960     0.027403122              0.04356130
7  -1.944786e-04                        2.980844                        3.000000     0.010862582              0.01757053
8  -1.072071e-03                        2.982717                        2.883912     0.009406502              0.03236078
9  -3.577568e-03                        3.000000                        3.000000     0.021640425              0.02930438
10  5.034002e-03                        2.995079                        3.000000     0.025003951              0.02923299
11 -1.724734e-03                        3.000000                        3.000000     0.028405410              0.02229492
12 -3.362595e-03                        2.969947                        2.883912    -0.008420605              0.02323041
13 -5.056441e-03                        3.000000                        2.980844     0.008246918              0.01734758
14 -5.894916e-03                        2.969947                        2.969947    -0.002323999              0.03391158
15 -2.491858e-03                        2.793575                        2.768439     0.029025084              0.02600387
16 -1.245224e-03                        2.816437                        2.864411     0.042416785              0.02691934
17  1.295093e-03                        2.598124                        2.693518     0.048586660              0.03757401
18 -1.334793e-03                        2.453082                        2.593332     0.003720327              0.02002637
19 -7.049588e-03                        2.670152                        2.662437    -0.006141925              0.02480201
20 -4.820938e-03                        2.590599                        2.579365     0.024993882              0.02186920
21 -6.920836e-03                        2.414448                        2.501432     0.017681720              0.02278745
22 -5.609526e-03                        2.483634                        2.374794     0.021370449              0.03620964
23 -6.871237e-03                        2.330186                        2.378875     0.034784574              0.01981848
24 -2.764486e-03                        2.347553                        2.521351     0.026361361              0.02549842
25 -5.578283e-03                        2.527644                        2.537525     0.038444527              0.02259084
26 -7.857015e-03                        2.495654                        2.537525     0.019694440              0.03781474
27 -4.907459e-03                        2.537525                        2.588670     0.009814561              0.03578346
28 -1.513068e-02                        2.537525                        2.399339    -0.050912346             -0.07956922
29 -6.859683e-03                        2.623311                        2.623311    -0.090824177             -0.77070172
30 -6.177761e-03                        3.000000                        2.610335    -0.010450429              0.21339722
31 -1.841776e-03                        2.681402                        2.473736     0.053592068              0.21330076
32 -2.509594e-03                        2.887446                        2.731703     0.061866907              0.02971606
33 -2.967572e-03                        3.000000                        2.980844     0.053808986              0.15791953
34 -8.095808e-04                        2.980844                        2.742111     0.028930510              0.07717705
35 -1.389135e-03                        2.836102                        2.702108     0.011918979              0.10115859
36 -3.254105e-03                        2.962508                        2.819740     0.024543630              0.04507153
37 -8.292801e-04                        3.000000                        2.980844     0.057557700              0.01677041
38  1.433684e-03                        3.046669                        3.028186     0.028496735              0.06736316
39 -8.328990e-04                        3.090884                        3.000000     0.045997380              0.05066022
40  9.142863e-05                        3.244256                        3.092952     0.059503194              0.06160136
41  1.383939e-03                        3.360180                        3.098045     0.082225516              0.03720211
42  3.622220e-03                        4.000000                        3.569710     0.082531234              0.06412900
43  2.497000e-03                        4.801745                        3.546918     0.098347464              0.05475905
44  1.201637e-03                        4.842451                        3.711669     0.054649100              0.08879717
45  9.687874e-04                        5.179827                        3.999662     0.049840953              0.06602323
46  2.736583e-03                        5.310169                        4.193985     0.052018077              0.07861505
47  3.636328e-03                        5.653467                        4.211177     0.114305741              0.06819482
48  5.030833e-03                        6.000000                        4.011200     0.098833469              0.06879133
49  4.755651e-03                        5.990274                        4.000000     0.097421769              0.06937609
50  8.223435e-03                        5.788440                        3.477248     0.075404740              0.03542764
51  4.657407e-02                        6.000000                        3.774801     0.088488916              0.07849205
52  9.750120e-02                        6.583898                        3.674923     0.126900569              0.05112829
53  4.400930e-02                        6.345438                        3.902376     0.048497289              0.04431433
54  1.595344e-02                        6.576015                        3.879077     0.115684054              0.03389257
55  1.292749e-02                        6.775855                        3.618484     0.151285219              0.03843642
56  2.167610e-03                        6.223626                        3.182451    -0.004064650              0.05041760
57  2.279664e-03                        5.745714                        2.755268     0.028517738              0.02896168
58  5.325463e-04                        5.440794                        2.909971     0.050566174              0.04915587
59  1.162272e-04                        5.944291                        3.110663     0.060045147              0.03059615
60  1.641536e-03                        5.228549                        2.997374     0.024858721              0.04330825
61 -2.696571e-03                        4.993469                        2.992784     0.015857387              0.03585464
   dummy Jan Feb Mar Apr May Jun Jul Aug Sep Oct
2      0   0   0   1   0   0   0   0   0   0   0
3      0   0   0   0   1   0   0   0   0   0   0
4      0   0   0   0   0   1   0   0   0   0   0
5      0   0   0   0   0   0   1   0   0   0   0
6      0   0   0   0   0   0   0   1   0   0   0
7      0   0   0   0   0   0   0   0   1   0   0
8      0   0   0   0   0   0   0   0   0   1   0
9      0   0   0   0   0   0   0   0   0   0   1
10     0   0   0   0   0   0   0   0   0   0   0
11     0   0   0   0   0   0   0   0   0   0   0
12     0   1   0   0   0   0   0   0   0   0   0
13     0   0   1   0   0   0   0   0   0   0   0
14     0   0   0   1   0   0   0   0   0   0   0
15     0   0   0   0   1   0   0   0   0   0   0
16     0   0   0   0   0   1   0   0   0   0   0
17     0   0   0   0   0   0   1   0   0   0   0
18     0   0   0   0   0   0   0   1   0   0   0
19     0   0   0   0   0   0   0   0   1   0   0
20     0   0   0   0   0   0   0   0   0   1   0
21     0   0   0   0   0   0   0   0   0   0   1
22     0   0   0   0   0   0   0   0   0   0   0
23     0   0   0   0   0   0   0   0   0   0   0
24     0   1   0   0   0   0   0   0   0   0   0
25     0   0   1   0   0   0   0   0   0   0   0
26     0   0   0   1   0   0   0   0   0   0   0
27     1   0   0   0   1   0   0   0   0   0   0
28     1   0   0   0   0   1   0   0   0   0   0
29     1   0   0   0   0   0   1   0   0   0   0
30     1   0   0   0   0   0   0   1   0   0   0
31     0   0   0   0   0   0   0   0   1   0   0
32     1   0   0   0   0   0   0   0   0   1   0
33     0   0   0   0   0   0   0   0   0   0   1
34     1   0   0   0   0   0   0   0   0   0   0
35     0   0   0   0   0   0   0   0   0   0   0
36     0   1   0   0   0   0   0   0   0   0   0
37     0   0   1   0   0   0   0   0   0   0   0
38     0   0   0   1   0   0   0   0   0   0   0
39     0   0   0   0   1   0   0   0   0   0   0
40     0   0   0   0   0   1   0   0   0   0   0
41     0   0   0   0   0   0   1   0   0   0   0
42     0   0   0   0   0   0   0   1   0   0   0
43     0   0   0   0   0   0   0   0   1   0   0
44     0   0   0   0   0   0   0   0   0   1   0
45     0   0   0   0   0   0   0   0   0   0   1
46     0   0   0   0   0   0   0   0   0   0   0
47     0   0   0   0   0   0   0   0   0   0   0
48     0   1   0   0   0   0   0   0   0   0   0
49     0   0   1   0   0   0   0   0   0   0   0
50     0   0   0   1   0   0   0   0   0   0   0
51     0   0   0   0   1   0   0   0   0   0   0
52     0   0   0   0   0   1   0   0   0   0   0
53     0   0   0   0   0   0   1   0   0   0   0
54     0   0   0   0   0   0   0   1   0   0   0
55     0   0   0   0   0   0   0   0   1   0   0
56     0   0   0   0   0   0   0   0   0   1   0
57     0   0   0   0   0   0   0   0   0   0   1
58     0   0   0   0   0   0   0   0   0   0   0
59     0   0   0   0   0   0   0   0   0   0   0
60     0   1   0   0   0   0   0   0   0   0   0
61     0   0   1   0   0   0   0   0   0   0   0


attr(,"class")
[1] "lpirfs_lin_obj"
