[1] "taxes"                "djn level estimation"
                   1             2             3             4             5             6
AIC(n) -2.664873e+01 -2.647685e+01 -2.659284e+01 -2.716947e+01 -2.716285e+01 -2.941999e+01
HQ(n)  -2.544130e+01 -2.491429e+01 -2.467515e+01 -2.489666e+01 -2.453491e+01 -2.643692e+01
SC(n)  -2.351793e+01 -2.242521e+01 -2.162038e+01 -2.127619e+01 -2.034873e+01 -2.168505e+01
FPE(n)  2.983059e-12  4.075882e-12  4.623938e-12  3.865711e-12  7.422779e-12  2.294386e-12
                   1             2             3             4             5             6
AIC(n) -2.664873e+01 -2.647685e+01 -2.659284e+01 -2.716947e+01 -2.716285e+01 -2.941999e+01
HQ(n)  -2.544130e+01 -2.491429e+01 -2.467515e+01 -2.489666e+01 -2.453491e+01 -2.643692e+01
SC(n)  -2.351793e+01 -2.242521e+01 -2.162038e+01 -2.127619e+01 -2.034873e+01 -2.168505e+01
FPE(n)  2.983059e-12  4.075882e-12  4.623938e-12  3.865711e-12  7.422779e-12  2.294386e-12
$irf_lin_mean
, , 1

            [,1]         [,2]          [,3]          [,4]          [,5]          [,6]         [,7]        [,8]          [,9]
[1,] 0.006379473 -0.002725799 -0.0008146421  0.0008755245  3.118058e-05 -0.0005439722 -0.001179938 0.002792885 -0.0002632648
[2,] 0.041992989  0.040380793 -0.0160097741  0.0606522380  1.610813e-02 -0.0036743671  0.033204707 0.020870531  0.0061772335
[3,] 0.052030260  0.007183237  0.0098436458  0.0145021122 -1.414187e-02 -0.0141978941  0.042850406 0.010503253  0.0129564504
[4,] 0.008937147  0.007795973  0.0016221178 -0.0014956597  6.537860e-03  0.0040656727  0.002873647 0.009178615  0.0091852918
[5,] 0.016971218  0.038355876 -0.0163586209 -0.0084172769  1.303367e-02  0.0154971005 -0.027567765 0.016199861  0.0284439303
             [,10]         [,11]         [,12]        [,13]
[1,] -0.0009912683 -0.0005118247  0.0009153045 -0.002132799
[2,]  0.0314651090  0.0116953812  0.0213277846 -0.004997750
[3,] -0.0176129375  0.0058864531 -0.0072682217 -0.032666671
[4,]  0.0049011613  0.0047838284  0.0053651810  0.004189584
[5,]  0.0001418314 -0.0120511391  0.0102854018  0.014303346

, , 2

             [,1]         [,2]          [,3]          [,4]          [,5]         [,6]         [,7]          [,8]
[1,]  0.000000000 0.0002215324 -0.0005067098  0.0002111703  0.0005406477 -0.001216456 0.0007944371  0.0009965969
[2,]  0.213128037 0.0392496209 -0.0022575981  0.0781971715  0.0794582688  0.030952621 0.0102295431  0.0533511191
[3,]  0.089241609 0.0089442387  0.0016466152  0.0133341363  0.0259502616 -0.034969242 0.0029098943 -0.0012620872
[4,]  0.008175471 0.0059528214  0.0022458322  0.0125961105  0.0095495831  0.006888719 0.0102839898  0.0181573555
[5,] -0.023570622 0.0173830605  0.0109477695 -0.0028980522 -0.0060859669  0.007307657 0.0288360290 -0.0057035612
              [,9]         [,10]         [,11]         [,12]       [,13]
[1,] -0.0009124879 -0.0009077997 -0.0002580731  0.0009436461 -0.00164838
[2,] -0.0117879394 -0.0348972062 -0.0032301822 -0.0253081485 -0.07793319
[3,] -0.0071970200 -0.0415581222 -0.0236832873 -0.0255564317 -0.05748943
[4,]  0.0118740671  0.0082096641  0.0076635714  0.0141305178  0.01961172
[5,]  0.0239148269  0.0070344373 -0.0159331599  0.0352035206  0.02101744

, , 3

             [,1]          [,2]          [,3]          [,4]          [,5]         [,6]         [,7]         [,8]        [,9]
[1,]  0.000000000 -0.0006339232  0.0008732409 -0.0000903541 -0.0003829781  0.001674638 -0.001012332  0.003512184 -0.00302746
[2,]  0.000000000  0.1197084755 -0.0432724357  0.0209955510 -0.0141036867  0.039616809  0.134617745 -0.019992560  0.08239662
[3,]  0.172971899  0.0037449571  0.0096047885 -0.0365458041 -0.0212634125  0.056459299  0.024234629  0.077465334 -0.01790118
[4,] -0.008099337  0.0040719886 -0.0035862151 -0.0052124426 -0.0006764028 -0.005810626  0.005007517  0.005575292  0.01090619
[5,] -0.002760219 -0.0017533487  0.0063305507 -0.0049458977  0.0109380468 -0.028189831  0.001914354  0.034320362  0.01950045
            [,10]        [,11]         [,12]         [,13]
[1,]  0.001912925 -0.001300433 -0.0017234798  0.0011191211
[2,] -0.004534781  0.140426261  0.0002272754  0.0218449766
[3,]  0.054670081 -0.012581590 -0.0451707305 -0.0047925284
[4,]  0.011799569  0.010931993  0.0072878732  0.0008147425
[5,]  0.018505970 -0.011064559  0.0207673818  0.0056633577

, , 4

           [,1]         [,2]          [,3]          [,4]          [,5]          [,6]          [,7]          [,8]
[1,] 0.00000000 -0.000947551 -0.0001638001  0.0007263331 -0.0008442648  5.069562e-05  0.0001005157  0.0004227317
[2,] 0.00000000  0.021790029  0.0192772096 -0.0384293196  0.0021383443  2.918946e-03 -0.0140844161 -0.0397155550
[3,] 0.00000000 -0.010790371 -0.0279210347 -0.0359938156 -0.0037776401  1.787483e-02 -0.0045762663 -0.0278734575
[4,] 0.02893013  0.017582017  0.0109841562  0.0080754899  0.0092691175  1.128019e-02  0.0102271866  0.0111418863
[5,] 0.04255479  0.009640200 -0.0062414184  0.0112290067  0.0120176431 -7.140156e-03 -0.0024041773  0.0213074772
              [,9]         [,10]       [,11]        [,12]         [,13]
[1,] -0.0007718506  0.0009436920 0.000153805 -0.001229553  2.638087e-05
[2,] -0.0180368143 -0.0008198257 0.024820364  0.018212983  2.168764e-02
[3,] -0.0316750228  0.0034086304 0.002628151  0.005386177  1.707530e-02
[4,]  0.0131888424  0.0140704606 0.017153234  0.010002209 -7.241550e-05
[5,]  0.0022809890  0.0148456499 0.031719837 -0.004376444 -2.500714e-02

, , 5

           [,1]          [,2]          [,3]          [,4]          [,5]          [,6]        [,7]          [,8]
[1,] 0.00000000 -0.0004105388 -0.0005895332  0.0002007306  0.0004872044 -0.0003577402 0.001575776 -0.0002784631
[2,] 0.00000000 -0.0320426027  0.0897756989  0.0157349301 -0.0279219673  0.0083929649 0.079157317  0.0147566429
[3,] 0.00000000  0.0155743140  0.0627302935 -0.0167534862 -0.0385156751  0.0408595967 0.036234173  0.0159133678
[4,] 0.00000000  0.0002291728 -0.0023898174 -0.0053653646 -0.0048801159 -0.0026206799 0.006872394  0.0037767750
[5,] 0.08837712 -0.0121503329 -0.0249413581  0.0099999555 -0.0072044909  0.0071964825 0.003073737  0.0024067011
              [,9]         [,10]        [,11]         [,12]         [,13]
[1,] -0.0006200794  0.0002529854 -0.001531942  0.0005087687  6.200979e-05
[2,]  0.0442489562  0.0151874176  0.049817974  0.0489195916  2.565225e-02
[3,]  0.0165794277 -0.0143372064  0.029651511 -0.0010776029  3.675632e-02
[4,] -0.0014726415  0.0024006000  0.001213715  0.0032485678 -1.940196e-03
[5,]  0.0154448956  0.0002306672 -0.009357509  0.0151990161 -1.759141e-02


$irf_lin_low
, , 1

            [,1]         [,2]         [,3]        [,4]         [,5]         [,6]         [,7]         [,8]         [,9]
[1,] 0.006379473 -0.005060162 -0.003157314 -0.00153407 -0.003043698 -0.003669719 -0.003956780  0.001015605 -0.003593891
[2,] 0.041992989 -0.059207134 -0.111063792 -0.03776452 -0.062797367 -0.082404371 -0.038994256 -0.125745612 -0.088369217
[3,] 0.052030260 -0.068555049 -0.060993513 -0.05610975 -0.080480040 -0.080052201 -0.028203946 -0.058057815 -0.065092353
[4,] 0.008937147 -0.004183750 -0.013984338 -0.01561044 -0.007052071 -0.009712884 -0.009662492 -0.002812513 -0.002220868
[5,] 0.016971218 -0.013973478 -0.053576308 -0.03390414 -0.013952865 -0.046907869 -0.092223316 -0.019815305 -0.006546139
           [,10]        [,11]        [,12]        [,13]
[1,] -0.00397941 -0.003399464 -0.001917202 -0.003964397
[2,] -0.05868624 -0.071170796 -0.085508234 -0.101525346
[3,] -0.09006520 -0.075325059 -0.103021744 -0.086707983
[4,] -0.00753358 -0.009829973 -0.008943003 -0.011626543
[5,] -0.03602663 -0.059486008 -0.028433895 -0.023066650

, , 2

             [,1]         [,2]         [,3]         [,4]         [,5]         [,6]         [,7]         [,8]         [,9]
[1,]  0.000000000 -0.001626524 -0.002888197 -0.002697717 -0.001670370 -0.004039820 -0.003015192 -0.001418183 -0.004537978
[2,]  0.213128037 -0.049455576 -0.090643821 -0.017275938  0.007649012 -0.072796284 -0.073797149 -0.105644063 -0.100286558
[3,]  0.089241609 -0.065365821 -0.076169966 -0.063825030 -0.039268985 -0.098221090 -0.057836090 -0.104096025 -0.073518133
[4,]  0.008175471 -0.004482105 -0.009661152 -0.001219789 -0.006438383 -0.009152246 -0.003085714  0.004848867  0.001685444
[5,] -0.023570622 -0.011195132 -0.009576408 -0.023354790 -0.046788312 -0.046934190 -0.010027782 -0.055599259 -0.009049699
            [,10]        [,11]         [,12]         [,13]
[1,] -0.004749341 -0.003524935 -2.481847e-03 -0.0034625315
[2,] -0.165962084 -0.100573637 -1.809779e-01 -0.1610748933
[3,] -0.124539762 -0.104642558 -1.588646e-01 -0.1159905144
[4,] -0.009221931 -0.007350204  7.117132e-05 -0.0005585988
[5,] -0.034747753 -0.074512192 -2.336308e-02 -0.0223559520

, , 3

             [,1]         [,2]          [,3]         [,4]         [,5]          [,6]          [,7]          [,8]
[1,]  0.000000000 -0.001816254 -0.0001258726 -0.001342867 -0.001723575  0.0006537007 -0.0029715839  2.404109e-03
[2,]  0.000000000  0.083290809 -0.0871601999 -0.019012974 -0.044114595  0.0122046270  0.0997934596 -8.908231e-02
[3,]  0.172971899 -0.031315756 -0.0231791461 -0.068267717 -0.052282434  0.0294835502 -0.0043928416  4.274393e-02
[4,] -0.008099337 -0.001002860 -0.0101992376 -0.011149153 -0.006917385 -0.0126524236  0.0008875776 -1.376668e-07
[5,] -0.002760219 -0.015370106 -0.0035855002 -0.022496680 -0.002111014 -0.0676079823 -0.0052830346  4.868567e-03
             [,9]         [,10]        [,11]        [,12]         [,13]
[1,] -0.004988241  0.0003227273 -0.002281074 -0.003191977  0.0004178429
[2,]  0.035832077 -0.0437917025  0.095155578 -0.053493616 -0.0220095494
[3,] -0.048132593  0.0095241613 -0.055125168 -0.090864557 -0.0339419956
[4,]  0.002919581  0.0070972573  0.006459526  0.002762570 -0.0089389736
[5,]  0.002392623 -0.0018209713 -0.020132324  0.006727211  0.0009863476

, , 4

           [,1]         [,2]         [,3]         [,4]          [,5]          [,6]         [,7]          [,8]         [,9]
[1,] 0.00000000 -0.002787718 -0.002321661 -0.001188546 -2.460493e-03 -0.0015057470 -0.001308826 -0.0009733561 -0.002399271
[2,] 0.00000000 -0.046012607 -0.058123549 -0.122125400 -5.498250e-02 -0.0731364318 -0.073644108 -0.1169732453 -0.073075320
[3,] 0.00000000 -0.068012641 -0.087782686 -0.084955983 -4.960521e-02 -0.0214211471 -0.041462233 -0.0728610840 -0.072967324
[4,] 0.02893013  0.006727000 -0.003483906 -0.004621036 -8.777183e-05  0.0002883416 -0.001199266  0.0018622944  0.005135043
[5,] 0.04255479 -0.020551246 -0.031397633 -0.004256068 -1.026470e-02 -0.0271008076 -0.017782366  0.0019820703 -0.017404984
            [,10]        [,11]        [,12]         [,13]
[1,] -0.001558702 -0.002936156 -0.003618714 -0.0009367714
[2,] -0.091547255 -0.044303447 -0.091404150 -0.0317583171
[3,] -0.055435732 -0.051835956 -0.065521196 -0.0238049999
[4,]  0.001329766  0.005409689 -0.002041352 -0.0080137683
[5,] -0.013996182 -0.015402816 -0.039564481 -0.0649471373

, , 5

           [,1]         [,2]         [,3]          [,4]          [,5]         [,6]          [,7]          [,8]         [,9]
[1,] 0.00000000 -0.001598190 -0.001548263 -0.0004473333 -0.0005760803 -0.001482489  0.0008613963 -0.0007701181 -0.001223261
[2,] 0.00000000 -0.067512459  0.047649087 -0.0225100296 -0.0499693837 -0.017884676  0.0483819657 -0.0222255211  0.014739546
[3,] 0.00000000 -0.014696435  0.037675274 -0.0367559830 -0.0621564216  0.025154338  0.0207915655 -0.0080126979  0.002898590
[4,] 0.00000000 -0.006445675 -0.012515155 -0.0110629184 -0.0081754868 -0.008210469  0.0011325501 -0.0017942971 -0.006240087
[5,] 0.08837712 -0.033233548 -0.046790552  0.0031060655 -0.0123390925 -0.002657170 -0.0080051884 -0.0025378139  0.001572526
             [,10]        [,11]        [,12]         [,13]
[1,] -0.0007923703 -0.003626047 -0.001301506 -0.0003464478
[2,] -0.0169464848  0.017280644  0.007953989 -0.0091694330
[3,] -0.0508648731  0.001495863 -0.034833266  0.0178897401
[4,] -0.0025244207 -0.003392338 -0.004134490 -0.0083129477
[5,] -0.0079799566 -0.025996179 -0.004327638 -0.0500713835


$irf_lin_up
, , 1

            [,1]          [,2]       [,3]        [,4]       [,5]        [,6]        [,7]        [,8]        [,9]       [,10]
[1,] 0.006379473 -0.0003914367 0.00152803 0.003285119 0.00310606 0.002581774 0.001596903 0.004570166 0.003067361 0.001996874
[2,] 0.041992989  0.1399687203 0.07904424 0.159069000 0.09501362 0.075055637 0.105403670 0.167486674 0.100723684 0.121616454
[3,] 0.052030260  0.0829215230 0.08068080 0.085113974 0.05219629 0.051656413 0.113904757 0.079064320 0.091005254 0.054839323
[4,] 0.008937147  0.0197756959 0.01722857 0.012619120 0.02012779 0.017844229 0.015409786 0.021169744 0.020591451 0.017335902
[5,] 0.016971218  0.0906852303 0.02085907 0.017069590 0.04002021 0.077902070 0.037087785 0.052215028 0.063434000 0.036310294
           [,11]       [,12]         [,13]
[1,] 0.002375815 0.003747811 -0.0003011999
[2,] 0.094561558 0.128163803  0.0915298459
[3,] 0.087097965 0.088485301  0.0213746420
[4,] 0.019397629 0.019673365  0.0200057117
[5,] 0.035383730 0.049004699  0.0516733420

, , 2

             [,1]        [,2]        [,3]        [,4]        [,5]        [,6]        [,7]        [,8]        [,9]
[1,]  0.000000000 0.002069588 0.001874777 0.003120057 0.002751666 0.001606908 0.004604066 0.003411377 0.002713002
[2,]  0.213128037 0.127954818 0.086128625 0.173670281 0.151267526 0.134701526 0.094256235 0.212346302 0.076710680
[3,]  0.089241609 0.083254299 0.079463197 0.090493302 0.091169508 0.028282605 0.063655879 0.101571851 0.059124093
[4,]  0.008175471 0.016387748 0.014152816 0.026412010 0.025537550 0.022929684 0.023653694 0.031465844 0.022062690
[5,] -0.023570622 0.045961253 0.031471947 0.017558686 0.034616378 0.061549504 0.067699840 0.044192137 0.056879353
           [,10]       [,11]      [,12]        [,13]
[1,] 0.002933742 0.003008789 0.00436914 0.0001657708
[2,] 0.096167671 0.094113273 0.13036160 0.0052085153
[3,] 0.041423518 0.057275983 0.10775172 0.0010116488
[4,] 0.025641259 0.022677346 0.02818986 0.0397820452
[5,] 0.048816628 0.042645872 0.09377012 0.0643908403

, , 3

             [,1]         [,2]         [,3]          [,4]         [,5]        [,6]         [,7]       [,8]         [,9]
[1,]  0.000000000 0.0005484071 0.0018723544  0.0011621589 0.0009576191 0.002695576 0.0009469193 0.00462026 -0.001066679
[2,]  0.000000000 0.1561261423 0.0006153285  0.0610040764 0.0159072219 0.067028992 0.1694420297 0.04909719  0.128961159
[3,]  0.172971899 0.0388056703 0.0423887231 -0.0048238909 0.0097556088 0.083435048 0.0528621005 0.11218673  0.012330224
[4,] -0.008099337 0.0091468368 0.0030268074  0.0007242678 0.0055645790 0.001031172 0.0091274568 0.01115072  0.018892798
[5,] -0.002760219 0.0118634089 0.0162466017  0.0126048846 0.0239871078 0.011228320 0.0091117432 0.06377216  0.036608269
           [,10]         [,11]         [,12]       [,13]
[1,] 0.003503122 -0.0003197927 -0.0002549825 0.001820399
[2,] 0.034722141  0.1856969434  0.0539481668 0.065699503
[3,] 0.099816000  0.0299619879  0.0005230959 0.024356939
[4,] 0.016501881  0.0154044599  0.0118131762 0.010568459
[5,] 0.038832911 -0.0019967947  0.0348075529 0.010340368

, , 4

           [,1]         [,2]        [,3]        [,4]         [,5]        [,6]        [,7]       [,8]         [,9]
[1,] 0.00000000 0.0008926158 0.001994061 0.002641212 0.0007719638 0.001607138 0.001509858 0.00181882 0.0008555702
[2,] 0.00000000 0.0895926641 0.096677968 0.045266761 0.0592591883 0.078974323 0.045475276 0.03754214 0.0370016914
[3,] 0.00000000 0.0464318987 0.031940616 0.012968352 0.0420499278 0.057170798 0.032309700 0.01711417 0.0096172789
[4,] 0.02893013 0.0284370331 0.025452218 0.020772016 0.0186260069 0.022272042 0.021653640 0.02042148 0.0212426416
[5,] 0.04255479 0.0398316462 0.018914797 0.026714081 0.0342999854 0.012820496 0.012974012 0.04063288 0.0219669619
           [,10]       [,11]       [,12]        [,13]
[1,] 0.003446086 0.003243766 0.001159608 0.0009895331
[2,] 0.089907604 0.093944175 0.127830115 0.0751335948
[3,] 0.062252993 0.057092258 0.076293550 0.0579556080
[4,] 0.026811155 0.028896778 0.022045771 0.0078689373
[5,] 0.043687482 0.078842490 0.030811593 0.0149328657

, , 5

           [,1]         [,2]          [,3]         [,4]         [,5]         [,6]        [,7]        [,8]          [,9]
[1,] 0.00000000 0.0007771126  0.0003691968 0.0008487945  0.001550489 0.0007670089 0.002290155 0.000213192 -1.689793e-05
[2,] 0.00000000 0.0034272532  0.1319023104 0.0539798898 -0.005874551 0.0346706055 0.109932669 0.051738807  7.375837e-02
[3,] 0.00000000 0.0458450631  0.0877853134 0.0032490106 -0.014874929 0.0565648554 0.051676780 0.039839434  3.026026e-02
[4,] 0.00000000 0.0069040211  0.0077355203 0.0003321892 -0.001584745 0.0029691096 0.012612238 0.009347847  3.294804e-03
[5,] 0.08837712 0.0089328820 -0.0030921645 0.0168938456 -0.002069889 0.0170501353 0.014152663 0.007351216  2.931726e-02
           [,10]        [,11]       [,12]        [,13]
[1,] 0.001298341 0.0005621624 0.002319043 0.0004704674
[2,] 0.047321320 0.0823553042 0.089885194 0.0604739233
[3,] 0.022190460 0.0578071578 0.032678061 0.0556229013
[4,] 0.007325621 0.0058197674 0.010631626 0.0044325566
[5,] 0.008441291 0.0072811611 0.034725670 0.0148885555


$diagnostic_list
$diagnostic_list$`Shock: taxes`
$diagnostic_list$`Shock: taxes`[[1]]
                               R-sqrd. Adj. R-sqrd.    F-stat     p-value
h1:taxes                     0.2809088  0.006969271 1.0254409 0.451276258
h1:inflation_expectations_1y 0.3522889  0.105541810 1.4277328 0.175538529
h1:inflation_expectations_3y 0.1220984 -0.212340362 0.3650844 0.983950736
h1:inflation                 0.5112097  0.325003870 2.7454012 0.004472838
h1:economic_activity         0.4081132  0.182632579 1.8099700 0.062681334

$diagnostic_list$`Shock: taxes`[[2]]
                               R-sqrd. Adj. R-sqrd.    F-stat   p-value
h2:taxes                     0.1920660  -0.12322532 0.6091699 0.8579388
h2:inflation_expectations_1y 0.3188307   0.05300854 1.1994136 0.3089506
h2:inflation_expectations_3y 0.2213838  -0.08246636 0.7285953 0.7494815
h2:inflation                 0.2213632  -0.08249510 0.7285080 0.7495677
h2:economic_activity         0.2999748   0.02679427 1.0980826 0.3877942

$diagnostic_list$`Shock: taxes`[[3]]
                               R-sqrd. Adj. R-sqrd.    F-stat   p-value
h3:taxes                     0.1385662  -0.20600726 0.4021384 0.9739511
h3:inflation_expectations_1y 0.3168119   0.04353665 1.1593143 0.3395741
h3:inflation_expectations_3y 0.1767791  -0.15250921 0.5368521 0.9102026
h3:inflation                 0.2754709  -0.01434078 0.9505169 0.5237581
h3:economic_activity         0.3115457   0.03616393 1.1313229 0.3614096

$diagnostic_list$`Shock: taxes`[[4]]
                               R-sqrd. Adj. R-sqrd.    F-stat   p-value
h4:taxes                     0.1651058 -0.177414846 0.4820317 0.9413895
h4:inflation_expectations_1y 0.2628743 -0.039536185 0.8692632 0.6057486
h4:inflation_expectations_3y 0.2137761 -0.108777341 0.6627618 0.8110480
h4:inflation                 0.2320893 -0.082950987 0.7366972 0.7407772
h4:economic_activity         0.2954405  0.006390483 1.0221086 0.4560007

$diagnostic_list$`Shock: taxes`[[5]]
                               R-sqrd. Adj. R-sqrd.    F-stat   p-value
h5:taxes                     0.2034992  -0.13186954 0.6067924 0.8584050
h5:inflation_expectations_1y 0.1819343  -0.16251436 0.5281899 0.9148122
h5:inflation_expectations_3y 0.2682794  -0.03981350 0.8707743 0.6042414
h5:inflation                 0.2511128  -0.06420810 0.7963722 0.6803579
h5:economic_activity         0.2362463  -0.08533417 0.7346413 0.7424440

$diagnostic_list$`Shock: taxes`[[6]]
                               R-sqrd. Adj. R-sqrd.    F-stat   p-value
h6:taxes                     0.2091331  -0.13286335 0.6115067 0.8540691
h6:inflation_expectations_1y 0.3768145   0.10732888 1.3982731 0.1958724
h6:inflation_expectations_3y 0.2238381  -0.11179955 0.6669040 0.8063263
h6:inflation                 0.2666820  -0.05042854 0.8409749 0.6346385
h6:economic_activity         0.2272522  -0.10690900 0.6800676 0.7942689

$diagnostic_list$`Shock: taxes`[[7]]
                               R-sqrd. Adj. R-sqrd.    F-stat   p-value
h7:taxes                     0.3967219   0.12859832 1.4796233 0.1615578
h7:inflation_expectations_1y 0.2441633  -0.09176410 0.7268336 0.7493013
h7:inflation_expectations_3y 0.2520502  -0.08037197 0.7582232 0.7183236
h7:inflation                 0.3770678   0.10020901 1.3619499 0.2154904
h7:economic_activity         0.3497054   0.06068554 1.2099702 0.3071617

$diagnostic_list$`Shock: taxes`[[8]]
                               R-sqrd. Adj. R-sqrd.    F-stat   p-value
h8:taxes                     0.2576546  -0.08170324 0.7592417 0.7169590
h8:inflation_expectations_1y 0.2242865  -0.13032534 0.6324846 0.8354939
h8:inflation_expectations_3y 0.2541507  -0.08680893 0.7453982 0.7306793
h8:inflation                 0.2845823  -0.04246583 0.8701542 0.6050018
h8:economic_activity         0.3363514   0.03296917 1.1086721 0.3843738

$diagnostic_list$`Shock: taxes`[[9]]
                               R-sqrd. Adj. R-sqrd.    F-stat   p-value
h9:taxes                     0.2248586  -0.13991386 0.6164352 0.8483075
h9:inflation_expectations_1y 0.2807124  -0.05777592 0.8293119 0.6462087
h9:inflation_expectations_3y 0.2640908  -0.08221940 0.7625845 0.7132758
h9:inflation                 0.3041299  -0.02333833 0.9287310 0.5470011
h9:economic_activity         0.2878558  -0.04727090 0.8589462 0.6163153

$diagnostic_list$`Shock: taxes`[[10]]
                                R-sqrd. Adj. R-sqrd.    F-stat   p-value
h10:taxes                     0.1612857 -0.245363722 0.3966209 0.9738200
h10:inflation_expectations_1y 0.3642234  0.055968145 1.1815643 0.3311473
h10:inflation_expectations_3y 0.2535856 -0.108312333 0.7007103 0.7729021
h10:inflation                 0.3406794  0.021008848 1.0657203 0.4219854
h10:economic_activity         0.3272546  0.001075056 1.0032959 0.4769972

$diagnostic_list$`Shock: taxes`[[11]]
                                R-sqrd. Adj. R-sqrd.    F-stat   p-value
h11:taxes                     0.2017615  -0.19735772 0.5055169 0.9253377
h11:inflation_expectations_1y 0.2923344  -0.06149846 0.8261935 0.6490885
h11:inflation_expectations_3y 0.1844475  -0.22332881 0.4523252 0.9525846
h11:inflation                 0.2964643  -0.05530357 0.8427839 0.6324767
h11:economic_activity         0.3492533   0.02387997 1.0733925 0.4165159

$diagnostic_list$`Shock: taxes`[[12]]
                                R-sqrd. Adj. R-sqrd.    F-stat   p-value
h12:taxes                     0.2614930  -0.11967197 0.6860363 0.7854053
h12:inflation_expectations_1y 0.2652151  -0.11402878 0.6993260 0.7730514
h12:inflation_expectations_3y 0.3161899  -0.03674434 0.8958890 0.5798962
h12:inflation                 0.2924741  -0.07270055 0.8009157 0.6741457
h12:economic_activity         0.3678073   0.04151426 1.1272300 0.3743604


$diagnostic_list$`Shock: inflation_expectations_1y`
$diagnostic_list$`Shock: inflation_expectations_1y`[[1]]
                               R-sqrd. Adj. R-sqrd.    F-stat     p-value
h1:taxes                     0.2809088  0.006969271 1.0254409 0.451276258
h1:inflation_expectations_1y 0.3522889  0.105541810 1.4277328 0.175538529
h1:inflation_expectations_3y 0.1220984 -0.212340362 0.3650844 0.983950736
h1:inflation                 0.5112097  0.325003870 2.7454012 0.004472838
h1:economic_activity         0.4081132  0.182632579 1.8099700 0.062681334

$diagnostic_list$`Shock: inflation_expectations_1y`[[2]]
                               R-sqrd. Adj. R-sqrd.    F-stat   p-value
h2:taxes                     0.1920660  -0.12322532 0.6091699 0.8579388
h2:inflation_expectations_1y 0.3188307   0.05300854 1.1994136 0.3089506
h2:inflation_expectations_3y 0.2213838  -0.08246636 0.7285953 0.7494815
h2:inflation                 0.2213632  -0.08249510 0.7285080 0.7495677
h2:economic_activity         0.2999748   0.02679427 1.0980826 0.3877942

$diagnostic_list$`Shock: inflation_expectations_1y`[[3]]
                               R-sqrd. Adj. R-sqrd.    F-stat   p-value
h3:taxes                     0.1385662  -0.20600726 0.4021384 0.9739511
h3:inflation_expectations_1y 0.3168119   0.04353665 1.1593143 0.3395741
h3:inflation_expectations_3y 0.1767791  -0.15250921 0.5368521 0.9102026
h3:inflation                 0.2754709  -0.01434078 0.9505169 0.5237581
h3:economic_activity         0.3115457   0.03616393 1.1313229 0.3614096

$diagnostic_list$`Shock: inflation_expectations_1y`[[4]]
                               R-sqrd. Adj. R-sqrd.    F-stat   p-value
h4:taxes                     0.1651058 -0.177414846 0.4820317 0.9413895
h4:inflation_expectations_1y 0.2628743 -0.039536185 0.8692632 0.6057486
h4:inflation_expectations_3y 0.2137761 -0.108777341 0.6627618 0.8110480
h4:inflation                 0.2320893 -0.082950987 0.7366972 0.7407772
h4:economic_activity         0.2954405  0.006390483 1.0221086 0.4560007

$diagnostic_list$`Shock: inflation_expectations_1y`[[5]]
                               R-sqrd. Adj. R-sqrd.    F-stat   p-value
h5:taxes                     0.2034992  -0.13186954 0.6067924 0.8584050
h5:inflation_expectations_1y 0.1819343  -0.16251436 0.5281899 0.9148122
h5:inflation_expectations_3y 0.2682794  -0.03981350 0.8707743 0.6042414
h5:inflation                 0.2511128  -0.06420810 0.7963722 0.6803579
h5:economic_activity         0.2362463  -0.08533417 0.7346413 0.7424440

$diagnostic_list$`Shock: inflation_expectations_1y`[[6]]
                               R-sqrd. Adj. R-sqrd.    F-stat   p-value
h6:taxes                     0.2091331  -0.13286335 0.6115067 0.8540691
h6:inflation_expectations_1y 0.3768145   0.10732888 1.3982731 0.1958724
h6:inflation_expectations_3y 0.2238381  -0.11179955 0.6669040 0.8063263
h6:inflation                 0.2666820  -0.05042854 0.8409749 0.6346385
h6:economic_activity         0.2272522  -0.10690900 0.6800676 0.7942689

$diagnostic_list$`Shock: inflation_expectations_1y`[[7]]
                               R-sqrd. Adj. R-sqrd.    F-stat   p-value
h7:taxes                     0.3967219   0.12859832 1.4796233 0.1615578
h7:inflation_expectations_1y 0.2441633  -0.09176410 0.7268336 0.7493013
h7:inflation_expectations_3y 0.2520502  -0.08037197 0.7582232 0.7183236
h7:inflation                 0.3770678   0.10020901 1.3619499 0.2154904
h7:economic_activity         0.3497054   0.06068554 1.2099702 0.3071617

$diagnostic_list$`Shock: inflation_expectations_1y`[[8]]
                               R-sqrd. Adj. R-sqrd.    F-stat   p-value
h8:taxes                     0.2576546  -0.08170324 0.7592417 0.7169590
h8:inflation_expectations_1y 0.2242865  -0.13032534 0.6324846 0.8354939
h8:inflation_expectations_3y 0.2541507  -0.08680893 0.7453982 0.7306793
h8:inflation                 0.2845823  -0.04246583 0.8701542 0.6050018
h8:economic_activity         0.3363514   0.03296917 1.1086721 0.3843738

$diagnostic_list$`Shock: inflation_expectations_1y`[[9]]
                               R-sqrd. Adj. R-sqrd.    F-stat   p-value
h9:taxes                     0.2248586  -0.13991386 0.6164352 0.8483075
h9:inflation_expectations_1y 0.2807124  -0.05777592 0.8293119 0.6462087
h9:inflation_expectations_3y 0.2640908  -0.08221940 0.7625845 0.7132758
h9:inflation                 0.3041299  -0.02333833 0.9287310 0.5470011
h9:economic_activity         0.2878558  -0.04727090 0.8589462 0.6163153

$diagnostic_list$`Shock: inflation_expectations_1y`[[10]]
                                R-sqrd. Adj. R-sqrd.    F-stat   p-value
h10:taxes                     0.1612857 -0.245363722 0.3966209 0.9738200
h10:inflation_expectations_1y 0.3642234  0.055968145 1.1815643 0.3311473
h10:inflation_expectations_3y 0.2535856 -0.108312333 0.7007103 0.7729021
h10:inflation                 0.3406794  0.021008848 1.0657203 0.4219854
h10:economic_activity         0.3272546  0.001075056 1.0032959 0.4769972

$diagnostic_list$`Shock: inflation_expectations_1y`[[11]]
                                R-sqrd. Adj. R-sqrd.    F-stat   p-value
h11:taxes                     0.2017615  -0.19735772 0.5055169 0.9253377
h11:inflation_expectations_1y 0.2923344  -0.06149846 0.8261935 0.6490885
h11:inflation_expectations_3y 0.1844475  -0.22332881 0.4523252 0.9525846
h11:inflation                 0.2964643  -0.05530357 0.8427839 0.6324767
h11:economic_activity         0.3492533   0.02387997 1.0733925 0.4165159

$diagnostic_list$`Shock: inflation_expectations_1y`[[12]]
                                R-sqrd. Adj. R-sqrd.    F-stat   p-value
h12:taxes                     0.2614930  -0.11967197 0.6860363 0.7854053
h12:inflation_expectations_1y 0.2652151  -0.11402878 0.6993260 0.7730514
h12:inflation_expectations_3y 0.3161899  -0.03674434 0.8958890 0.5798962
h12:inflation                 0.2924741  -0.07270055 0.8009157 0.6741457
h12:economic_activity         0.3678073   0.04151426 1.1272300 0.3743604


$diagnostic_list$`Shock: inflation_expectations_3y`
$diagnostic_list$`Shock: inflation_expectations_3y`[[1]]
                               R-sqrd. Adj. R-sqrd.    F-stat     p-value
h1:taxes                     0.2809088  0.006969271 1.0254409 0.451276258
h1:inflation_expectations_1y 0.3522889  0.105541810 1.4277328 0.175538529
h1:inflation_expectations_3y 0.1220984 -0.212340362 0.3650844 0.983950736
h1:inflation                 0.5112097  0.325003870 2.7454012 0.004472838
h1:economic_activity         0.4081132  0.182632579 1.8099700 0.062681334

$diagnostic_list$`Shock: inflation_expectations_3y`[[2]]
                               R-sqrd. Adj. R-sqrd.    F-stat   p-value
h2:taxes                     0.1920660  -0.12322532 0.6091699 0.8579388
h2:inflation_expectations_1y 0.3188307   0.05300854 1.1994136 0.3089506
h2:inflation_expectations_3y 0.2213838  -0.08246636 0.7285953 0.7494815
h2:inflation                 0.2213632  -0.08249510 0.7285080 0.7495677
h2:economic_activity         0.2999748   0.02679427 1.0980826 0.3877942

$diagnostic_list$`Shock: inflation_expectations_3y`[[3]]
                               R-sqrd. Adj. R-sqrd.    F-stat   p-value
h3:taxes                     0.1385662  -0.20600726 0.4021384 0.9739511
h3:inflation_expectations_1y 0.3168119   0.04353665 1.1593143 0.3395741
h3:inflation_expectations_3y 0.1767791  -0.15250921 0.5368521 0.9102026
h3:inflation                 0.2754709  -0.01434078 0.9505169 0.5237581
h3:economic_activity         0.3115457   0.03616393 1.1313229 0.3614096

$diagnostic_list$`Shock: inflation_expectations_3y`[[4]]
                               R-sqrd. Adj. R-sqrd.    F-stat   p-value
h4:taxes                     0.1651058 -0.177414846 0.4820317 0.9413895
h4:inflation_expectations_1y 0.2628743 -0.039536185 0.8692632 0.6057486
h4:inflation_expectations_3y 0.2137761 -0.108777341 0.6627618 0.8110480
h4:inflation                 0.2320893 -0.082950987 0.7366972 0.7407772
h4:economic_activity         0.2954405  0.006390483 1.0221086 0.4560007

$diagnostic_list$`Shock: inflation_expectations_3y`[[5]]
                               R-sqrd. Adj. R-sqrd.    F-stat   p-value
h5:taxes                     0.2034992  -0.13186954 0.6067924 0.8584050
h5:inflation_expectations_1y 0.1819343  -0.16251436 0.5281899 0.9148122
h5:inflation_expectations_3y 0.2682794  -0.03981350 0.8707743 0.6042414
h5:inflation                 0.2511128  -0.06420810 0.7963722 0.6803579
h5:economic_activity         0.2362463  -0.08533417 0.7346413 0.7424440

$diagnostic_list$`Shock: inflation_expectations_3y`[[6]]
                               R-sqrd. Adj. R-sqrd.    F-stat   p-value
h6:taxes                     0.2091331  -0.13286335 0.6115067 0.8540691
h6:inflation_expectations_1y 0.3768145   0.10732888 1.3982731 0.1958724
h6:inflation_expectations_3y 0.2238381  -0.11179955 0.6669040 0.8063263
h6:inflation                 0.2666820  -0.05042854 0.8409749 0.6346385
h6:economic_activity         0.2272522  -0.10690900 0.6800676 0.7942689

$diagnostic_list$`Shock: inflation_expectations_3y`[[7]]
                               R-sqrd. Adj. R-sqrd.    F-stat   p-value
h7:taxes                     0.3967219   0.12859832 1.4796233 0.1615578
h7:inflation_expectations_1y 0.2441633  -0.09176410 0.7268336 0.7493013
h7:inflation_expectations_3y 0.2520502  -0.08037197 0.7582232 0.7183236
h7:inflation                 0.3770678   0.10020901 1.3619499 0.2154904
h7:economic_activity         0.3497054   0.06068554 1.2099702 0.3071617

$diagnostic_list$`Shock: inflation_expectations_3y`[[8]]
                               R-sqrd. Adj. R-sqrd.    F-stat   p-value
h8:taxes                     0.2576546  -0.08170324 0.7592417 0.7169590
h8:inflation_expectations_1y 0.2242865  -0.13032534 0.6324846 0.8354939
h8:inflation_expectations_3y 0.2541507  -0.08680893 0.7453982 0.7306793
h8:inflation                 0.2845823  -0.04246583 0.8701542 0.6050018
h8:economic_activity         0.3363514   0.03296917 1.1086721 0.3843738

$diagnostic_list$`Shock: inflation_expectations_3y`[[9]]
                               R-sqrd. Adj. R-sqrd.    F-stat   p-value
h9:taxes                     0.2248586  -0.13991386 0.6164352 0.8483075
h9:inflation_expectations_1y 0.2807124  -0.05777592 0.8293119 0.6462087
h9:inflation_expectations_3y 0.2640908  -0.08221940 0.7625845 0.7132758
h9:inflation                 0.3041299  -0.02333833 0.9287310 0.5470011
h9:economic_activity         0.2878558  -0.04727090 0.8589462 0.6163153

$diagnostic_list$`Shock: inflation_expectations_3y`[[10]]
                                R-sqrd. Adj. R-sqrd.    F-stat   p-value
h10:taxes                     0.1612857 -0.245363722 0.3966209 0.9738200
h10:inflation_expectations_1y 0.3642234  0.055968145 1.1815643 0.3311473
h10:inflation_expectations_3y 0.2535856 -0.108312333 0.7007103 0.7729021
h10:inflation                 0.3406794  0.021008848 1.0657203 0.4219854
h10:economic_activity         0.3272546  0.001075056 1.0032959 0.4769972

$diagnostic_list$`Shock: inflation_expectations_3y`[[11]]
                                R-sqrd. Adj. R-sqrd.    F-stat   p-value
h11:taxes                     0.2017615  -0.19735772 0.5055169 0.9253377
h11:inflation_expectations_1y 0.2923344  -0.06149846 0.8261935 0.6490885
h11:inflation_expectations_3y 0.1844475  -0.22332881 0.4523252 0.9525846
h11:inflation                 0.2964643  -0.05530357 0.8427839 0.6324767
h11:economic_activity         0.3492533   0.02387997 1.0733925 0.4165159

$diagnostic_list$`Shock: inflation_expectations_3y`[[12]]
                                R-sqrd. Adj. R-sqrd.    F-stat   p-value
h12:taxes                     0.2614930  -0.11967197 0.6860363 0.7854053
h12:inflation_expectations_1y 0.2652151  -0.11402878 0.6993260 0.7730514
h12:inflation_expectations_3y 0.3161899  -0.03674434 0.8958890 0.5798962
h12:inflation                 0.2924741  -0.07270055 0.8009157 0.6741457
h12:economic_activity         0.3678073   0.04151426 1.1272300 0.3743604


$diagnostic_list$`Shock: inflation`
$diagnostic_list$`Shock: inflation`[[1]]
                               R-sqrd. Adj. R-sqrd.    F-stat     p-value
h1:taxes                     0.2809088  0.006969271 1.0254409 0.451276258
h1:inflation_expectations_1y 0.3522889  0.105541810 1.4277328 0.175538529
h1:inflation_expectations_3y 0.1220984 -0.212340362 0.3650844 0.983950736
h1:inflation                 0.5112097  0.325003870 2.7454012 0.004472838
h1:economic_activity         0.4081132  0.182632579 1.8099700 0.062681334

$diagnostic_list$`Shock: inflation`[[2]]
                               R-sqrd. Adj. R-sqrd.    F-stat   p-value
h2:taxes                     0.1920660  -0.12322532 0.6091699 0.8579388
h2:inflation_expectations_1y 0.3188307   0.05300854 1.1994136 0.3089506
h2:inflation_expectations_3y 0.2213838  -0.08246636 0.7285953 0.7494815
h2:inflation                 0.2213632  -0.08249510 0.7285080 0.7495677
h2:economic_activity         0.2999748   0.02679427 1.0980826 0.3877942

$diagnostic_list$`Shock: inflation`[[3]]
                               R-sqrd. Adj. R-sqrd.    F-stat   p-value
h3:taxes                     0.1385662  -0.20600726 0.4021384 0.9739511
h3:inflation_expectations_1y 0.3168119   0.04353665 1.1593143 0.3395741
h3:inflation_expectations_3y 0.1767791  -0.15250921 0.5368521 0.9102026
h3:inflation                 0.2754709  -0.01434078 0.9505169 0.5237581
h3:economic_activity         0.3115457   0.03616393 1.1313229 0.3614096

$diagnostic_list$`Shock: inflation`[[4]]
                               R-sqrd. Adj. R-sqrd.    F-stat   p-value
h4:taxes                     0.1651058 -0.177414846 0.4820317 0.9413895
h4:inflation_expectations_1y 0.2628743 -0.039536185 0.8692632 0.6057486
h4:inflation_expectations_3y 0.2137761 -0.108777341 0.6627618 0.8110480
h4:inflation                 0.2320893 -0.082950987 0.7366972 0.7407772
h4:economic_activity         0.2954405  0.006390483 1.0221086 0.4560007

$diagnostic_list$`Shock: inflation`[[5]]
                               R-sqrd. Adj. R-sqrd.    F-stat   p-value
h5:taxes                     0.2034992  -0.13186954 0.6067924 0.8584050
h5:inflation_expectations_1y 0.1819343  -0.16251436 0.5281899 0.9148122
h5:inflation_expectations_3y 0.2682794  -0.03981350 0.8707743 0.6042414
h5:inflation                 0.2511128  -0.06420810 0.7963722 0.6803579
h5:economic_activity         0.2362463  -0.08533417 0.7346413 0.7424440

$diagnostic_list$`Shock: inflation`[[6]]
                               R-sqrd. Adj. R-sqrd.    F-stat   p-value
h6:taxes                     0.2091331  -0.13286335 0.6115067 0.8540691
h6:inflation_expectations_1y 0.3768145   0.10732888 1.3982731 0.1958724
h6:inflation_expectations_3y 0.2238381  -0.11179955 0.6669040 0.8063263
h6:inflation                 0.2666820  -0.05042854 0.8409749 0.6346385
h6:economic_activity         0.2272522  -0.10690900 0.6800676 0.7942689

$diagnostic_list$`Shock: inflation`[[7]]
                               R-sqrd. Adj. R-sqrd.    F-stat   p-value
h7:taxes                     0.3967219   0.12859832 1.4796233 0.1615578
h7:inflation_expectations_1y 0.2441633  -0.09176410 0.7268336 0.7493013
h7:inflation_expectations_3y 0.2520502  -0.08037197 0.7582232 0.7183236
h7:inflation                 0.3770678   0.10020901 1.3619499 0.2154904
h7:economic_activity         0.3497054   0.06068554 1.2099702 0.3071617

$diagnostic_list$`Shock: inflation`[[8]]
                               R-sqrd. Adj. R-sqrd.    F-stat   p-value
h8:taxes                     0.2576546  -0.08170324 0.7592417 0.7169590
h8:inflation_expectations_1y 0.2242865  -0.13032534 0.6324846 0.8354939
h8:inflation_expectations_3y 0.2541507  -0.08680893 0.7453982 0.7306793
h8:inflation                 0.2845823  -0.04246583 0.8701542 0.6050018
h8:economic_activity         0.3363514   0.03296917 1.1086721 0.3843738

$diagnostic_list$`Shock: inflation`[[9]]
                               R-sqrd. Adj. R-sqrd.    F-stat   p-value
h9:taxes                     0.2248586  -0.13991386 0.6164352 0.8483075
h9:inflation_expectations_1y 0.2807124  -0.05777592 0.8293119 0.6462087
h9:inflation_expectations_3y 0.2640908  -0.08221940 0.7625845 0.7132758
h9:inflation                 0.3041299  -0.02333833 0.9287310 0.5470011
h9:economic_activity         0.2878558  -0.04727090 0.8589462 0.6163153

$diagnostic_list$`Shock: inflation`[[10]]
                                R-sqrd. Adj. R-sqrd.    F-stat   p-value
h10:taxes                     0.1612857 -0.245363722 0.3966209 0.9738200
h10:inflation_expectations_1y 0.3642234  0.055968145 1.1815643 0.3311473
h10:inflation_expectations_3y 0.2535856 -0.108312333 0.7007103 0.7729021
h10:inflation                 0.3406794  0.021008848 1.0657203 0.4219854
h10:economic_activity         0.3272546  0.001075056 1.0032959 0.4769972

$diagnostic_list$`Shock: inflation`[[11]]
                                R-sqrd. Adj. R-sqrd.    F-stat   p-value
h11:taxes                     0.2017615  -0.19735772 0.5055169 0.9253377
h11:inflation_expectations_1y 0.2923344  -0.06149846 0.8261935 0.6490885
h11:inflation_expectations_3y 0.1844475  -0.22332881 0.4523252 0.9525846
h11:inflation                 0.2964643  -0.05530357 0.8427839 0.6324767
h11:economic_activity         0.3492533   0.02387997 1.0733925 0.4165159

$diagnostic_list$`Shock: inflation`[[12]]
                                R-sqrd. Adj. R-sqrd.    F-stat   p-value
h12:taxes                     0.2614930  -0.11967197 0.6860363 0.7854053
h12:inflation_expectations_1y 0.2652151  -0.11402878 0.6993260 0.7730514
h12:inflation_expectations_3y 0.3161899  -0.03674434 0.8958890 0.5798962
h12:inflation                 0.2924741  -0.07270055 0.8009157 0.6741457
h12:economic_activity         0.3678073   0.04151426 1.1272300 0.3743604


$diagnostic_list$`Shock: economic_activity`
$diagnostic_list$`Shock: economic_activity`[[1]]
                               R-sqrd. Adj. R-sqrd.    F-stat     p-value
h1:taxes                     0.2809088  0.006969271 1.0254409 0.451276258
h1:inflation_expectations_1y 0.3522889  0.105541810 1.4277328 0.175538529
h1:inflation_expectations_3y 0.1220984 -0.212340362 0.3650844 0.983950736
h1:inflation                 0.5112097  0.325003870 2.7454012 0.004472838
h1:economic_activity         0.4081132  0.182632579 1.8099700 0.062681334

$diagnostic_list$`Shock: economic_activity`[[2]]
                               R-sqrd. Adj. R-sqrd.    F-stat   p-value
h2:taxes                     0.1920660  -0.12322532 0.6091699 0.8579388
h2:inflation_expectations_1y 0.3188307   0.05300854 1.1994136 0.3089506
h2:inflation_expectations_3y 0.2213838  -0.08246636 0.7285953 0.7494815
h2:inflation                 0.2213632  -0.08249510 0.7285080 0.7495677
h2:economic_activity         0.2999748   0.02679427 1.0980826 0.3877942

$diagnostic_list$`Shock: economic_activity`[[3]]
                               R-sqrd. Adj. R-sqrd.    F-stat   p-value
h3:taxes                     0.1385662  -0.20600726 0.4021384 0.9739511
h3:inflation_expectations_1y 0.3168119   0.04353665 1.1593143 0.3395741
h3:inflation_expectations_3y 0.1767791  -0.15250921 0.5368521 0.9102026
h3:inflation                 0.2754709  -0.01434078 0.9505169 0.5237581
h3:economic_activity         0.3115457   0.03616393 1.1313229 0.3614096

$diagnostic_list$`Shock: economic_activity`[[4]]
                               R-sqrd. Adj. R-sqrd.    F-stat   p-value
h4:taxes                     0.1651058 -0.177414846 0.4820317 0.9413895
h4:inflation_expectations_1y 0.2628743 -0.039536185 0.8692632 0.6057486
h4:inflation_expectations_3y 0.2137761 -0.108777341 0.6627618 0.8110480
h4:inflation                 0.2320893 -0.082950987 0.7366972 0.7407772
h4:economic_activity         0.2954405  0.006390483 1.0221086 0.4560007

$diagnostic_list$`Shock: economic_activity`[[5]]
                               R-sqrd. Adj. R-sqrd.    F-stat   p-value
h5:taxes                     0.2034992  -0.13186954 0.6067924 0.8584050
h5:inflation_expectations_1y 0.1819343  -0.16251436 0.5281899 0.9148122
h5:inflation_expectations_3y 0.2682794  -0.03981350 0.8707743 0.6042414
h5:inflation                 0.2511128  -0.06420810 0.7963722 0.6803579
h5:economic_activity         0.2362463  -0.08533417 0.7346413 0.7424440

$diagnostic_list$`Shock: economic_activity`[[6]]
                               R-sqrd. Adj. R-sqrd.    F-stat   p-value
h6:taxes                     0.2091331  -0.13286335 0.6115067 0.8540691
h6:inflation_expectations_1y 0.3768145   0.10732888 1.3982731 0.1958724
h6:inflation_expectations_3y 0.2238381  -0.11179955 0.6669040 0.8063263
h6:inflation                 0.2666820  -0.05042854 0.8409749 0.6346385
h6:economic_activity         0.2272522  -0.10690900 0.6800676 0.7942689

$diagnostic_list$`Shock: economic_activity`[[7]]
                               R-sqrd. Adj. R-sqrd.    F-stat   p-value
h7:taxes                     0.3967219   0.12859832 1.4796233 0.1615578
h7:inflation_expectations_1y 0.2441633  -0.09176410 0.7268336 0.7493013
h7:inflation_expectations_3y 0.2520502  -0.08037197 0.7582232 0.7183236
h7:inflation                 0.3770678   0.10020901 1.3619499 0.2154904
h7:economic_activity         0.3497054   0.06068554 1.2099702 0.3071617

$diagnostic_list$`Shock: economic_activity`[[8]]
                               R-sqrd. Adj. R-sqrd.    F-stat   p-value
h8:taxes                     0.2576546  -0.08170324 0.7592417 0.7169590
h8:inflation_expectations_1y 0.2242865  -0.13032534 0.6324846 0.8354939
h8:inflation_expectations_3y 0.2541507  -0.08680893 0.7453982 0.7306793
h8:inflation                 0.2845823  -0.04246583 0.8701542 0.6050018
h8:economic_activity         0.3363514   0.03296917 1.1086721 0.3843738

$diagnostic_list$`Shock: economic_activity`[[9]]
                               R-sqrd. Adj. R-sqrd.    F-stat   p-value
h9:taxes                     0.2248586  -0.13991386 0.6164352 0.8483075
h9:inflation_expectations_1y 0.2807124  -0.05777592 0.8293119 0.6462087
h9:inflation_expectations_3y 0.2640908  -0.08221940 0.7625845 0.7132758
h9:inflation                 0.3041299  -0.02333833 0.9287310 0.5470011
h9:economic_activity         0.2878558  -0.04727090 0.8589462 0.6163153

$diagnostic_list$`Shock: economic_activity`[[10]]
                                R-sqrd. Adj. R-sqrd.    F-stat   p-value
h10:taxes                     0.1612857 -0.245363722 0.3966209 0.9738200
h10:inflation_expectations_1y 0.3642234  0.055968145 1.1815643 0.3311473
h10:inflation_expectations_3y 0.2535856 -0.108312333 0.7007103 0.7729021
h10:inflation                 0.3406794  0.021008848 1.0657203 0.4219854
h10:economic_activity         0.3272546  0.001075056 1.0032959 0.4769972

$diagnostic_list$`Shock: economic_activity`[[11]]
                                R-sqrd. Adj. R-sqrd.    F-stat   p-value
h11:taxes                     0.2017615  -0.19735772 0.5055169 0.9253377
h11:inflation_expectations_1y 0.2923344  -0.06149846 0.8261935 0.6490885
h11:inflation_expectations_3y 0.1844475  -0.22332881 0.4523252 0.9525846
h11:inflation                 0.2964643  -0.05530357 0.8427839 0.6324767
h11:economic_activity         0.3492533   0.02387997 1.0733925 0.4165159

$diagnostic_list$`Shock: economic_activity`[[12]]
                                R-sqrd. Adj. R-sqrd.    F-stat   p-value
h12:taxes                     0.2614930  -0.11967197 0.6860363 0.7854053
h12:inflation_expectations_1y 0.2652151  -0.11402878 0.6993260 0.7730514
h12:inflation_expectations_3y 0.3161899  -0.03674434 0.8958890 0.5798962
h12:inflation                 0.2924741  -0.07270055 0.8009157 0.6741457
h12:economic_activity         0.3678073   0.04151426 1.1272300 0.3743604



$specs
$specs$lags_endog_lin
SC(n) 
    1 

$specs$lags_criterion
[1] NaN

$specs$max_lags
[1] NaN

$specs$trend
[1] 0

$specs$shock_type
[1] 0

$specs$confint
[1] 1.65

$specs$hor
[1] 12

$specs$use_nw
[1] TRUE

$specs$nw_prewhite
[1] FALSE

$specs$adjust_se
[1] FALSE

$specs$use_twosls
[1] FALSE

$specs$contemp_data
$specs$contemp_data$dummy
 [1] 0 0 0 0 0 0 0 0 0 0 0 0 0 0 0 0 0 0 0 0 0 0 0 0 0 1 1 1 1 0 1 0 1 0 0 0 0 0 0 0 0 0 0 0 0 0 0 0 0 0 0 0 0 0 0 0 0 0 0 0

$specs$contemp_data$Jan
 [1] 0 0 0 0 0 0 0 0 0 0 0 1 0 0 0 0 0 0 0 0 0 0 0 1 0 0 0 0 0 0 0 0 0 0 0 1 0 0 0 0 0 0 0 0 0 0 0 1 0 0 0 0 0 0 0 0 0 0 0 1

$specs$contemp_data$Feb
 [1] 1 0 0 0 0 0 0 0 0 0 0 0 1 0 0 0 0 0 0 0 0 0 0 0 1 0 0 0 0 0 0 0 0 0 0 0 1 0 0 0 0 0 0 0 0 0 0 0 1 0 0 0 0 0 0 0 0 0 0 0

$specs$contemp_data$Mar
 [1] 0 1 0 0 0 0 0 0 0 0 0 0 0 1 0 0 0 0 0 0 0 0 0 0 0 1 0 0 0 0 0 0 0 0 0 0 0 1 0 0 0 0 0 0 0 0 0 0 0 1 0 0 0 0 0 0 0 0 0 0

$specs$contemp_data$Apr
 [1] 0 0 1 0 0 0 0 0 0 0 0 0 0 0 1 0 0 0 0 0 0 0 0 0 0 0 1 0 0 0 0 0 0 0 0 0 0 0 1 0 0 0 0 0 0 0 0 0 0 0 1 0 0 0 0 0 0 0 0 0

$specs$contemp_data$May
 [1] 0 0 0 1 0 0 0 0 0 0 0 0 0 0 0 1 0 0 0 0 0 0 0 0 0 0 0 1 0 0 0 0 0 0 0 0 0 0 0 1 0 0 0 0 0 0 0 0 0 0 0 1 0 0 0 0 0 0 0 0

$specs$contemp_data$Jun
 [1] 0 0 0 0 1 0 0 0 0 0 0 0 0 0 0 0 1 0 0 0 0 0 0 0 0 0 0 0 1 0 0 0 0 0 0 0 0 0 0 0 1 0 0 0 0 0 0 0 0 0 0 0 1 0 0 0 0 0 0 0

$specs$contemp_data$Jul
 [1] 0 0 0 0 0 1 0 0 0 0 0 0 0 0 0 0 0 1 0 0 0 0 0 0 0 0 0 0 0 1 0 0 0 0 0 0 0 0 0 0 0 1 0 0 0 0 0 0 0 0 0 0 0 1 0 0 0 0 0 0

$specs$contemp_data$Aug
 [1] 0 0 0 0 0 0 1 0 0 0 0 0 0 0 0 0 0 0 1 0 0 0 0 0 0 0 0 0 0 0 1 0 0 0 0 0 0 0 0 0 0 0 1 0 0 0 0 0 0 0 0 0 0 0 1 0 0 0 0 0

$specs$contemp_data$Sep
 [1] 0 0 0 0 0 0 0 1 0 0 0 0 0 0 0 0 0 0 0 1 0 0 0 0 0 0 0 0 0 0 0 1 0 0 0 0 0 0 0 0 0 0 0 1 0 0 0 0 0 0 0 0 0 0 0 1 0 0 0 0

$specs$contemp_data$Oct
 [1] 0 0 0 0 0 0 0 0 1 0 0 0 0 0 0 0 0 0 0 0 1 0 0 0 0 0 0 0 0 0 0 0 1 0 0 0 0 0 0 0 0 0 0 0 1 0 0 0 0 0 0 0 0 0 0 0 1 0 0 0


$specs$model_type
[1] 0

$specs$starts
[1] 1

$specs$ends
[1] 60

$specs$column_names
[1] "taxes"                     "inflation_expectations_1y" "inflation_expectations_3y" "inflation"                
[5] "economic_activity"        

$specs$endog
[1] 5

$specs$y_lin
           taxes inflation_expectations_1y inflation_expectations_3y    inflation economic_activity
2  -0.0021754046              -0.079620123               0.023733377  0.002310570        0.03672057
3   0.0041503204               0.228555441               0.061933756  0.031662657        0.02660601
4   0.0001142990               0.000000000              -0.007986784  0.027403122        0.04356130
5  -0.0111869581               0.000000000               0.038039923  0.010862582        0.01757053
6   0.0071008744               0.001872778              -0.116087914  0.009406502        0.03236078
7   0.0032578233               0.017283440               0.116087914  0.021640425        0.02930438
8  -0.0079130747              -0.004920721               0.000000000  0.025003951        0.02923299
9   0.0113508357               0.004920721               0.000000000  0.028405410        0.02229492
10 -0.0036911811              -0.030053139              -0.116087914 -0.008420605        0.02323041
11 -0.0012662055               0.030053139               0.096931696  0.008246918        0.01734758
12 -0.0077327251              -0.030053139              -0.010896921 -0.002323999        0.03391158
13 -0.0170831092              -0.176372051              -0.201508284  0.029025084        0.02600387
14  0.0215382405               0.022861719               0.095972538  0.042416785        0.02691934
15 -0.0114104969              -0.218312263              -0.170893431  0.048586660        0.03757401
16  0.0057047269              -0.145042181              -0.100185633  0.003720327        0.02002637
17  0.0051886188               0.217070103               0.069105387 -0.006141925        0.02480201
18  0.0017098557              -0.079553127              -0.083071947  0.024993882        0.02186920
19 -0.0067996988              -0.176150560              -0.077933550  0.017681720        0.02278745
20 -0.0099923610               0.069185972              -0.126637936  0.021370449        0.03620964
21  0.0162346658              -0.153448343               0.004080772  0.034784574        0.01981848
22 -0.0089829407               0.017366648               0.142476082  0.026361361        0.02549842
23 -0.0018417155               0.180090904               0.016174078  0.038444527        0.02259084
24  0.0059091471              -0.031989813               0.000000000  0.019694440        0.03781474
25  0.0039645056               0.041871071               0.051145554  0.009814561        0.03578346
26 -0.0196957059               0.000000000              -0.189331532 -0.050912346       -0.07956922
27  0.0045512678               0.085786104               0.223972082 -0.090824177       -0.77070172
28  0.0090508855               0.376688957              -0.012976170 -0.010450429        0.21339722
29  0.0078047933              -0.318598032              -0.136598825  0.053592068        0.21330076
30  0.0002525282               0.206044197               0.257966757  0.061866907        0.02971606
31 -0.0011796026               0.112553835               0.249140978  0.053808986        0.15791953
32  0.0011667133              -0.019156218              -0.238733053  0.028930510        0.07717705
33 -0.0033639177              -0.144741774              -0.040002584  0.011918979        0.10115859
34  0.0044138267               0.126406431               0.117631912  0.024543630        0.04507153
35  0.0012320599               0.037491560               0.161103725  0.057557700        0.01677041
36  0.0011566168               0.046669483               0.047342062  0.028496735        0.06736316
37  0.0059602024               0.044214964              -0.028185844  0.045997380        0.05066022
38 -0.0017678811               0.153371334               0.092952490  0.059503194        0.06160136
39 -0.0027832800               0.115923882               0.005092859  0.082225516        0.03720211
40  0.0031917359               0.639820337               0.471664906  0.082531234        0.06412900
41 -0.0014753291               0.801745415              -0.022792339  0.098347464        0.05475905
42  0.0017791868               0.040705204               0.164751053  0.054649100        0.08879717
43  0.0036565998               0.337376595               0.287992716  0.049840953        0.06602323
44 -0.0081016441               0.130341530               0.194323301  0.052018077        0.07861505
45  0.0072031078               0.343297958               0.017191887  0.114305741        0.06819482
46 -0.0017606851               0.346533298              -0.199976921  0.098833469        0.06879133
47 -0.0004052162              -0.009726048              -0.011199951  0.097421769        0.06937609
48  0.0042755571              -0.201833725              -0.522751808  0.075404740        0.03542764
49  0.0007887428               0.211559772               0.297553301  0.088488916        0.07849205
50 -0.0014786389               0.583898067              -0.099878550  0.126900569        0.05112829
51 -0.0043950963              -0.238460541               0.227452993  0.048497289        0.04431433
52  0.0013700534               0.230577469              -0.023298502  0.115684054        0.03389257
53 -0.0013728641               0.199839592              -0.260592937  0.151285219        0.03843642
54 -0.0051822934              -0.552228928              -0.436033010 -0.004064650        0.05041760
55 -0.0131772870              -0.477911472              -0.427183867  0.028517738        0.02896168
56  0.0146728855              -0.304920197               0.154703379  0.050566174        0.04915587
57 -0.0054771812               0.503497124               0.200692415  0.060045147        0.03059615
58 -0.0003908635              -0.715742588              -0.113289595  0.024858721        0.04330825
59 -0.0014722329              -0.235079288              -0.004589558  0.015857387        0.03585464
60  0.0062436499              -0.038488865              -0.280791283  0.063675095        0.04576300

$specs$x_lin
     taxes_lag_1 inflation_expectations_1y_lag_1 inflation_expectations_3y_lag_1 inflation_lag_1 economic_activity_lag_1
2   0.0008636925                     0.119915485                     0.090704918     0.032745451              0.02976223
3  -0.0021754046                    -0.079620123                     0.023733377     0.002310570              0.03672057
4   0.0041503204                     0.228555441                     0.061933756     0.031662657              0.02660601
5   0.0001142990                     0.000000000                    -0.007986784     0.027403122              0.04356130
6  -0.0111869581                     0.000000000                     0.038039923     0.010862582              0.01757053
7   0.0071008744                     0.001872778                    -0.116087914     0.009406502              0.03236078
8   0.0032578233                     0.017283440                     0.116087914     0.021640425              0.02930438
9  -0.0079130747                    -0.004920721                     0.000000000     0.025003951              0.02923299
10  0.0113508357                     0.004920721                     0.000000000     0.028405410              0.02229492
11 -0.0036911811                    -0.030053139                    -0.116087914    -0.008420605              0.02323041
12 -0.0012662055                     0.030053139                     0.096931696     0.008246918              0.01734758
13 -0.0077327251                    -0.030053139                    -0.010896921    -0.002323999              0.03391158
14 -0.0170831092                    -0.176372051                    -0.201508284     0.029025084              0.02600387
15  0.0215382405                     0.022861719                     0.095972538     0.042416785              0.02691934
16 -0.0114104969                    -0.218312263                    -0.170893431     0.048586660              0.03757401
17  0.0057047269                    -0.145042181                    -0.100185633     0.003720327              0.02002637
18  0.0051886188                     0.217070103                     0.069105387    -0.006141925              0.02480201
19  0.0017098557                    -0.079553127                    -0.083071947     0.024993882              0.02186920
20 -0.0067996988                    -0.176150560                    -0.077933550     0.017681720              0.02278745
21 -0.0099923610                     0.069185972                    -0.126637936     0.021370449              0.03620964
22  0.0162346658                    -0.153448343                     0.004080772     0.034784574              0.01981848
23 -0.0089829407                     0.017366648                     0.142476082     0.026361361              0.02549842
24 -0.0018417155                     0.180090904                     0.016174078     0.038444527              0.02259084
25  0.0059091471                    -0.031989813                     0.000000000     0.019694440              0.03781474
26  0.0039645056                     0.041871071                     0.051145554     0.009814561              0.03578346
27 -0.0196957059                     0.000000000                    -0.189331532    -0.050912346             -0.07956922
28  0.0045512678                     0.085786104                     0.223972082    -0.090824177             -0.77070172
29  0.0090508855                     0.376688957                    -0.012976170    -0.010450429              0.21339722
30  0.0078047933                    -0.318598032                    -0.136598825     0.053592068              0.21330076
31  0.0002525282                     0.206044197                     0.257966757     0.061866907              0.02971606
32 -0.0011796026                     0.112553835                     0.249140978     0.053808986              0.15791953
33  0.0011667133                    -0.019156218                    -0.238733053     0.028930510              0.07717705
34 -0.0033639177                    -0.144741774                    -0.040002584     0.011918979              0.10115859
35  0.0044138267                     0.126406431                     0.117631912     0.024543630              0.04507153
36  0.0012320599                     0.037491560                     0.161103725     0.057557700              0.01677041
37  0.0011566168                     0.046669483                     0.047342062     0.028496735              0.06736316
38  0.0059602024                     0.044214964                    -0.028185844     0.045997380              0.05066022
39 -0.0017678811                     0.153371334                     0.092952490     0.059503194              0.06160136
40 -0.0027832800                     0.115923882                     0.005092859     0.082225516              0.03720211
41  0.0031917359                     0.639820337                     0.471664906     0.082531234              0.06412900
42 -0.0014753291                     0.801745415                    -0.022792339     0.098347464              0.05475905
43  0.0017791868                     0.040705204                     0.164751053     0.054649100              0.08879717
44  0.0036565998                     0.337376595                     0.287992716     0.049840953              0.06602323
45 -0.0081016441                     0.130341530                     0.194323301     0.052018077              0.07861505
46  0.0072031078                     0.343297958                     0.017191887     0.114305741              0.06819482
47 -0.0017606851                     0.346533298                    -0.199976921     0.098833469              0.06879133
48 -0.0004052162                    -0.009726048                    -0.011199951     0.097421769              0.06937609
49  0.0042755571                    -0.201833725                    -0.522751808     0.075404740              0.03542764
50  0.0007887428                     0.211559772                     0.297553301     0.088488916              0.07849205
51 -0.0014786389                     0.583898067                    -0.099878550     0.126900569              0.05112829
52 -0.0043950963                    -0.238460541                     0.227452993     0.048497289              0.04431433
53  0.0013700534                     0.230577469                    -0.023298502     0.115684054              0.03389257
54 -0.0013728641                     0.199839592                    -0.260592937     0.151285219              0.03843642
55 -0.0051822934                    -0.552228928                    -0.436033010    -0.004064650              0.05041760
56 -0.0131772870                    -0.477911472                    -0.427183867     0.028517738              0.02896168
57  0.0146728855                    -0.304920197                     0.154703379     0.050566174              0.04915587
58 -0.0054771812                     0.503497124                     0.200692415     0.060045147              0.03059615
59 -0.0003908635                    -0.715742588                    -0.113289595     0.024858721              0.04330825
60 -0.0014722329                    -0.235079288                    -0.004589558     0.015857387              0.03585464
   dummy Jan Feb Mar Apr May Jun Jul Aug Sep Oct
2      0   0   0   1   0   0   0   0   0   0   0
3      0   0   0   0   1   0   0   0   0   0   0
4      0   0   0   0   0   1   0   0   0   0   0
5      0   0   0   0   0   0   1   0   0   0   0
6      0   0   0   0   0   0   0   1   0   0   0
7      0   0   0   0   0   0   0   0   1   0   0
8      0   0   0   0   0   0   0   0   0   1   0
9      0   0   0   0   0   0   0   0   0   0   1
10     0   0   0   0   0   0   0   0   0   0   0
11     0   0   0   0   0   0   0   0   0   0   0
12     0   1   0   0   0   0   0   0   0   0   0
13     0   0   1   0   0   0   0   0   0   0   0
14     0   0   0   1   0   0   0   0   0   0   0
15     0   0   0   0   1   0   0   0   0   0   0
16     0   0   0   0   0   1   0   0   0   0   0
17     0   0   0   0   0   0   1   0   0   0   0
18     0   0   0   0   0   0   0   1   0   0   0
19     0   0   0   0   0   0   0   0   1   0   0
20     0   0   0   0   0   0   0   0   0   1   0
21     0   0   0   0   0   0   0   0   0   0   1
22     0   0   0   0   0   0   0   0   0   0   0
23     0   0   0   0   0   0   0   0   0   0   0
24     0   1   0   0   0   0   0   0   0   0   0
25     0   0   1   0   0   0   0   0   0   0   0
26     1   0   0   1   0   0   0   0   0   0   0
27     1   0   0   0   1   0   0   0   0   0   0
28     1   0   0   0   0   1   0   0   0   0   0
29     1   0   0   0   0   0   1   0   0   0   0
30     0   0   0   0   0   0   0   1   0   0   0
31     1   0   0   0   0   0   0   0   1   0   0
32     0   0   0   0   0   0   0   0   0   1   0
33     1   0   0   0   0   0   0   0   0   0   1
34     0   0   0   0   0   0   0   0   0   0   0
35     0   0   0   0   0   0   0   0   0   0   0
36     0   1   0   0   0   0   0   0   0   0   0
37     0   0   1   0   0   0   0   0   0   0   0
38     0   0   0   1   0   0   0   0   0   0   0
39     0   0   0   0   1   0   0   0   0   0   0
40     0   0   0   0   0   1   0   0   0   0   0
41     0   0   0   0   0   0   1   0   0   0   0
42     0   0   0   0   0   0   0   1   0   0   0
43     0   0   0   0   0   0   0   0   1   0   0
44     0   0   0   0   0   0   0   0   0   1   0
45     0   0   0   0   0   0   0   0   0   0   1
46     0   0   0   0   0   0   0   0   0   0   0
47     0   0   0   0   0   0   0   0   0   0   0
48     0   1   0   0   0   0   0   0   0   0   0
49     0   0   1   0   0   0   0   0   0   0   0
50     0   0   0   1   0   0   0   0   0   0   0
51     0   0   0   0   1   0   0   0   0   0   0
52     0   0   0   0   0   1   0   0   0   0   0
53     0   0   0   0   0   0   1   0   0   0   0
54     0   0   0   0   0   0   0   1   0   0   0
55     0   0   0   0   0   0   0   0   1   0   0
56     0   0   0   0   0   0   0   0   0   1   0
57     0   0   0   0   0   0   0   0   0   0   1
58     0   0   0   0   0   0   0   0   0   0   0
59     0   0   0   0   0   0   0   0   0   0   0
60     0   1   0   0   0   0   0   0   0   0   0


attr(,"class")
[1] "lpirfs_lin_obj"
