[1] "demand_shift"         "djn level estimation"
                   1             2             3             4             5             6
AIC(n) -2.691603e+01 -2.719561e+01 -2.729615e+01 -2.729036e+01 -2.804199e+01 -2.870444e+01
HQ(n)  -2.571637e+01 -2.564311e+01 -2.539080e+01 -2.503218e+01 -2.543096e+01 -2.574057e+01
SC(n)  -2.381379e+01 -2.318094e+01 -2.236906e+01 -2.145085e+01 -2.129005e+01 -2.104008e+01
FPE(n)  2.269321e-12  1.957952e-12  2.221885e-12  3.236668e-12  2.769992e-12  3.815331e-12
                   1             2             3             4             5             6
AIC(n) -2.691603e+01 -2.719561e+01 -2.729615e+01 -2.729036e+01 -2.804199e+01 -2.870444e+01
HQ(n)  -2.571637e+01 -2.564311e+01 -2.539080e+01 -2.503218e+01 -2.543096e+01 -2.574057e+01
SC(n)  -2.381379e+01 -2.318094e+01 -2.236906e+01 -2.145085e+01 -2.129005e+01 -2.104008e+01
FPE(n)  2.269321e-12  1.957952e-12  2.221885e-12  3.236668e-12  2.769992e-12  3.815331e-12
$irf_lin_mean
, , 1

            [,1]          [,2]         [,3]         [,4]         [,5]         [,6]          [,7]        [,8]         [,9]
[1,] 0.009726550  0.0058337707  0.001264140 -0.002222856 -0.003477791 -0.001847589 -3.496359e-05 0.001086739  0.001107804
[2,] 0.033106158  0.0390054760  0.064226128  0.082268238  0.073814242  0.064871607  6.741106e-02 0.036131211  0.017262749
[3,] 0.046406120  0.0300113228  0.030958540  0.019818313  0.016431673  0.025480019  3.582138e-02 0.016007835 -0.009635055
[4,] 0.006380411  0.0005629476 -0.002317641 -0.001789297  0.001038004  0.002423266  5.719657e-03 0.004600249  0.001547602
[5,] 0.015613711 -0.0095589667 -0.025190459 -0.010150200 -0.002608601  0.006968958  1.346413e-02 0.006277133  0.010413415
             [,10]        [,11]        [,12]        [,13]
[1,] -3.099933e-04 -0.002342072 -0.003340365 -0.003718417
[2,] -7.698866e-03 -0.004559235 -0.007817692 -0.025567946
[3,] -4.145670e-02 -0.036411709 -0.029276022 -0.010351141
[4,]  5.622789e-05 -0.003647965 -0.005349842 -0.006958820
[5,]  8.626349e-04 -0.012517797 -0.008582849 -0.016005274

, , 2

             [,1]          [,2]         [,3]          [,4]         [,5]          [,6]         [,7]         [,8]         [,9]
[1,]  0.000000000 -0.0014284864 -0.002938124 -0.0032559895 -0.001798393 -0.0042404152 -0.004090562 -0.004891685 -0.004868586
[2,]  0.181937231  0.1342327251  0.078112552  0.0586586048  0.063608084  0.0157999249 -0.053726908 -0.048987414 -0.092966691
[3,]  0.062694722  0.0358501024 -0.004946899 -0.0137844743 -0.005208308 -0.0448134589 -0.048581286 -0.053985133 -0.062467510
[4,]  0.008877713  0.0008142796 -0.002089039  0.0003072197 -0.003775823 -0.0049996138 -0.007861430 -0.005213416 -0.007591734
[5,] -0.020108223  0.0115228423  0.002530409 -0.0109113951 -0.005449336 -0.0006138592 -0.006853147 -0.012413231 -0.002149386
            [,10]        [,11]         [,12]        [,13]
[1,] -0.003460410 -0.002373410 -0.0003109046 -0.003701904
[2,] -0.100214115 -0.100028855 -0.0932354948 -0.088745055
[3,] -0.059420801 -0.042352311 -0.0038150572 -0.020539087
[4,] -0.010799929 -0.004433409 -0.0044372167 -0.008623594
[5,] -0.007281634  0.005783892  0.0017009546 -0.021482821

, , 3

             [,1]         [,2]         [,3]         [,4]          [,5]         [,6]       [,7]       [,8]         [,9]
[1,]  0.000000000 0.0002822675  0.002241530  0.003870702  0.0024810391  0.004152755 0.00373008 0.00576164  0.002849676
[2,]  0.000000000 0.0556749905 -0.008003383  0.007226659  0.0002883296  0.049761355 0.13239573 0.06257867  0.085635289
[3,]  0.140828816 0.0816478628  0.032091390 -0.010667104 -0.0255942761  0.013672880 0.04410271 0.07184650  0.038211416
[4,] -0.004671745 0.0078602856  0.004743681  0.005967258  0.0101698808  0.006365468 0.01238255 0.00930491  0.010211524
[5,] -0.011725903 0.0089771583  0.010736005  0.006303684  0.0156429362 -0.006266987 0.02551159 0.03995599 -0.007673731
            [,10]         [,11]        [,12]         [,13]
[1,]  0.002211891  7.675965e-05 -0.002638080 -0.0002860199
[2,]  0.084596778  9.307667e-02  0.011221701 -0.0110063361
[3,]  0.029658933 -5.350683e-02 -0.112713495 -0.0777654068
[4,]  0.006063005 -1.370368e-03 -0.006060377 -0.0071280549
[5,] -0.014492927 -2.535202e-02 -0.000664041 -0.0068147927

, , 4

           [,1]         [,2]          [,3]          [,4]          [,5]          [,6]          [,7]         [,8]         [,9]
[1,] 0.00000000  0.006408316  0.0044811039  7.725001e-04  0.0002518664  2.324345e-05  0.0012485646  0.001748910  0.002880073
[2,] 0.00000000 -0.007469506  0.0009396795 -3.148782e-02  0.0029797962  9.712840e-03 -0.0122765363 -0.017965792 -0.043511827
[3,] 0.00000000  0.010038633 -0.0148354037 -2.839100e-02 -0.0084324924  1.430000e-03  0.0194326531 -0.004424565 -0.018785927
[4,] 0.02541067  0.010044716 -0.0007149880  4.597153e-05 -0.0015508082  5.813972e-04  0.0001774456  0.006639632  0.003310741
[5,] 0.04974869  0.022826686 -0.0057451076  1.181746e-02 -0.0025265593 -1.387155e-02 -0.0045613343  0.011871260 -0.003008807
            [,10]        [,11]       [,12]         [,13]
[1,]  0.006833930  0.005643746 0.005220890 -0.0004801035
[2,] -0.016306424  0.003194631 0.067916535  0.1057797883
[3,] -0.025267877 -0.007038729 0.034235194  0.0710147359
[4,]  0.002110986  0.008225700 0.004066125 -0.0062138665
[5,]  0.003788895  0.029031951 0.009450044 -0.0302266282

, , 5

           [,1]          [,2]         [,3]          [,4]         [,5]          [,6]          [,7]         [,8]         [,9]
[1,] 0.00000000  0.0009018927  0.001498854 -8.042806e-05 -0.004342175  1.103332e-05  1.384669e-03  0.002883322  0.003851948
[2,] 0.00000000 -0.0473426397  0.032830663  1.962453e-02 -0.051537389 -6.911949e-02  5.162653e-04 -0.034212052 -0.008888399
[3,] 0.00000000 -0.0066999536  0.041506903  4.676831e-03 -0.060879032 -2.171949e-02 -4.517925e-05  0.004208634  0.010855515
[4,] 0.00000000  0.0024615259  0.001525749 -3.471940e-03 -0.002651134 -1.757264e-04  9.815916e-03  0.002343116 -0.001115978
[5,] 0.09301771 -0.0193484145 -0.025916745  1.047355e-02 -0.002678339  9.855798e-03  8.072715e-03  0.003644616  0.012333566
            [,10]         [,11]         [,12]         [,13]
[1,]  0.002404845 -0.0002395227 -0.0022840693  0.0006895087
[2,] -0.017558258  0.0057382678  0.0064645924  0.0005128376
[3,] -0.003918125  0.0059814290 -0.0154038640  0.0224452473
[4,]  0.005494752  0.0001037502  0.0007373376 -0.0041901917
[5,]  0.002208972 -0.0127080070  0.0022735411 -0.0215467408


$irf_lin_low
, , 1

            [,1]         [,2]         [,3]         [,4]         [,5]         [,6]         [,7]         [,8]         [,9]
[1,] 0.009726550  0.002454162 -0.003549739 -0.007794817 -0.008734763 -0.006577472 -0.005243384 -0.004791899 -0.004738243
[2,] 0.033106158 -0.011351327 -0.019204933 -0.017968072 -0.014724143 -0.012219852 -0.004361873 -0.041099320 -0.074205888
[3,] 0.046406120 -0.021358882 -0.028173822 -0.045989056 -0.039144526 -0.029119516 -0.008109267 -0.043800502 -0.063921213
[4,] 0.006380411 -0.008393157 -0.016829411 -0.015842669 -0.007880729 -0.005750359 -0.002988972 -0.004996950 -0.008598646
[5,] 0.015613711 -0.044604993 -0.056785452 -0.042442731 -0.023367326 -0.020514999 -0.011827960 -0.033227468 -0.014698370
            [,10]        [,11]        [,12]        [,13]
[1,] -0.005387530 -0.008162119 -0.009675596 -0.009386804
[2,] -0.095970022 -0.091052996 -0.094993910 -0.105752238
[3,] -0.099508943 -0.094958729 -0.078987284 -0.073152017
[4,] -0.009982999 -0.012888610 -0.013914754 -0.017742315
[5,] -0.025895321 -0.046425419 -0.037888181 -0.044970387

, , 2

             [,1]         [,2]         [,3]        [,4]         [,5]         [,6]         [,7]         [,8]        [,9]
[1,]  0.000000000 -0.004871343 -0.007660481 -0.00837981 -0.006559339 -0.007835407 -0.008043602 -0.009921071 -0.01039392
[2,]  0.181937231  0.073220850 -0.026723663 -0.04645797 -0.034883029 -0.074413356 -0.122199827 -0.147129599 -0.20969111
[3,]  0.062694722 -0.032565885 -0.079709993 -0.08872438 -0.067820884 -0.105630452 -0.098297770 -0.131510066 -0.12766167
[4,]  0.008877713 -0.007111986 -0.014803304 -0.01354532 -0.013393257 -0.012772506 -0.015993885 -0.017236351 -0.01829978
[5,] -0.020108223 -0.016418444 -0.016763640 -0.03780673 -0.026290168 -0.036876689 -0.029629233 -0.076131324 -0.02702302
            [,10]        [,11]        [,12]        [,13]
[1,] -0.008001827 -0.006419106 -0.008203366 -0.009132893
[2,] -0.172589207 -0.160334673 -0.186494385 -0.180325240
[3,] -0.126624944 -0.108294120 -0.061292825 -0.090357198
[4,] -0.020872035 -0.016585252 -0.016996471 -0.021911191
[5,] -0.032951121 -0.029115547 -0.041851977 -0.044243573

, , 3

             [,1]         [,2]          [,3]         [,4]          [,5]         [,6]         [,7]          [,8]         [,9]
[1,]  0.000000000 -0.002061626 -0.0002271777  0.001640070 -6.800814e-05  0.002504476 0.0004480613  0.0017987522 -0.001701796
[2,]  0.000000000  0.037227033 -0.0701081755 -0.050408880 -4.446946e-02  0.021564574 0.0906692288 -0.0133139937  0.021785804
[3,]  0.140828816  0.051308823 -0.0016643199 -0.045334077 -3.501305e-02 -0.006315153 0.0174292657  0.0250244095 -0.002421093
[4,] -0.004671745  0.005155738 -0.0016733710 -0.001492073  5.919005e-03  0.002953462 0.0052512890 -0.0001051027  0.003492791
[5,] -0.011725903  0.004433752  0.0023654578 -0.004808935  3.176762e-03 -0.019223473 0.0040392150 -0.0052499848 -0.017928067
            [,10]        [,11]        [,12]        [,13]
[1,] -0.001421545 -0.001577943 -0.004114327 -0.002230893
[2,]  0.060913772  0.075537571 -0.035860635 -0.066773296
[3,] -0.005745649 -0.090882824 -0.144504371 -0.129028769
[4,]  0.002806954 -0.007245224 -0.011407933 -0.008706435
[5,] -0.026087610 -0.036554323 -0.013202753 -0.007432199

, , 4

           [,1]          [,2]          [,3]         [,4]         [,5]         [,6]         [,7]         [,8]         [,9]
[1,] 0.00000000  0.0036873101  8.999140e-06 -0.003701122 -0.003099990 -0.003462559 -0.002754266 -0.004212123 -0.002871698
[2,] 0.00000000 -0.0516586989 -6.206327e-02 -0.107613589 -0.064671239 -0.069181613 -0.092281061 -0.100280641 -0.145936643
[3,] 0.00000000 -0.0401520209 -6.250867e-02 -0.082095710 -0.058088227 -0.041282737 -0.015590088 -0.050253300 -0.049511329
[4,] 0.02541067  0.0005010069 -1.275659e-02 -0.010480524 -0.007474008 -0.007046215 -0.008003179 -0.001785497 -0.005795597
[5,] 0.04974869 -0.0235385494 -3.024381e-02 -0.011385393 -0.016527586 -0.035736813 -0.029403301 -0.015413090 -0.024075492
            [,10]         [,11]         [,12]        [,13]
[1,]  0.002319123 -0.0002901244 -0.0001154993 -0.006568688
[2,] -0.091623028 -0.0707583968  0.0008516504  0.005534242
[3,] -0.065009530 -0.0549924320 -0.0058818227  0.002013189
[4,] -0.012299108 -0.0009164022 -0.0026929627 -0.025054796
[5,] -0.030427838 -0.0195627691 -0.0202785291 -0.065357426

, , 5

           [,1]         [,2]         [,3]         [,4]         [,5]         [,6]          [,7]          [,8]          [,9]
[1,] 0.00000000 -0.000508445 -0.001000809 -0.002588644 -0.005883508 -0.001727407 -0.0007389148 -5.914074e-05  0.0005244836
[2,] 0.00000000 -0.070263136 -0.003059150 -0.024595709 -0.092818729 -0.112528115 -0.0511384277 -7.441217e-02 -0.0477247667
[3,] 0.00000000 -0.028037603  0.012624382 -0.026328205 -0.085723972 -0.044849400 -0.0238535991 -1.378177e-02 -0.0037044305
[4,] 0.00000000 -0.003136564 -0.006578894 -0.008798766 -0.005093821 -0.004454916  0.0052822826 -2.114392e-03 -0.0067124389
[5,] 0.09301771 -0.047173716 -0.042128748  0.001348859 -0.008903238  0.002069528 -0.0088271581 -4.427631e-03  0.0008153911
             [,10]        [,11]        [,12]        [,13]
[1,] -0.0002009405 -0.003042579 -0.003498340 -0.001328613
[2,] -0.0481755013 -0.019938326 -0.017420189 -0.050934627
[3,] -0.0182394809 -0.018010382 -0.041783229 -0.008242387
[4,]  0.0003582016 -0.002995018 -0.002646088 -0.013880995
[5,] -0.0110314555 -0.027934542 -0.010696645 -0.053768338


$irf_lin_up
, , 1

            [,1]        [,2]        [,3]        [,4]        [,5]        [,6]        [,7]        [,8]        [,9]       [,10]
[1,] 0.009726550 0.009213379 0.006078019 0.003349104 0.001779181 0.002882293 0.005173457 0.006965377 0.006953851 0.004767543
[2,] 0.033106158 0.089362279 0.147657190 0.182504547 0.162352628 0.141963065 0.139183992 0.113361742 0.108731386 0.080572290
[3,] 0.046406120 0.081381528 0.090090902 0.085625682 0.072007873 0.080079555 0.079752026 0.075816173 0.044651102 0.016595534
[4,] 0.006380411 0.009519052 0.012194129 0.012264076 0.009956736 0.010596890 0.014428287 0.014197448 0.011693850 0.010095454
[5,] 0.015613711 0.025487060 0.006404534 0.022142331 0.018150125 0.034452916 0.038756227 0.045781734 0.035525201 0.027620590
           [,11]       [,12]       [,13]
[1,] 0.003477975 0.002994865 0.001949970
[2,] 0.081934527 0.079358527 0.054616345
[3,] 0.022135310 0.020435240 0.052449735
[4,] 0.005592680 0.003215071 0.003824675
[5,] 0.021389826 0.020722484 0.012959839

, , 2

             [,1]        [,2]        [,3]        [,4]        [,5]          [,6]          [,7]         [,8]         [,9]
[1,]  0.000000000 0.002014370 0.001784233 0.001867831 0.002962552 -0.0006454229 -0.0001375221 0.0001377021 0.0006567465
[2,]  0.181937231 0.195244601 0.182948766 0.163775178 0.162099198  0.1060132056  0.0147460109 0.0491547706 0.0237577304
[3,]  0.062694722 0.104266090 0.069816195 0.061155435 0.057404268  0.0160035339  0.0011351990 0.0235398005 0.0027266531
[4,]  0.008877713 0.008740545 0.010625227 0.014159764 0.005841610  0.0027732787  0.0002710256 0.0068095195 0.0031163083
[5,] -0.020108223 0.039464129 0.021824457 0.015983944 0.015391496  0.0356489704  0.0159229397 0.0513048629 0.0227242479
             [,10]        [,11]        [,12]       [,13]
[1,]  0.0010810081  0.001672287 7.581557e-03 0.001729084
[2,] -0.0278390222 -0.039723037 2.339533e-05 0.002835130
[3,]  0.0077833408  0.023589497 5.366271e-02 0.049279025
[4,] -0.0007278232  0.007718434 8.122037e-03 0.004664004
[5,]  0.0183878527  0.040683330 4.525389e-02 0.001277931

, , 3

             [,1]        [,2]        [,3]        [,4]         [,5]        [,6]        [,7]        [,8]        [,9]
[1,]  0.000000000 0.002626161 0.004710238 0.006101335  0.005030086 0.005801035 0.007012099 0.009724529 0.007401148
[2,]  0.000000000 0.074122948 0.054101409 0.064862198  0.045046118 0.077958135 0.174122221 0.138471335 0.149484774
[3,]  0.140828816 0.111986903 0.065847099 0.023999869 -0.016175504 0.033660914 0.070776148 0.118668589 0.078843926
[4,] -0.004671745 0.010564833 0.011160732 0.013426588  0.014420757 0.009777473 0.019513804 0.018714923 0.016930257
[5,] -0.011725903 0.013520564 0.019106552 0.017416304  0.028109110 0.006689500 0.046983968 0.085161970 0.002580605
            [,10]        [,11]         [,12]        [,13]
[1,]  0.005845327  0.001731463 -0.0011618336  0.001658853
[2,]  0.108279784  0.110615766  0.0583040371  0.044760623
[3,]  0.065063515 -0.016130834 -0.0809226193 -0.026502045
[4,]  0.009319055  0.004504489 -0.0007128216 -0.005549675
[5,] -0.002898245 -0.014149726  0.0118746715 -0.006197387

, , 4

           [,1]        [,2]        [,3]        [,4]        [,5]        [,6]        [,7]        [,8]        [,9]      [,10]
[1,] 0.00000000 0.009129322 0.008953209 0.005246122 0.003603723 0.003509045 0.005251395 0.007709943 0.008631844 0.01134874
[2,] 0.00000000 0.036719688 0.063942624 0.044637944 0.070630831 0.088607293 0.067727989 0.064349057 0.058912990 0.05901018
[3,] 0.00000000 0.060229287 0.032837867 0.025313716 0.041223242 0.044142737 0.054455394 0.041404170 0.011939476 0.01447378
[4,] 0.02541067 0.019588425 0.011326613 0.010572467 0.004372392 0.008209010 0.008358070 0.015064760 0.012417079 0.01652108
[5,] 0.04974869 0.069191922 0.018753592 0.035020313 0.011474468 0.007993712 0.020280632 0.039155610 0.018057878 0.03800563
          [,11]      [,12]       [,13]
[1,] 0.01157762 0.01055728 0.005608481
[2,] 0.07714766 0.13498142 0.206025335
[3,] 0.04091497 0.07435221 0.140016283
[4,] 0.01736780 0.01082521 0.012627063
[5,] 0.07762667 0.03917862 0.004904170

, , 5

           [,1]         [,2]         [,3]        [,4]          [,5]         [,6]        [,7]        [,8]        [,9]
[1,] 0.00000000  0.002312230  0.003998516 0.002427788 -0.0028008415  0.001749473 0.003508252 0.005825784 0.007179412
[2,] 0.00000000 -0.024422143  0.068720475 0.063844763 -0.0102560490 -0.025710858 0.052170958 0.005988068 0.029947968
[3,] 0.00000000  0.014637696  0.070389425 0.035681868 -0.0360340924  0.001410419 0.023763241 0.022199035 0.025415461
[4,] 0.00000000  0.008059616  0.009630392 0.001854887 -0.0002084473  0.004103463 0.014349550 0.006800625 0.004480484
[5,] 0.09301771  0.008476887 -0.009704743 0.019598234  0.0035465591  0.017642068 0.024972588 0.011716863 0.023851742
           [,10]       [,11]        [,12]       [,13]
[1,] 0.005010631 0.002563534 -0.001069798 0.002707630
[2,] 0.013058986 0.031414861  0.030349374 0.051960302
[3,] 0.010403231 0.029973240  0.010975501 0.053132882
[4,] 0.010631302 0.003202518  0.004120763 0.005500611
[5,] 0.015449399 0.002518528  0.015243728 0.010674857


$diagnostic_list
$diagnostic_list$`Shock: demand_shift`
$diagnostic_list$`Shock: demand_shift`[[1]]
                               R-sqrd. Adj. R-sqrd.   F-stat      p-value
h1:demand_shift              0.7043172   0.59429568 6.401632 5.626411e-07
h1:inflation_expectations_1y 0.6084299   0.46272936 4.175894 9.152066e-05
h1:inflation_expectations_3y 0.4032245   0.18116855 1.815869 6.074875e-02
h1:inflation                 0.4059475   0.18490465 1.836511 5.732647e-02
h1:economic_activity         0.3243338   0.07292311 1.290056 2.469713e-01

$diagnostic_list$`Shock: demand_shift`[[2]]
                               R-sqrd. Adj. R-sqrd.    F-stat    p-value
h2:demand_shift              0.4708939   0.26932972 2.3361981 0.01418918
h2:inflation_expectations_1y 0.4064340   0.18031366 1.7974233 0.06490459
h2:inflation_expectations_3y 0.2169970  -0.08128983 0.7274777 0.75092230
h2:inflation                 0.1703211  -0.14574710 0.5388745 0.90972281
h2:economic_activity         0.3836237   0.14881365 1.6337619 0.10172474

$diagnostic_list$`Shock: demand_shift`[[3]]
                               R-sqrd. Adj. R-sqrd.    F-stat    p-value
h3:demand_shift              0.3540026   0.10190610 1.4042344 0.18765039
h3:inflation_expectations_1y 0.4281334   0.20496589 1.9184398 0.04713313
h3:inflation_expectations_3y 0.1206272  -0.22254271 0.3515086 0.98660238
h3:inflation                 0.1269951  -0.21368978 0.3727641 0.98205486
h3:economic_activity         0.2960724   0.02136892 1.0777890 0.40507839

$diagnostic_list$`Shock: demand_shift`[[4]]
                               R-sqrd. Adj. R-sqrd.    F-stat    p-value
h4:demand_shift              0.3040543  0.025676014 1.0922343 0.39348753
h4:inflation_expectations_1y 0.3987962  0.158314674 1.6583237 0.09744071
h4:inflation_expectations_3y 0.2749607 -0.015054986 0.9480891 0.52615051
h4:inflation                 0.1966867 -0.124638635 0.6121108 0.85509173
h4:economic_activity         0.2797481 -0.008352594 0.9710081 0.50374606

$diagnostic_list$`Shock: demand_shift`[[5]]
                               R-sqrd. Adj. R-sqrd.    F-stat   p-value
h5:demand_shift              0.2037020  -0.12298430 0.6235401 0.8451816
h5:inflation_expectations_1y 0.3908306   0.14091493 1.5638499 0.1264926
h5:inflation_expectations_3y 0.3305491   0.05590256 1.2035437 0.3081143
h5:inflation                 0.1809709  -0.15504109 0.5385846 0.9086392
h5:economic_activity         0.2832958  -0.01073672 0.9634846 0.5114195

$diagnostic_list$`Shock: demand_shift`[[6]]
                               R-sqrd. Adj. R-sqrd.    F-stat    p-value
h6:demand_shift              0.1750048  -0.17236159 0.5038047 0.92932570
h6:inflation_expectations_1y 0.4481319   0.21576633 1.9285643 0.04858747
h6:inflation_expectations_3y 0.3793852   0.11807366 1.4518502 0.17011422
h6:inflation                 0.3126014   0.02317044 1.0800551 0.40539812
h6:economic_activity         0.2480627  -0.06854247 0.7835081 0.69345277

$diagnostic_list$`Shock: demand_shift`[[7]]
                               R-sqrd. Adj. R-sqrd.    F-stat    p-value
h7:demand_shift              0.2280092   -0.1058247 0.6830019 0.79154897
h7:inflation_expectations_1y 0.3921240    0.1292587 1.4917298 0.15524367
h7:inflation_expectations_3y 0.4491322    0.2109190 1.8854216 0.05565907
h7:inflation                 0.2234416   -0.1123675 0.6653829 0.80770376
h7:economic_activity         0.1712272   -0.1871611 0.4777700 0.94275538

$diagnostic_list$`Shock: demand_shift`[[8]]
                               R-sqrd. Adj. R-sqrd.    F-stat    p-value
h8:demand_shift              0.2269993  -0.11655656 0.6607348 0.81136735
h8:inflation_expectations_1y 0.5001775   0.27803413 2.2515978 0.02155126
h8:inflation_expectations_3y 0.2922726  -0.02227287 0.9291903 0.54595232
h8:inflation                 0.2317295  -0.10972408 0.6786559 0.79507049
h8:economic_activity         0.2768800  -0.04450668 0.8615167 0.61370361

$diagnostic_list$`Shock: demand_shift`[[9]]
                               R-sqrd. Adj. R-sqrd.    F-stat    p-value
h9:demand_shift              0.2864031  -0.03981260 0.8779562 0.59715007
h9:inflation_expectations_1y 0.4575537   0.20957822 1.8451571 0.06440272
h9:inflation_expectations_3y 0.4205343   0.15563576 1.5875296 0.12465981
h9:inflation                 0.2102870  -0.15072459 0.5824938 0.87567576
h9:economic_activity         0.2714225  -0.06164145 0.8149261 0.66091102

$diagnostic_list$`Shock: demand_shift`[[10]]
                                R-sqrd. Adj. R-sqrd.    F-stat    p-value
h10:demand_shift              0.2401325  -0.11745221 0.6715402 0.80049907
h10:inflation_expectations_1y 0.5044133   0.27119608 2.1628474 0.02898245
h10:inflation_expectations_3y 0.2786176  -0.06085642 0.8207332 0.65487430
h10:inflation                 0.2274653  -0.13608038 0.6256856 0.84063227
h10:economic_activity         0.3370477   0.02507022 1.0803590 0.40867875

$diagnostic_list$`Shock: demand_shift`[[11]]
                                R-sqrd. Adj. R-sqrd.    F-stat    p-value
h11:demand_shift              0.2965414  -0.04452943 0.8694423 0.60581854
h11:inflation_expectations_1y 0.4691276   0.21173499 1.8226147 0.07108933
h11:inflation_expectations_3y 0.3602697   0.05009749 1.1615151 0.34576483
h11:inflation                 0.2285948  -0.14541982 0.6111922 0.85195146
h11:economic_activity         0.2813814  -0.06703975 0.8075899 0.66793568

$diagnostic_list$`Shock: demand_shift`[[12]]
                                R-sqrd. Adj. R-sqrd.    F-stat     p-value
h12:demand_shift              0.2652049 -0.102192701 0.7218471 0.752245793
h12:inflation_expectations_1y 0.6096012  0.414401763 3.1229662 0.002971791
h12:inflation_expectations_3y 0.3342039  0.001305811 1.0039226 0.477128536
h12:inflation                 0.3087904 -0.036814468 0.8934781 0.582076488
h12:economic_activity         0.3961390  0.094208575 1.3120208 0.249105618


$diagnostic_list$`Shock: inflation_expectations_1y`
$diagnostic_list$`Shock: inflation_expectations_1y`[[1]]
                               R-sqrd. Adj. R-sqrd.   F-stat      p-value
h1:demand_shift              0.7043172   0.59429568 6.401632 5.626411e-07
h1:inflation_expectations_1y 0.6084299   0.46272936 4.175894 9.152066e-05
h1:inflation_expectations_3y 0.4032245   0.18116855 1.815869 6.074875e-02
h1:inflation                 0.4059475   0.18490465 1.836511 5.732647e-02
h1:economic_activity         0.3243338   0.07292311 1.290056 2.469713e-01

$diagnostic_list$`Shock: inflation_expectations_1y`[[2]]
                               R-sqrd. Adj. R-sqrd.    F-stat    p-value
h2:demand_shift              0.4708939   0.26932972 2.3361981 0.01418918
h2:inflation_expectations_1y 0.4064340   0.18031366 1.7974233 0.06490459
h2:inflation_expectations_3y 0.2169970  -0.08128983 0.7274777 0.75092230
h2:inflation                 0.1703211  -0.14574710 0.5388745 0.90972281
h2:economic_activity         0.3836237   0.14881365 1.6337619 0.10172474

$diagnostic_list$`Shock: inflation_expectations_1y`[[3]]
                               R-sqrd. Adj. R-sqrd.    F-stat    p-value
h3:demand_shift              0.3540026   0.10190610 1.4042344 0.18765039
h3:inflation_expectations_1y 0.4281334   0.20496589 1.9184398 0.04713313
h3:inflation_expectations_3y 0.1206272  -0.22254271 0.3515086 0.98660238
h3:inflation                 0.1269951  -0.21368978 0.3727641 0.98205486
h3:economic_activity         0.2960724   0.02136892 1.0777890 0.40507839

$diagnostic_list$`Shock: inflation_expectations_1y`[[4]]
                               R-sqrd. Adj. R-sqrd.    F-stat    p-value
h4:demand_shift              0.3040543  0.025676014 1.0922343 0.39348753
h4:inflation_expectations_1y 0.3987962  0.158314674 1.6583237 0.09744071
h4:inflation_expectations_3y 0.2749607 -0.015054986 0.9480891 0.52615051
h4:inflation                 0.1966867 -0.124638635 0.6121108 0.85509173
h4:economic_activity         0.2797481 -0.008352594 0.9710081 0.50374606

$diagnostic_list$`Shock: inflation_expectations_1y`[[5]]
                               R-sqrd. Adj. R-sqrd.    F-stat   p-value
h5:demand_shift              0.2037020  -0.12298430 0.6235401 0.8451816
h5:inflation_expectations_1y 0.3908306   0.14091493 1.5638499 0.1264926
h5:inflation_expectations_3y 0.3305491   0.05590256 1.2035437 0.3081143
h5:inflation                 0.1809709  -0.15504109 0.5385846 0.9086392
h5:economic_activity         0.2832958  -0.01073672 0.9634846 0.5114195

$diagnostic_list$`Shock: inflation_expectations_1y`[[6]]
                               R-sqrd. Adj. R-sqrd.    F-stat    p-value
h6:demand_shift              0.1750048  -0.17236159 0.5038047 0.92932570
h6:inflation_expectations_1y 0.4481319   0.21576633 1.9285643 0.04858747
h6:inflation_expectations_3y 0.3793852   0.11807366 1.4518502 0.17011422
h6:inflation                 0.3126014   0.02317044 1.0800551 0.40539812
h6:economic_activity         0.2480627  -0.06854247 0.7835081 0.69345277

$diagnostic_list$`Shock: inflation_expectations_1y`[[7]]
                               R-sqrd. Adj. R-sqrd.    F-stat    p-value
h7:demand_shift              0.2280092   -0.1058247 0.6830019 0.79154897
h7:inflation_expectations_1y 0.3921240    0.1292587 1.4917298 0.15524367
h7:inflation_expectations_3y 0.4491322    0.2109190 1.8854216 0.05565907
h7:inflation                 0.2234416   -0.1123675 0.6653829 0.80770376
h7:economic_activity         0.1712272   -0.1871611 0.4777700 0.94275538

$diagnostic_list$`Shock: inflation_expectations_1y`[[8]]
                               R-sqrd. Adj. R-sqrd.    F-stat    p-value
h8:demand_shift              0.2269993  -0.11655656 0.6607348 0.81136735
h8:inflation_expectations_1y 0.5001775   0.27803413 2.2515978 0.02155126
h8:inflation_expectations_3y 0.2922726  -0.02227287 0.9291903 0.54595232
h8:inflation                 0.2317295  -0.10972408 0.6786559 0.79507049
h8:economic_activity         0.2768800  -0.04450668 0.8615167 0.61370361

$diagnostic_list$`Shock: inflation_expectations_1y`[[9]]
                               R-sqrd. Adj. R-sqrd.    F-stat    p-value
h9:demand_shift              0.2864031  -0.03981260 0.8779562 0.59715007
h9:inflation_expectations_1y 0.4575537   0.20957822 1.8451571 0.06440272
h9:inflation_expectations_3y 0.4205343   0.15563576 1.5875296 0.12465981
h9:inflation                 0.2102870  -0.15072459 0.5824938 0.87567576
h9:economic_activity         0.2714225  -0.06164145 0.8149261 0.66091102

$diagnostic_list$`Shock: inflation_expectations_1y`[[10]]
                                R-sqrd. Adj. R-sqrd.    F-stat    p-value
h10:demand_shift              0.2401325  -0.11745221 0.6715402 0.80049907
h10:inflation_expectations_1y 0.5044133   0.27119608 2.1628474 0.02898245
h10:inflation_expectations_3y 0.2786176  -0.06085642 0.8207332 0.65487430
h10:inflation                 0.2274653  -0.13608038 0.6256856 0.84063227
h10:economic_activity         0.3370477   0.02507022 1.0803590 0.40867875

$diagnostic_list$`Shock: inflation_expectations_1y`[[11]]
                                R-sqrd. Adj. R-sqrd.    F-stat    p-value
h11:demand_shift              0.2965414  -0.04452943 0.8694423 0.60581854
h11:inflation_expectations_1y 0.4691276   0.21173499 1.8226147 0.07108933
h11:inflation_expectations_3y 0.3602697   0.05009749 1.1615151 0.34576483
h11:inflation                 0.2285948  -0.14541982 0.6111922 0.85195146
h11:economic_activity         0.2813814  -0.06703975 0.8075899 0.66793568

$diagnostic_list$`Shock: inflation_expectations_1y`[[12]]
                                R-sqrd. Adj. R-sqrd.    F-stat     p-value
h12:demand_shift              0.2652049 -0.102192701 0.7218471 0.752245793
h12:inflation_expectations_1y 0.6096012  0.414401763 3.1229662 0.002971791
h12:inflation_expectations_3y 0.3342039  0.001305811 1.0039226 0.477128536
h12:inflation                 0.3087904 -0.036814468 0.8934781 0.582076488
h12:economic_activity         0.3961390  0.094208575 1.3120208 0.249105618


$diagnostic_list$`Shock: inflation_expectations_3y`
$diagnostic_list$`Shock: inflation_expectations_3y`[[1]]
                               R-sqrd. Adj. R-sqrd.   F-stat      p-value
h1:demand_shift              0.7043172   0.59429568 6.401632 5.626411e-07
h1:inflation_expectations_1y 0.6084299   0.46272936 4.175894 9.152066e-05
h1:inflation_expectations_3y 0.4032245   0.18116855 1.815869 6.074875e-02
h1:inflation                 0.4059475   0.18490465 1.836511 5.732647e-02
h1:economic_activity         0.3243338   0.07292311 1.290056 2.469713e-01

$diagnostic_list$`Shock: inflation_expectations_3y`[[2]]
                               R-sqrd. Adj. R-sqrd.    F-stat    p-value
h2:demand_shift              0.4708939   0.26932972 2.3361981 0.01418918
h2:inflation_expectations_1y 0.4064340   0.18031366 1.7974233 0.06490459
h2:inflation_expectations_3y 0.2169970  -0.08128983 0.7274777 0.75092230
h2:inflation                 0.1703211  -0.14574710 0.5388745 0.90972281
h2:economic_activity         0.3836237   0.14881365 1.6337619 0.10172474

$diagnostic_list$`Shock: inflation_expectations_3y`[[3]]
                               R-sqrd. Adj. R-sqrd.    F-stat    p-value
h3:demand_shift              0.3540026   0.10190610 1.4042344 0.18765039
h3:inflation_expectations_1y 0.4281334   0.20496589 1.9184398 0.04713313
h3:inflation_expectations_3y 0.1206272  -0.22254271 0.3515086 0.98660238
h3:inflation                 0.1269951  -0.21368978 0.3727641 0.98205486
h3:economic_activity         0.2960724   0.02136892 1.0777890 0.40507839

$diagnostic_list$`Shock: inflation_expectations_3y`[[4]]
                               R-sqrd. Adj. R-sqrd.    F-stat    p-value
h4:demand_shift              0.3040543  0.025676014 1.0922343 0.39348753
h4:inflation_expectations_1y 0.3987962  0.158314674 1.6583237 0.09744071
h4:inflation_expectations_3y 0.2749607 -0.015054986 0.9480891 0.52615051
h4:inflation                 0.1966867 -0.124638635 0.6121108 0.85509173
h4:economic_activity         0.2797481 -0.008352594 0.9710081 0.50374606

$diagnostic_list$`Shock: inflation_expectations_3y`[[5]]
                               R-sqrd. Adj. R-sqrd.    F-stat   p-value
h5:demand_shift              0.2037020  -0.12298430 0.6235401 0.8451816
h5:inflation_expectations_1y 0.3908306   0.14091493 1.5638499 0.1264926
h5:inflation_expectations_3y 0.3305491   0.05590256 1.2035437 0.3081143
h5:inflation                 0.1809709  -0.15504109 0.5385846 0.9086392
h5:economic_activity         0.2832958  -0.01073672 0.9634846 0.5114195

$diagnostic_list$`Shock: inflation_expectations_3y`[[6]]
                               R-sqrd. Adj. R-sqrd.    F-stat    p-value
h6:demand_shift              0.1750048  -0.17236159 0.5038047 0.92932570
h6:inflation_expectations_1y 0.4481319   0.21576633 1.9285643 0.04858747
h6:inflation_expectations_3y 0.3793852   0.11807366 1.4518502 0.17011422
h6:inflation                 0.3126014   0.02317044 1.0800551 0.40539812
h6:economic_activity         0.2480627  -0.06854247 0.7835081 0.69345277

$diagnostic_list$`Shock: inflation_expectations_3y`[[7]]
                               R-sqrd. Adj. R-sqrd.    F-stat    p-value
h7:demand_shift              0.2280092   -0.1058247 0.6830019 0.79154897
h7:inflation_expectations_1y 0.3921240    0.1292587 1.4917298 0.15524367
h7:inflation_expectations_3y 0.4491322    0.2109190 1.8854216 0.05565907
h7:inflation                 0.2234416   -0.1123675 0.6653829 0.80770376
h7:economic_activity         0.1712272   -0.1871611 0.4777700 0.94275538

$diagnostic_list$`Shock: inflation_expectations_3y`[[8]]
                               R-sqrd. Adj. R-sqrd.    F-stat    p-value
h8:demand_shift              0.2269993  -0.11655656 0.6607348 0.81136735
h8:inflation_expectations_1y 0.5001775   0.27803413 2.2515978 0.02155126
h8:inflation_expectations_3y 0.2922726  -0.02227287 0.9291903 0.54595232
h8:inflation                 0.2317295  -0.10972408 0.6786559 0.79507049
h8:economic_activity         0.2768800  -0.04450668 0.8615167 0.61370361

$diagnostic_list$`Shock: inflation_expectations_3y`[[9]]
                               R-sqrd. Adj. R-sqrd.    F-stat    p-value
h9:demand_shift              0.2864031  -0.03981260 0.8779562 0.59715007
h9:inflation_expectations_1y 0.4575537   0.20957822 1.8451571 0.06440272
h9:inflation_expectations_3y 0.4205343   0.15563576 1.5875296 0.12465981
h9:inflation                 0.2102870  -0.15072459 0.5824938 0.87567576
h9:economic_activity         0.2714225  -0.06164145 0.8149261 0.66091102

$diagnostic_list$`Shock: inflation_expectations_3y`[[10]]
                                R-sqrd. Adj. R-sqrd.    F-stat    p-value
h10:demand_shift              0.2401325  -0.11745221 0.6715402 0.80049907
h10:inflation_expectations_1y 0.5044133   0.27119608 2.1628474 0.02898245
h10:inflation_expectations_3y 0.2786176  -0.06085642 0.8207332 0.65487430
h10:inflation                 0.2274653  -0.13608038 0.6256856 0.84063227
h10:economic_activity         0.3370477   0.02507022 1.0803590 0.40867875

$diagnostic_list$`Shock: inflation_expectations_3y`[[11]]
                                R-sqrd. Adj. R-sqrd.    F-stat    p-value
h11:demand_shift              0.2965414  -0.04452943 0.8694423 0.60581854
h11:inflation_expectations_1y 0.4691276   0.21173499 1.8226147 0.07108933
h11:inflation_expectations_3y 0.3602697   0.05009749 1.1615151 0.34576483
h11:inflation                 0.2285948  -0.14541982 0.6111922 0.85195146
h11:economic_activity         0.2813814  -0.06703975 0.8075899 0.66793568

$diagnostic_list$`Shock: inflation_expectations_3y`[[12]]
                                R-sqrd. Adj. R-sqrd.    F-stat     p-value
h12:demand_shift              0.2652049 -0.102192701 0.7218471 0.752245793
h12:inflation_expectations_1y 0.6096012  0.414401763 3.1229662 0.002971791
h12:inflation_expectations_3y 0.3342039  0.001305811 1.0039226 0.477128536
h12:inflation                 0.3087904 -0.036814468 0.8934781 0.582076488
h12:economic_activity         0.3961390  0.094208575 1.3120208 0.249105618


$diagnostic_list$`Shock: inflation`
$diagnostic_list$`Shock: inflation`[[1]]
                               R-sqrd. Adj. R-sqrd.   F-stat      p-value
h1:demand_shift              0.7043172   0.59429568 6.401632 5.626411e-07
h1:inflation_expectations_1y 0.6084299   0.46272936 4.175894 9.152066e-05
h1:inflation_expectations_3y 0.4032245   0.18116855 1.815869 6.074875e-02
h1:inflation                 0.4059475   0.18490465 1.836511 5.732647e-02
h1:economic_activity         0.3243338   0.07292311 1.290056 2.469713e-01

$diagnostic_list$`Shock: inflation`[[2]]
                               R-sqrd. Adj. R-sqrd.    F-stat    p-value
h2:demand_shift              0.4708939   0.26932972 2.3361981 0.01418918
h2:inflation_expectations_1y 0.4064340   0.18031366 1.7974233 0.06490459
h2:inflation_expectations_3y 0.2169970  -0.08128983 0.7274777 0.75092230
h2:inflation                 0.1703211  -0.14574710 0.5388745 0.90972281
h2:economic_activity         0.3836237   0.14881365 1.6337619 0.10172474

$diagnostic_list$`Shock: inflation`[[3]]
                               R-sqrd. Adj. R-sqrd.    F-stat    p-value
h3:demand_shift              0.3540026   0.10190610 1.4042344 0.18765039
h3:inflation_expectations_1y 0.4281334   0.20496589 1.9184398 0.04713313
h3:inflation_expectations_3y 0.1206272  -0.22254271 0.3515086 0.98660238
h3:inflation                 0.1269951  -0.21368978 0.3727641 0.98205486
h3:economic_activity         0.2960724   0.02136892 1.0777890 0.40507839

$diagnostic_list$`Shock: inflation`[[4]]
                               R-sqrd. Adj. R-sqrd.    F-stat    p-value
h4:demand_shift              0.3040543  0.025676014 1.0922343 0.39348753
h4:inflation_expectations_1y 0.3987962  0.158314674 1.6583237 0.09744071
h4:inflation_expectations_3y 0.2749607 -0.015054986 0.9480891 0.52615051
h4:inflation                 0.1966867 -0.124638635 0.6121108 0.85509173
h4:economic_activity         0.2797481 -0.008352594 0.9710081 0.50374606

$diagnostic_list$`Shock: inflation`[[5]]
                               R-sqrd. Adj. R-sqrd.    F-stat   p-value
h5:demand_shift              0.2037020  -0.12298430 0.6235401 0.8451816
h5:inflation_expectations_1y 0.3908306   0.14091493 1.5638499 0.1264926
h5:inflation_expectations_3y 0.3305491   0.05590256 1.2035437 0.3081143
h5:inflation                 0.1809709  -0.15504109 0.5385846 0.9086392
h5:economic_activity         0.2832958  -0.01073672 0.9634846 0.5114195

$diagnostic_list$`Shock: inflation`[[6]]
                               R-sqrd. Adj. R-sqrd.    F-stat    p-value
h6:demand_shift              0.1750048  -0.17236159 0.5038047 0.92932570
h6:inflation_expectations_1y 0.4481319   0.21576633 1.9285643 0.04858747
h6:inflation_expectations_3y 0.3793852   0.11807366 1.4518502 0.17011422
h6:inflation                 0.3126014   0.02317044 1.0800551 0.40539812
h6:economic_activity         0.2480627  -0.06854247 0.7835081 0.69345277

$diagnostic_list$`Shock: inflation`[[7]]
                               R-sqrd. Adj. R-sqrd.    F-stat    p-value
h7:demand_shift              0.2280092   -0.1058247 0.6830019 0.79154897
h7:inflation_expectations_1y 0.3921240    0.1292587 1.4917298 0.15524367
h7:inflation_expectations_3y 0.4491322    0.2109190 1.8854216 0.05565907
h7:inflation                 0.2234416   -0.1123675 0.6653829 0.80770376
h7:economic_activity         0.1712272   -0.1871611 0.4777700 0.94275538

$diagnostic_list$`Shock: inflation`[[8]]
                               R-sqrd. Adj. R-sqrd.    F-stat    p-value
h8:demand_shift              0.2269993  -0.11655656 0.6607348 0.81136735
h8:inflation_expectations_1y 0.5001775   0.27803413 2.2515978 0.02155126
h8:inflation_expectations_3y 0.2922726  -0.02227287 0.9291903 0.54595232
h8:inflation                 0.2317295  -0.10972408 0.6786559 0.79507049
h8:economic_activity         0.2768800  -0.04450668 0.8615167 0.61370361

$diagnostic_list$`Shock: inflation`[[9]]
                               R-sqrd. Adj. R-sqrd.    F-stat    p-value
h9:demand_shift              0.2864031  -0.03981260 0.8779562 0.59715007
h9:inflation_expectations_1y 0.4575537   0.20957822 1.8451571 0.06440272
h9:inflation_expectations_3y 0.4205343   0.15563576 1.5875296 0.12465981
h9:inflation                 0.2102870  -0.15072459 0.5824938 0.87567576
h9:economic_activity         0.2714225  -0.06164145 0.8149261 0.66091102

$diagnostic_list$`Shock: inflation`[[10]]
                                R-sqrd. Adj. R-sqrd.    F-stat    p-value
h10:demand_shift              0.2401325  -0.11745221 0.6715402 0.80049907
h10:inflation_expectations_1y 0.5044133   0.27119608 2.1628474 0.02898245
h10:inflation_expectations_3y 0.2786176  -0.06085642 0.8207332 0.65487430
h10:inflation                 0.2274653  -0.13608038 0.6256856 0.84063227
h10:economic_activity         0.3370477   0.02507022 1.0803590 0.40867875

$diagnostic_list$`Shock: inflation`[[11]]
                                R-sqrd. Adj. R-sqrd.    F-stat    p-value
h11:demand_shift              0.2965414  -0.04452943 0.8694423 0.60581854
h11:inflation_expectations_1y 0.4691276   0.21173499 1.8226147 0.07108933
h11:inflation_expectations_3y 0.3602697   0.05009749 1.1615151 0.34576483
h11:inflation                 0.2285948  -0.14541982 0.6111922 0.85195146
h11:economic_activity         0.2813814  -0.06703975 0.8075899 0.66793568

$diagnostic_list$`Shock: inflation`[[12]]
                                R-sqrd. Adj. R-sqrd.    F-stat     p-value
h12:demand_shift              0.2652049 -0.102192701 0.7218471 0.752245793
h12:inflation_expectations_1y 0.6096012  0.414401763 3.1229662 0.002971791
h12:inflation_expectations_3y 0.3342039  0.001305811 1.0039226 0.477128536
h12:inflation                 0.3087904 -0.036814468 0.8934781 0.582076488
h12:economic_activity         0.3961390  0.094208575 1.3120208 0.249105618


$diagnostic_list$`Shock: economic_activity`
$diagnostic_list$`Shock: economic_activity`[[1]]
                               R-sqrd. Adj. R-sqrd.   F-stat      p-value
h1:demand_shift              0.7043172   0.59429568 6.401632 5.626411e-07
h1:inflation_expectations_1y 0.6084299   0.46272936 4.175894 9.152066e-05
h1:inflation_expectations_3y 0.4032245   0.18116855 1.815869 6.074875e-02
h1:inflation                 0.4059475   0.18490465 1.836511 5.732647e-02
h1:economic_activity         0.3243338   0.07292311 1.290056 2.469713e-01

$diagnostic_list$`Shock: economic_activity`[[2]]
                               R-sqrd. Adj. R-sqrd.    F-stat    p-value
h2:demand_shift              0.4708939   0.26932972 2.3361981 0.01418918
h2:inflation_expectations_1y 0.4064340   0.18031366 1.7974233 0.06490459
h2:inflation_expectations_3y 0.2169970  -0.08128983 0.7274777 0.75092230
h2:inflation                 0.1703211  -0.14574710 0.5388745 0.90972281
h2:economic_activity         0.3836237   0.14881365 1.6337619 0.10172474

$diagnostic_list$`Shock: economic_activity`[[3]]
                               R-sqrd. Adj. R-sqrd.    F-stat    p-value
h3:demand_shift              0.3540026   0.10190610 1.4042344 0.18765039
h3:inflation_expectations_1y 0.4281334   0.20496589 1.9184398 0.04713313
h3:inflation_expectations_3y 0.1206272  -0.22254271 0.3515086 0.98660238
h3:inflation                 0.1269951  -0.21368978 0.3727641 0.98205486
h3:economic_activity         0.2960724   0.02136892 1.0777890 0.40507839

$diagnostic_list$`Shock: economic_activity`[[4]]
                               R-sqrd. Adj. R-sqrd.    F-stat    p-value
h4:demand_shift              0.3040543  0.025676014 1.0922343 0.39348753
h4:inflation_expectations_1y 0.3987962  0.158314674 1.6583237 0.09744071
h4:inflation_expectations_3y 0.2749607 -0.015054986 0.9480891 0.52615051
h4:inflation                 0.1966867 -0.124638635 0.6121108 0.85509173
h4:economic_activity         0.2797481 -0.008352594 0.9710081 0.50374606

$diagnostic_list$`Shock: economic_activity`[[5]]
                               R-sqrd. Adj. R-sqrd.    F-stat   p-value
h5:demand_shift              0.2037020  -0.12298430 0.6235401 0.8451816
h5:inflation_expectations_1y 0.3908306   0.14091493 1.5638499 0.1264926
h5:inflation_expectations_3y 0.3305491   0.05590256 1.2035437 0.3081143
h5:inflation                 0.1809709  -0.15504109 0.5385846 0.9086392
h5:economic_activity         0.2832958  -0.01073672 0.9634846 0.5114195

$diagnostic_list$`Shock: economic_activity`[[6]]
                               R-sqrd. Adj. R-sqrd.    F-stat    p-value
h6:demand_shift              0.1750048  -0.17236159 0.5038047 0.92932570
h6:inflation_expectations_1y 0.4481319   0.21576633 1.9285643 0.04858747
h6:inflation_expectations_3y 0.3793852   0.11807366 1.4518502 0.17011422
h6:inflation                 0.3126014   0.02317044 1.0800551 0.40539812
h6:economic_activity         0.2480627  -0.06854247 0.7835081 0.69345277

$diagnostic_list$`Shock: economic_activity`[[7]]
                               R-sqrd. Adj. R-sqrd.    F-stat    p-value
h7:demand_shift              0.2280092   -0.1058247 0.6830019 0.79154897
h7:inflation_expectations_1y 0.3921240    0.1292587 1.4917298 0.15524367
h7:inflation_expectations_3y 0.4491322    0.2109190 1.8854216 0.05565907
h7:inflation                 0.2234416   -0.1123675 0.6653829 0.80770376
h7:economic_activity         0.1712272   -0.1871611 0.4777700 0.94275538

$diagnostic_list$`Shock: economic_activity`[[8]]
                               R-sqrd. Adj. R-sqrd.    F-stat    p-value
h8:demand_shift              0.2269993  -0.11655656 0.6607348 0.81136735
h8:inflation_expectations_1y 0.5001775   0.27803413 2.2515978 0.02155126
h8:inflation_expectations_3y 0.2922726  -0.02227287 0.9291903 0.54595232
h8:inflation                 0.2317295  -0.10972408 0.6786559 0.79507049
h8:economic_activity         0.2768800  -0.04450668 0.8615167 0.61370361

$diagnostic_list$`Shock: economic_activity`[[9]]
                               R-sqrd. Adj. R-sqrd.    F-stat    p-value
h9:demand_shift              0.2864031  -0.03981260 0.8779562 0.59715007
h9:inflation_expectations_1y 0.4575537   0.20957822 1.8451571 0.06440272
h9:inflation_expectations_3y 0.4205343   0.15563576 1.5875296 0.12465981
h9:inflation                 0.2102870  -0.15072459 0.5824938 0.87567576
h9:economic_activity         0.2714225  -0.06164145 0.8149261 0.66091102

$diagnostic_list$`Shock: economic_activity`[[10]]
                                R-sqrd. Adj. R-sqrd.    F-stat    p-value
h10:demand_shift              0.2401325  -0.11745221 0.6715402 0.80049907
h10:inflation_expectations_1y 0.5044133   0.27119608 2.1628474 0.02898245
h10:inflation_expectations_3y 0.2786176  -0.06085642 0.8207332 0.65487430
h10:inflation                 0.2274653  -0.13608038 0.6256856 0.84063227
h10:economic_activity         0.3370477   0.02507022 1.0803590 0.40867875

$diagnostic_list$`Shock: economic_activity`[[11]]
                                R-sqrd. Adj. R-sqrd.    F-stat    p-value
h11:demand_shift              0.2965414  -0.04452943 0.8694423 0.60581854
h11:inflation_expectations_1y 0.4691276   0.21173499 1.8226147 0.07108933
h11:inflation_expectations_3y 0.3602697   0.05009749 1.1615151 0.34576483
h11:inflation                 0.2285948  -0.14541982 0.6111922 0.85195146
h11:economic_activity         0.2813814  -0.06703975 0.8075899 0.66793568

$diagnostic_list$`Shock: economic_activity`[[12]]
                                R-sqrd. Adj. R-sqrd.    F-stat     p-value
h12:demand_shift              0.2652049 -0.102192701 0.7218471 0.752245793
h12:inflation_expectations_1y 0.6096012  0.414401763 3.1229662 0.002971791
h12:inflation_expectations_3y 0.3342039  0.001305811 1.0039226 0.477128536
h12:inflation                 0.3087904 -0.036814468 0.8934781 0.582076488
h12:economic_activity         0.3961390  0.094208575 1.3120208 0.249105618



$specs
$specs$lags_endog_lin
SC(n) 
    1 

$specs$lags_criterion
[1] NaN

$specs$max_lags
[1] NaN

$specs$trend
[1] 0

$specs$shock_type
[1] 0

$specs$confint
[1] 1.65

$specs$hor
[1] 12

$specs$use_nw
[1] TRUE

$specs$nw_prewhite
[1] FALSE

$specs$adjust_se
[1] FALSE

$specs$use_twosls
[1] FALSE

$specs$contemp_data
$specs$contemp_data$dummy
 [1] 0 0 0 0 0 0 0 0 0 0 0 0 0 0 0 0 0 0 0 0 0 0 0 0 0 0 1 1 1 1 0 1 0 1 0 0 0 0 0 0 0 0 0 0 0 0 0 0 0 0 0 0 0 0 0 0 0 0 0 0
[61] 0

$specs$contemp_data$Jan
 [1] 0 0 0 0 0 0 0 0 0 0 0 1 0 0 0 0 0 0 0 0 0 0 0 1 0 0 0 0 0 0 0 0 0 0 0 1 0 0 0 0 0 0 0 0 0 0 0 1 0 0 0 0 0 0 0 0 0 0 0 1
[61] 0

$specs$contemp_data$Feb
 [1] 1 0 0 0 0 0 0 0 0 0 0 0 1 0 0 0 0 0 0 0 0 0 0 0 1 0 0 0 0 0 0 0 0 0 0 0 1 0 0 0 0 0 0 0 0 0 0 0 1 0 0 0 0 0 0 0 0 0 0 0
[61] 1

$specs$contemp_data$Mar
 [1] 0 1 0 0 0 0 0 0 0 0 0 0 0 1 0 0 0 0 0 0 0 0 0 0 0 1 0 0 0 0 0 0 0 0 0 0 0 1 0 0 0 0 0 0 0 0 0 0 0 1 0 0 0 0 0 0 0 0 0 0
[61] 0

$specs$contemp_data$Apr
 [1] 0 0 1 0 0 0 0 0 0 0 0 0 0 0 1 0 0 0 0 0 0 0 0 0 0 0 1 0 0 0 0 0 0 0 0 0 0 0 1 0 0 0 0 0 0 0 0 0 0 0 1 0 0 0 0 0 0 0 0 0
[61] 0

$specs$contemp_data$May
 [1] 0 0 0 1 0 0 0 0 0 0 0 0 0 0 0 1 0 0 0 0 0 0 0 0 0 0 0 1 0 0 0 0 0 0 0 0 0 0 0 1 0 0 0 0 0 0 0 0 0 0 0 1 0 0 0 0 0 0 0 0
[61] 0

$specs$contemp_data$Jun
 [1] 0 0 0 0 1 0 0 0 0 0 0 0 0 0 0 0 1 0 0 0 0 0 0 0 0 0 0 0 1 0 0 0 0 0 0 0 0 0 0 0 1 0 0 0 0 0 0 0 0 0 0 0 1 0 0 0 0 0 0 0
[61] 0

$specs$contemp_data$Jul
 [1] 0 0 0 0 0 1 0 0 0 0 0 0 0 0 0 0 0 1 0 0 0 0 0 0 0 0 0 0 0 1 0 0 0 0 0 0 0 0 0 0 0 1 0 0 0 0 0 0 0 0 0 0 0 1 0 0 0 0 0 0
[61] 0

$specs$contemp_data$Aug
 [1] 0 0 0 0 0 0 1 0 0 0 0 0 0 0 0 0 0 0 1 0 0 0 0 0 0 0 0 0 0 0 1 0 0 0 0 0 0 0 0 0 0 0 1 0 0 0 0 0 0 0 0 0 0 0 1 0 0 0 0 0
[61] 0

$specs$contemp_data$Sep
 [1] 0 0 0 0 0 0 0 1 0 0 0 0 0 0 0 0 0 0 0 1 0 0 0 0 0 0 0 0 0 0 0 1 0 0 0 0 0 0 0 0 0 0 0 1 0 0 0 0 0 0 0 0 0 0 0 1 0 0 0 0
[61] 0

$specs$contemp_data$Oct
 [1] 0 0 0 0 0 0 0 0 1 0 0 0 0 0 0 0 0 0 0 0 1 0 0 0 0 0 0 0 0 0 0 0 1 0 0 0 0 0 0 0 0 0 0 0 1 0 0 0 0 0 0 0 0 0 0 0 1 0 0 0
[61] 0


$specs$model_type
[1] 0

$specs$starts
[1] 1

$specs$ends
[1] 61

$specs$column_names
[1] "demand_shift"              "inflation_expectations_1y" "inflation_expectations_3y" "inflation"                
[5] "economic_activity"        

$specs$endog
[1] 5

$specs$y_lin
    demand_shift inflation_expectations_1y inflation_expectations_3y     inflation economic_activity
2  -3.262758e-03              -0.093069017              -0.116992518  0.0118791283      0.0132147973
3  -1.943914e-02              -0.179841030              -0.082446768 -0.0180540196      0.0197042191
4  -1.384514e-02               0.042644040              -0.009027443  0.0117895324      0.0091204916
5   8.698854e-03               0.038628823              -0.004366708  0.0080067127      0.0256060314
6   1.451226e-02               0.037587716               0.047957221 -0.0080781182     -0.0008554676
7   2.003949e-02               0.042232388              -0.051764649 -0.0091070197      0.0134624669
8   2.208517e-02               0.066831950               0.083116914  0.0035186802      0.0099315901
9   7.240394e-03               0.074361879               0.104697282  0.0072325549      0.0093828680
10  2.242196e-02               0.097256869               0.129269948  0.0109363479      0.0019638250
11  7.186354e-03               0.090859949               0.040770491 -0.0256428615      0.0024138617
12 -9.262566e-03               0.150130443               0.168118070 -0.0087928721     -0.0039597521
13 -1.736400e-03               0.154457901               0.190173118 -0.0192514804      0.0121072497
14 -2.312951e-02               0.016860856               0.023610225  0.0121350319      0.0036954885
15 -1.110945e-02               0.081748607               0.155708559  0.0254869151      0.0040989018
16  9.834314e-03              -0.092583911               0.021248402  0.0315361282      0.0142325513
17  1.376440e-02              -0.193230976              -0.043276262 -0.0135380408     -0.0038460784
18  4.131631e-03               0.067156473               0.059606826 -0.0237050248      0.0003874938
19 -3.666222e-03               0.028570973               0.007379959  0.0070212946     -0.0030995371
20 -7.544136e-03              -0.110390831              -0.043736816 -0.0008099038     -0.0027487440
21  4.272752e-03              -0.009296058              -0.148649219  0.0022449886      0.0100916736
22 -5.360863e-03              -0.137446744              -0.128886832  0.0149056931     -0.0068965871
23 -7.984483e-05              -0.102682542               0.022526063  0.0056048268     -0.0018302030
24  8.940501e-03               0.085885577               0.040433270  0.0166801358     -0.0053688531
25  2.514671e-02               0.052676001               0.034575991 -0.0032142186      0.0092054021
26  2.288621e-02               0.082834189               0.071948279 -0.0143825022      0.0065049140
27 -1.695070e-02               0.059890764              -0.139321440 -0.0765488966     -0.1095376270
28 -3.184937e-02               0.110803355               0.054336359 -0.1180561839     -0.8013817712
29 -5.303433e-02               0.440086455               0.002754213 -0.0394295123      0.1819834628
30 -3.937285e-02               0.060988570              -0.180594733  0.0227326525      0.1811371292
31 -1.129299e-02               0.192429026               0.022748256  0.0290171471     -0.0032090982
32  1.135275e-02               0.215418333               0.210000612  0.0188797606      0.1242242661
33 -1.219276e-02               0.090842219              -0.097192097 -0.0081495346      0.0427062365
34 -1.033152e-02              -0.176135374              -0.211683475 -0.0273674729      0.0659089440
35 -1.784307e-02              -0.189613815              -0.173824252 -0.0169879726      0.0090416110
36 -2.655692e-02              -0.309955966              -0.096708136  0.0137622962     -0.0200398947
37 -1.479250e-02              -0.438829199              -0.136241740 -0.0175590348      0.0297735978
38  1.041128e-02              -0.586924618              -0.252722198 -0.0022948550      0.0122939477
39  1.532073e-02              -0.640823289              -0.247849266  0.0090208096      0.0224621217
40  3.182656e-02              -0.744269330              -0.328708352  0.0296218439     -0.0027052872
41  2.636859e-02              -0.331977245               0.061289940  0.0278964532      0.0234591779
42  2.345969e-02               0.239203704              -0.036411180  0.0417894154      0.0133334691
43  3.624296e-03               0.051907720               0.062479848 -0.0037102132      0.0466232530
44  5.493814e-03               0.168972059               0.295863311 -0.0101886004      0.0231090359
45  1.358842e-03               0.091561951               0.448800361 -0.0095415708      0.0349689544
46  2.719572e-02               0.244040498               0.439272896  0.0513660931      0.0238252787
47  2.264594e-02               0.420618875               0.227962584  0.0346746044      0.0237066681
48  9.907213e-03               0.265010741               0.220814479  0.0322088457      0.0235842891
49  2.077128e-03              -0.056457642              -0.282966474  0.0093029159     -0.0110638564
50  1.889661e-02               0.063072574               0.047559850  0.0216592661      0.0313075917
51  1.295251e-02               0.583575145              -0.006092132  0.0594986810      0.0032570089
52  2.296460e-02               0.310877420               0.279880828 -0.0193295446     -0.0042385199
53  2.075749e-03               0.535617968               0.326312135  0.0475641271     -0.0153374760
54 -1.017921e-02               0.756444779               0.145136221  0.0829906319     -0.0114672989
55 -5.225659e-03               0.249347053              -0.203776953 -0.0724345513     -0.0001570211
56 -2.826867e-02              -0.163336671              -0.538329081 -0.0398569237     -0.0222817013
57 -1.686165e-02              -0.387472074              -0.287419250 -0.0177631399     -0.0027547779
58  1.763355e-03               0.208077418               0.011815895 -0.0082045127     -0.0219807589
59 -8.358771e-03              -0.407923836              -0.001392901 -0.0432906191     -0.0099343622
60 -1.235200e-02              -0.539237661               0.094962482 -0.0521834854     -0.0180533987
61 -1.402358e-02              -0.472610574              -0.084508752 -0.0042564185     -0.0088103979

$specs$x_lin
   demand_shift_lag_1 inflation_expectations_1y_lag_1 inflation_expectations_3y_lag_1 inflation_lag_1
2       -1.293381e-02                    -0.205402860                    -0.218241259    0.0307655897
3       -3.262758e-03                    -0.093069017                    -0.116992518    0.0118791283
4       -1.943914e-02                    -0.179841030                    -0.082446768   -0.0180540196
5       -1.384514e-02                     0.042644040                    -0.009027443    0.0117895324
6        8.698854e-03                     0.038628823                    -0.004366708    0.0080067127
7        1.451226e-02                     0.037587716                     0.047957221   -0.0080781182
8        2.003949e-02                     0.042232388                    -0.051764649   -0.0091070197
9        2.208517e-02                     0.066831950                     0.083116914    0.0035186802
10       7.240394e-03                     0.074361879                     0.104697282    0.0072325549
11       2.242196e-02                     0.097256869                     0.129269948    0.0109363479
12       7.186354e-03                     0.090859949                     0.040770491   -0.0256428615
13      -9.262566e-03                     0.150130443                     0.168118070   -0.0087928721
14      -1.736400e-03                     0.154457901                     0.190173118   -0.0192514804
15      -2.312951e-02                     0.016860856                     0.023610225    0.0121350319
16      -1.110945e-02                     0.081748607                     0.155708559    0.0254869151
17       9.834314e-03                    -0.092583911                     0.021248402    0.0315361282
18       1.376440e-02                    -0.193230976                    -0.043276262   -0.0135380408
19       4.131631e-03                     0.067156473                     0.059606826   -0.0237050248
20      -3.666222e-03                     0.028570973                     0.007379959    0.0070212946
21      -7.544136e-03                    -0.110390831                    -0.043736816   -0.0008099038
22       4.272752e-03                    -0.009296058                    -0.148649219    0.0022449886
23      -5.360863e-03                    -0.137446744                    -0.128886832    0.0149056931
24      -7.984483e-05                    -0.102682542                     0.022526063    0.0056048268
25       8.940501e-03                     0.085885577                     0.040433270    0.0166801358
26       2.514671e-02                     0.052676001                     0.034575991   -0.0032142186
27       2.288621e-02                     0.082834189                     0.071948279   -0.0143825022
28      -1.695070e-02                     0.059890764                    -0.139321440   -0.0765488966
29      -3.184937e-02                     0.110803355                     0.054336359   -0.1180561839
30      -5.303433e-02                     0.440086455                     0.002754213   -0.0394295123
31      -3.937285e-02                     0.060988570                    -0.180594733    0.0227326525
32      -1.129299e-02                     0.192429026                     0.022748256    0.0290171471
33       1.135275e-02                     0.215418333                     0.210000612    0.0188797606
34      -1.219276e-02                     0.090842219                    -0.097192097   -0.0081495346
35      -1.033152e-02                    -0.176135374                    -0.211683475   -0.0273674729
36      -1.784307e-02                    -0.189613815                    -0.173824252   -0.0169879726
37      -2.655692e-02                    -0.309955966                    -0.096708136    0.0137622962
38      -1.479250e-02                    -0.438829199                    -0.136241740   -0.0175590348
39       1.041128e-02                    -0.586924618                    -0.252722198   -0.0022948550
40       1.532073e-02                    -0.640823289                    -0.247849266    0.0090208096
41       3.182656e-02                    -0.744269330                    -0.328708352    0.0296218439
42       2.636859e-02                    -0.331977245                     0.061289940    0.0278964532
43       2.345969e-02                     0.239203704                    -0.036411180    0.0417894154
44       3.624296e-03                     0.051907720                     0.062479848   -0.0037102132
45       5.493814e-03                     0.168972059                     0.295863311   -0.0101886004
46       1.358842e-03                     0.091561951                     0.448800361   -0.0095415708
47       2.719572e-02                     0.244040498                     0.439272896    0.0513660931
48       2.264594e-02                     0.420618875                     0.227962584    0.0346746044
49       9.907213e-03                     0.265010741                     0.220814479    0.0322088457
50       2.077128e-03                    -0.056457642                    -0.282966474    0.0093029159
51       1.889661e-02                     0.063072574                     0.047559850    0.0216592661
52       1.295251e-02                     0.583575145                    -0.006092132    0.0594986810
53       2.296460e-02                     0.310877420                     0.279880828   -0.0193295446
54       2.075749e-03                     0.535617968                     0.326312135    0.0475641271
55      -1.017921e-02                     0.756444779                     0.145136221    0.0829906319
56      -5.225659e-03                     0.249347053                    -0.203776953   -0.0724345513
57      -2.826867e-02                    -0.163336671                    -0.538329081   -0.0398569237
58      -1.686165e-02                    -0.387472074                    -0.287419250   -0.0177631399
59       1.763355e-03                     0.208077418                     0.011815895   -0.0082045127
60      -8.358771e-03                    -0.407923836                    -0.001392901   -0.0432906191
61      -1.235200e-02                    -0.539237661                     0.094962482   -0.0521834854
   economic_activity_lag_1 dummy Jan Feb Mar Apr May Jun Jul Aug Sep Oct
2             0.0097286005     0   0   0   1   0   0   0   0   0   0   0
3             0.0132147973     0   0   0   0   1   0   0   0   0   0   0
4             0.0197042191     0   0   0   0   0   1   0   0   0   0   0
5             0.0091204916     0   0   0   0   0   0   1   0   0   0   0
6             0.0256060314     0   0   0   0   0   0   0   1   0   0   0
7            -0.0008554676     0   0   0   0   0   0   0   0   1   0   0
8             0.0134624669     0   0   0   0   0   0   0   0   0   1   0
9             0.0099315901     0   0   0   0   0   0   0   0   0   0   1
10            0.0093828680     0   0   0   0   0   0   0   0   0   0   0
11            0.0019638250     0   0   0   0   0   0   0   0   0   0   0
12            0.0024138617     0   1   0   0   0   0   0   0   0   0   0
13           -0.0039597521     0   0   1   0   0   0   0   0   0   0   0
14            0.0121072497     0   0   0   1   0   0   0   0   0   0   0
15            0.0036954885     0   0   0   0   1   0   0   0   0   0   0
16            0.0040989018     0   0   0   0   0   1   0   0   0   0   0
17            0.0142325513     0   0   0   0   0   0   1   0   0   0   0
18           -0.0038460784     0   0   0   0   0   0   0   1   0   0   0
19            0.0003874938     0   0   0   0   0   0   0   0   1   0   0
20           -0.0030995371     0   0   0   0   0   0   0   0   0   1   0
21           -0.0027487440     0   0   0   0   0   0   0   0   0   0   1
22            0.0100916736     0   0   0   0   0   0   0   0   0   0   0
23           -0.0068965871     0   0   0   0   0   0   0   0   0   0   0
24           -0.0018302030     0   1   0   0   0   0   0   0   0   0   0
25           -0.0053688531     0   0   1   0   0   0   0   0   0   0   0
26            0.0092054021     0   0   0   1   0   0   0   0   0   0   0
27            0.0065049140     1   0   0   0   1   0   0   0   0   0   0
28           -0.1095376270     1   0   0   0   0   1   0   0   0   0   0
29           -0.8013817712     1   0   0   0   0   0   1   0   0   0   0
30            0.1819834628     1   0   0   0   0   0   0   1   0   0   0
31            0.1811371292     0   0   0   0   0   0   0   0   1   0   0
32           -0.0032090982     1   0   0   0   0   0   0   0   0   1   0
33            0.1242242661     0   0   0   0   0   0   0   0   0   0   1
34            0.0427062365     1   0   0   0   0   0   0   0   0   0   0
35            0.0659089440     0   0   0   0   0   0   0   0   0   0   0
36            0.0090416110     0   1   0   0   0   0   0   0   0   0   0
37           -0.0200398947     0   0   1   0   0   0   0   0   0   0   0
38            0.0297735978     0   0   0   1   0   0   0   0   0   0   0
39            0.0122939477     0   0   0   0   1   0   0   0   0   0   0
40            0.0224621217     0   0   0   0   0   1   0   0   0   0   0
41           -0.0027052872     0   0   0   0   0   0   1   0   0   0   0
42            0.0234591779     0   0   0   0   0   0   0   1   0   0   0
43            0.0133334691     0   0   0   0   0   0   0   0   1   0   0
44            0.0466232530     0   0   0   0   0   0   0   0   0   1   0
45            0.0231090359     0   0   0   0   0   0   0   0   0   0   1
46            0.0349689544     0   0   0   0   0   0   0   0   0   0   0
47            0.0238252787     0   0   0   0   0   0   0   0   0   0   0
48            0.0237066681     0   1   0   0   0   0   0   0   0   0   0
49            0.0235842891     0   0   1   0   0   0   0   0   0   0   0
50           -0.0110638564     0   0   0   1   0   0   0   0   0   0   0
51            0.0313075917     0   0   0   0   1   0   0   0   0   0   0
52            0.0032570089     0   0   0   0   0   1   0   0   0   0   0
53           -0.0042385199     0   0   0   0   0   0   1   0   0   0   0
54           -0.0153374760     0   0   0   0   0   0   0   1   0   0   0
55           -0.0114672989     0   0   0   0   0   0   0   0   1   0   0
56           -0.0001570211     0   0   0   0   0   0   0   0   0   1   0
57           -0.0222817013     0   0   0   0   0   0   0   0   0   0   1
58           -0.0027547779     0   0   0   0   0   0   0   0   0   0   0
59           -0.0219807589     0   0   0   0   0   0   0   0   0   0   0
60           -0.0099343622     0   1   0   0   0   0   0   0   0   0   0
61           -0.0180533987     0   0   1   0   0   0   0   0   0   0   0


attr(,"class")
[1] "lpirfs_lin_obj"
