[1] "supply_chain"         "djn level estimation"
                   1             2             3             4             5             6
AIC(n) -2.683733e+01 -2.715307e+01 -2.716599e+01 -2.820543e+01 -2.944461e+01 -3.046986e+01
HQ(n)  -2.563766e+01 -2.560057e+01 -2.526064e+01 -2.594724e+01 -2.683359e+01 -2.750599e+01
SC(n)  -2.373508e+01 -2.313840e+01 -2.223889e+01 -2.236592e+01 -2.269268e+01 -2.280549e+01
FPE(n)  2.455144e-12  2.043044e-12  2.530758e-12  1.296253e-12  6.812799e-13  6.528601e-13
                   1             2             3             4             5             6
AIC(n) -2.683733e+01 -2.715307e+01 -2.716599e+01 -2.820543e+01 -2.944461e+01 -3.046986e+01
HQ(n)  -2.563766e+01 -2.560057e+01 -2.526064e+01 -2.594724e+01 -2.683359e+01 -2.750599e+01
SC(n)  -2.373508e+01 -2.313840e+01 -2.223889e+01 -2.236592e+01 -2.269268e+01 -2.280549e+01
FPE(n)  2.455144e-12  2.043044e-12  2.530758e-12  1.296253e-12  6.812799e-13  6.528601e-13
$irf_lin_mean
, , 1

            [,1]         [,2]          [,3]          [,4]          [,5]          [,6]         [,7]         [,8]
[1,] 0.008952432  0.002608258 -0.0006977581 -0.0001533676  0.0009247009 -0.0006825315 0.0002931896 -0.000693970
[2,] 0.020038454  0.076379140  0.0973637010  0.0749539288  0.0996291781  0.1117683101 0.0587572516  0.051477946
[3,] 0.037458944  0.057175292  0.0520110307  0.0135657662  0.0272549926  0.0171411112 0.0055577162  0.013255931
[4,] 0.006555336  0.004446560  0.0010997663 -0.0044739901 -0.0012077251  0.0033664475 0.0029343604  0.007982585
[5,] 0.012994991 -0.003043586 -0.0010411420 -0.0217329695 -0.0233832028  0.0078784601 0.0300158902  0.009883579
              [,9]        [,10]        [,11]        [,12]        [,13]
[1,] -0.0019679565 -0.001234566 -0.002190391 -0.002410863 -0.002861128
[2,]  0.0614573049 -0.022707736 -0.079501829 -0.063306534 -0.027324377
[3,]  0.0170168941 -0.046842779 -0.089910071 -0.068944744 -0.017073902
[4,]  0.0070135543 -0.007385908 -0.009128053 -0.003534065 -0.002560898
[5,] -0.0009264009  0.005203889 -0.016791495 -0.005432850 -0.001943280

, , 2

             [,1]          [,2]         [,3]          [,4]         [,5]          [,6]         [,7]         [,8]
[1,]  0.000000000 -6.611067e-04 -0.001132344 -0.0002172837 -0.000323128 -0.0021693452 -0.003182212 -0.002414102
[2,]  0.171409131  1.159515e-01  0.065282414  0.0499386547  0.050202948  0.0006486865 -0.056817071 -0.053596381
[3,]  0.055649212  2.578551e-02 -0.010720851 -0.0139650132 -0.007788008 -0.0430463634 -0.043062827 -0.052723581
[4,]  0.008897091  2.896606e-05 -0.002632353  0.0008350942 -0.003382870 -0.0051414512 -0.007545588 -0.005767422
[5,] -0.017981937  1.025204e-02 -0.001353724 -0.0071972863 -0.001346065 -0.0019309933 -0.011177275 -0.012777333
              [,9]        [,10]         [,11]         [,12]        [,13]
[1,] -0.0008018998 -0.001606253 -0.0001663602 -0.0007889003 -0.001751973
[2,] -0.1044780942 -0.088400999 -0.0633255949 -0.0589175461 -0.071635729
[3,] -0.0671663306 -0.051812571 -0.0139347156  0.0197689985 -0.011192389
[4,] -0.0088602120 -0.007185237 -0.0011453941 -0.0036489946 -0.008936525
[5,]  0.0004863447 -0.008092698  0.0102197223  0.0027619036 -0.024496231

, , 3

             [,1]        [,2]         [,3]          [,4]          [,5]         [,6]         [,7]         [,8]          [,9]
[1,]  0.000000000 0.003649376  0.002508252  0.0004894245  0.0001774185  0.003283597 0.0006235106 0.0007419191  0.0013098533
[2,]  0.000000000 0.032462455 -0.018647699  0.0217157874  0.0002172100  0.035236464 0.1370021306 0.0610872274  0.0688331955
[3,]  0.135284910 0.064194486  0.023276851 -0.0015313960 -0.0222215529  0.024261104 0.0615561851 0.0726882065  0.0252898848
[4,] -0.004067327 0.005262513  0.002387411  0.0063560674  0.0107461581  0.006055099 0.0135649694 0.0078338606  0.0076320696
[5,] -0.008530290 0.003335813 -0.005274412  0.0093790164  0.0237140803 -0.004915606 0.0178245526 0.0358596826 -0.0001530861
            [,10]        [,11]        [,12]        [,13]
[1,]  0.001191992 -0.002708211 -0.001516342 -0.001304783
[2,]  0.088536233  0.125668464  0.039658678 -0.009632994
[3,]  0.025269768 -0.025761620 -0.088103833 -0.068926698
[4,]  0.009241054  0.001178964 -0.007153027 -0.009060229
[5,] -0.014368024 -0.022635553 -0.004191432 -0.013404189

, , 4

           [,1]          [,2]          [,3]          [,4]          [,5]          [,6]          [,7]          [,8]
[1,] 0.00000000 -0.0004109344 -0.0010447825 -0.0009063794 -0.0006290672  8.293286e-06 -0.0005656897  0.0008596083
[2,] 0.00000000 -0.0230536501 -0.0004118083 -0.0189126931  0.0035976517  1.422822e-03 -0.0033427033 -0.0155285776
[3,] 0.00000000  0.0004440871 -0.0161425855 -0.0219205362 -0.0082506528  9.152302e-03  0.0339777482 -0.0010495281
[4,] 0.02612513  0.0084046418 -0.0022757347  0.0001945222 -0.0010659016  6.189318e-04  0.0018418497  0.0062275817
[5,] 0.05621451  0.0173716366 -0.0186428266  0.0140817329  0.0027097359 -1.251750e-02 -0.0081807711  0.0100834755
             [,9]        [,10]       [,11]        [,12]        [,13]
[1,]  0.001193545  0.002669963 0.004222327 0.0002278073 -0.003639727
[2,] -0.056035059 -0.009715862 0.033735489 0.0944273421  0.104788657
[3,] -0.029895711 -0.030342930 0.013035667 0.0518977119  0.077087851
[4,]  0.001198371  0.005838004 0.009621436 0.0025789387 -0.008517227
[5,]  0.004979623  0.003635539 0.027764328 0.0054440263 -0.037380067

, , 5

           [,1]         [,2]          [,3]          [,4]          [,5]          [,6]          [,7]         [,8]         [,9]
[1,] 0.00000000 -0.001199678  0.0009534727 -0.0005863936 -0.0032270114 -0.0010636989  0.0006944889  0.001936494 -0.001570819
[2,] 0.00000000 -0.053955124  0.0224494845  0.0087455643 -0.0656746707 -0.0839231605 -0.0065177180 -0.043071870 -0.013918142
[3,] 0.00000000 -0.009793374  0.0369511948  0.0005940683 -0.0682670938 -0.0264557236 -0.0020704555  0.003108695  0.012015038
[4,] 0.00000000  0.002891922  0.0017685815 -0.0028936184 -0.0025148747 -0.0005050452  0.0098486322  0.001903001 -0.001118055
[5,] 0.09597973 -0.017631109 -0.0248971550  0.0139501317 -0.0002790644  0.0083292479  0.0054660745  0.004285402  0.010450777
             [,10]         [,11]        [,12]         [,13]
[1,] -0.0005406883  4.791567e-05  0.001696629  0.0005154771
[2,] -0.0184630856  1.050588e-02  0.010288794  0.0110165408
[3,]  0.0017645146  1.194515e-02 -0.013468955  0.0254747192
[4,]  0.0052983909  1.800678e-03  0.002071509 -0.0038398724
[5,]  0.0015644067 -8.371373e-03  0.005952213 -0.0221736477


$irf_lin_low
, , 1

            [,1]         [,2]         [,3]         [,4]         [,5]         [,6]         [,7]         [,8]         [,9]
[1,] 0.008952432 -0.001495713 -0.004751656 -0.003335594 -0.002233329 -0.003568660 -0.003648737 -0.004904816 -0.005446419
[2,] 0.020038454  0.020884032  0.007562189 -0.045279426 -0.006115935  0.032926836 -0.037190098 -0.035003655 -0.015275811
[3,] 0.037458944 -0.001083303 -0.011526176 -0.079639525 -0.028030621 -0.044375785 -0.058387606 -0.046834093 -0.038050737
[4,] 0.006555336 -0.004376621 -0.011066881 -0.021253520 -0.015049993 -0.007647677 -0.011234983 -0.002810125 -0.002345075
[5,] 0.012994991 -0.040089741 -0.030197657 -0.067839329 -0.068084456 -0.021007038 -0.013365008 -0.022223610 -0.019078629
            [,10]        [,11]        [,12]        [,13]
[1,] -0.004439094 -0.004927608 -0.007339271 -0.008338591
[2,] -0.097458336 -0.153785883 -0.133999576 -0.131021201
[3,] -0.113747492 -0.128634457 -0.124750100 -0.082863971
[4,] -0.019851208 -0.016395038 -0.012884961 -0.013593323
[5,] -0.023327843 -0.058052250 -0.030611544 -0.037308649

, , 2

             [,1]         [,2]         [,3]         [,4]        [,5]         [,6]         [,7]         [,8]         [,9]
[1,]  0.000000000 -0.003942715 -0.004490015 -0.003250322 -0.00317002 -0.005295983 -0.006566935 -0.006418719 -0.003277391
[2,]  0.171409131  0.061938334 -0.022126071 -0.053850826 -0.03822038 -0.072250643 -0.117030978 -0.130762027 -0.187748850
[3,]  0.055649212 -0.034757178 -0.078783105 -0.090397925 -0.06995906 -0.100733418 -0.095405298 -0.118071727 -0.125969266
[4,]  0.008897091 -0.007119198 -0.013464565 -0.012207094 -0.01206784 -0.012514594 -0.016155849 -0.016100018 -0.017150985
[5,] -0.017981937 -0.017876953 -0.026080888 -0.029924941 -0.02327091 -0.031931164 -0.030053785 -0.066677666 -0.017063156
            [,10]        [,11]        [,12]       [,13]
[1,] -0.004646559 -0.002312233 -0.004299077 -0.00556518
[2,] -0.152357117 -0.108422510 -0.133440510 -0.14478223
[3,] -0.111486714 -0.061503115 -0.030123548 -0.06679359
[4,] -0.016806065 -0.012066601 -0.016933807 -0.02193894
[5,] -0.029447431 -0.029968562 -0.043314048 -0.05336055

, , 3

             [,1]          [,2]          [,3]          [,4]          [,5]         [,6]         [,7]          [,8]
[1,]  0.000000000  0.0008535914  5.127853e-05 -0.0008797533 -0.0005061889  0.001399245 -0.001576873 -0.0011681899
[2,]  0.000000000  0.0113656581 -7.197405e-02 -0.0323297209 -0.0431311663  0.012156243  0.100504238 -0.0023989912
[3,]  0.135284910  0.0335734893 -1.136396e-02 -0.0439771200 -0.0357030821  0.005129382  0.029645730  0.0316241808
[4,] -0.004067327  0.0018751255 -4.080919e-03 -0.0025878076  0.0054211967  0.001090284  0.005975951 -0.0008317699
[5,] -0.008530290 -0.0040401061 -2.249350e-02 -0.0055941071  0.0022519146 -0.016485214  0.006385501 -0.0046339548
              [,9]        [,10]        [,11]        [,12]        [,13]
[1,] -0.0001361427 -0.000482983 -0.003746009 -0.004237327 -0.004496559
[2,]  0.0170139677  0.055289434  0.102750684  0.012135242 -0.052940123
[3,] -0.0046178659 -0.011974883 -0.054254907 -0.114082135 -0.107062569
[4,]  0.0017695453  0.003443278 -0.003883168 -0.012442421 -0.010330983
[5,] -0.0124182656 -0.026741205 -0.038733846 -0.019078204 -0.018983641

, , 4

           [,1]         [,2]         [,3]         [,4]         [,5]         [,6]         [,7]         [,8]          [,9]
[1,] 0.00000000 -0.003093021 -0.003793609 -0.003550981 -0.004426885 -0.002646349 -0.003509996 -0.002810785 -0.0007054155
[2,] 0.00000000 -0.071816921 -0.073315952 -0.105705216 -0.062430854 -0.074888128 -0.094182569 -0.092066081 -0.1347630503
[3,] 0.00000000 -0.049774156 -0.066044694 -0.081242649 -0.061915397 -0.041305786 -0.015250718 -0.044408495 -0.0696117635
[4,] 0.02612513 -0.001582185 -0.013823281 -0.011320579 -0.007516772 -0.006954600 -0.007607954 -0.001639551 -0.0075042562
[5,] 0.05621451 -0.034511611 -0.048723875 -0.009514172 -0.016203196 -0.032580372 -0.035089456 -0.016857190 -0.0091779291
             [,10]        [,11]        [,12]         [,13]
[1,] -0.0004329288  0.002272493 -0.003111319 -0.0083341351
[2,] -0.0730773387 -0.024634456  0.025172370  0.0062446544
[3,] -0.0791581269 -0.023469583 -0.003015933  0.0006099417
[4,] -0.0052123789  0.001771886 -0.005229306 -0.0277662817
[5,] -0.0285858404 -0.022762434 -0.025958768 -0.0792901280

, , 5

           [,1]         [,2]          [,3]         [,4]         [,5]         [,6]          [,7]          [,8]          [,9]
[1,] 0.00000000 -0.002747884 -0.0007499702 -0.001810390 -0.004944308 -0.002928828 -0.0008031877  0.0008726183 -0.0028230909
[2,] 0.00000000 -0.082289211 -0.0184520935 -0.031289875 -0.094355985 -0.117911105 -0.0618461749 -0.0786430138 -0.0427010866
[3,] 0.00000000 -0.030898914  0.0112225284 -0.029888895 -0.089679018 -0.051185363 -0.0306774140 -0.0120962685 -0.0025331373
[4,] 0.00000000 -0.003551676 -0.0064248229 -0.009187163 -0.005857006 -0.005203949  0.0052002980 -0.0024322541 -0.0065665814
[5,] 0.09597973 -0.049040199 -0.0449974029  0.002933960 -0.009886567  0.001054867 -0.0101809017 -0.0048896833  0.0002327706
            [,10]        [,11]         [,12]        [,13]
[1,] -0.002271687 -0.001145079  0.0001269984 -0.001904728
[2,] -0.052212992 -0.013672688 -0.0099041413 -0.040004562
[3,] -0.013101843 -0.008752489 -0.0423638749 -0.007803542
[4,]  0.001917622 -0.000632515 -0.0018764186 -0.014077723
[5,] -0.011336793 -0.023802929 -0.0077362018 -0.056529186


$irf_lin_up
, , 1

            [,1]       [,2]       [,3]        [,4]        [,5]        [,6]        [,7]        [,8]        [,9]       [,10]
[1,] 0.008952432 0.00671223 0.00335614 0.003028859 0.004082731 0.002203597 0.004235116 0.003516876 0.001510507 0.001969961
[2,] 0.020038454 0.13187425 0.18716521 0.195187284 0.205374291 0.190609784 0.154704601 0.137959547 0.138190421 0.052042864
[3,] 0.037458944 0.11543389 0.11554824 0.106771057 0.082540606 0.078658008 0.069503038 0.073345956 0.072084525 0.020061935
[4,] 0.006555336 0.01326974 0.01326641 0.012305540 0.012634543 0.014380572 0.017103704 0.018775294 0.016372184 0.005079392
[5,] 0.012994991 0.03400257 0.02811537 0.024373390 0.021318050 0.036763958 0.073396788 0.041990767 0.017225828 0.033735622
             [,11]        [,12]       [,13]
[1,]  0.0005468273  0.002517545 0.002616336
[2,] -0.0052177752  0.007386508 0.076372448
[3,] -0.0511856848 -0.013139388 0.048716166
[4,] -0.0018610688  0.005816831 0.008471527
[5,]  0.0244692597  0.019745845 0.033422090

, , 2

             [,1]        [,2]        [,3]        [,4]        [,5]         [,6]        [,7]        [,8]          [,9]
[1,]  0.000000000 0.002620502 0.002225328 0.002815754 0.002523764 0.0009572924 0.000202512 0.001590515  0.0016735914
[2,]  0.171409131 0.169964586 0.152690898 0.153728136 0.138626277 0.0735480164 0.003396836 0.023569265 -0.0212073379
[3,]  0.055649212 0.086328188 0.057341403 0.062467898 0.054383044 0.0146406913 0.009279645 0.012624565 -0.0083633956
[4,]  0.008897091 0.007177130 0.008199860 0.013877282 0.005302098 0.0022316911 0.001064673 0.004565174 -0.0005694385
[5,] -0.017981937 0.038381031 0.023373440 0.015530368 0.020578782 0.0280691773 0.007699236 0.041123000  0.0180358450
            [,10]        [,11]       [,12]       [,13]
[1,]  0.001434053  0.001979512 0.002721276 0.002061234
[2,] -0.024444882 -0.018228680 0.015605418 0.001510777
[3,]  0.007861571  0.033633683 0.069661546 0.044408813
[4,]  0.002435591  0.009775813 0.009635818 0.004065888
[5,]  0.013262036  0.050408006 0.048837855 0.004368083

, , 3

             [,1]        [,2]        [,3]        [,4]          [,5]        [,6]        [,7]        [,8]        [,9]
[1,]  0.000000000 0.006445160 0.004965225 0.001858602  0.0008610258 0.005167949 0.002823895 0.002652028 0.002755849
[2,]  0.000000000 0.053559252 0.034678653 0.075761296  0.0435655863 0.058316684 0.173500023 0.124573446 0.120652423
[3,]  0.135284910 0.094815482 0.057917656 0.040914328 -0.0087400237 0.043392827 0.093466641 0.113752232 0.055197635
[4,] -0.004067327 0.008649901 0.008855741 0.015299942  0.0160711195 0.011019913 0.021153988 0.016499491 0.013494594
[5,] -0.008530290 0.010711733 0.011944677 0.024352140  0.0451762460 0.006654003 0.029263605 0.076353320 0.012112093
            [,10]        [,11]        [,12]        [,13]
[1,]  0.002866967 -0.001670413  0.001204643  0.001886992
[2,]  0.121783033  0.148586243  0.067182114  0.033674136
[3,]  0.062514419  0.002731667 -0.062125531 -0.030790827
[4,]  0.015038829  0.006241097 -0.001863632 -0.007789475
[5,] -0.001994842 -0.006537260  0.010695339 -0.007824736

, , 4

           [,1]        [,2]        [,3]        [,4]        [,5]        [,6]        [,7]        [,8]        [,9]       [,10]
[1,] 0.00000000 0.002271153 0.001704044 0.001738222 0.003168751 0.002662936 0.002378617 0.004530002 0.003092505 0.005772856
[2,] 0.00000000 0.025709621 0.072492336 0.067879830 0.069626157 0.077733772 0.087497163 0.061008926 0.022692932 0.053645615
[3,] 0.00000000 0.050662330 0.033759523 0.037401577 0.045414091 0.059610391 0.083206214 0.042309439 0.009820341 0.018472268
[4,] 0.02612513 0.018391469 0.009271812 0.011709623 0.005384969 0.008192464 0.011291654 0.014094714 0.009900999 0.016888388
[5,] 0.05621451 0.069254884 0.011438222 0.037677637 0.021622668 0.007545379 0.018727914 0.037024141 0.019137175 0.035856919
           [,11]       [,12]       [,13]
[1,] 0.006172161 0.003566934 0.001054681
[2,] 0.092105433 0.163682314 0.203332660
[3,] 0.049540916 0.106811356 0.153565760
[4,] 0.017470986 0.010387183 0.010731827
[5,] 0.078291091 0.036846820 0.004529994

, , 5

           [,1]          [,2]         [,3]        [,4]          [,5]          [,6]        [,7]         [,8]          [,9]
[1,] 0.00000000  0.0003485279  0.002656916 0.000637603 -0.0015097151  0.0008014304 0.002192165  0.003000369 -0.0003185466
[2,] 0.00000000 -0.0256210375  0.063351063 0.048781004 -0.0369933563 -0.0499352163 0.048810739 -0.007500725  0.0148648019
[3,] 0.00000000  0.0113121668  0.062679861 0.031077032 -0.0468551699 -0.0017260842 0.026536503  0.018313658  0.0265632125
[4,] 0.00000000  0.0093355192  0.009961986 0.003399926  0.0008272563  0.0041938588 0.014496966  0.006238257  0.0043304711
[5,] 0.09597973  0.0137779805 -0.004796907 0.024966303  0.0093284385  0.0156036289 0.021113051  0.013460487  0.0206687837
          [,10]       [,11]       [,12]       [,13]
[1,] 0.00119031 0.001240910 0.003266259 0.002935682
[2,] 0.01528682 0.034684454 0.030481728 0.062037644
[3,] 0.01663087 0.032642792 0.015425964 0.058752980
[4,] 0.00867916 0.004233871 0.006019438 0.006397979
[5,] 0.01446561 0.007060182 0.019640628 0.012181891


$diagnostic_list
$diagnostic_list$`Shock: supply_chain`
$diagnostic_list$`Shock: supply_chain`[[1]]
                               R-sqrd. Adj. R-sqrd.   F-stat      p-value
h1:supply_chain              0.3723411   0.13879365 1.594285 1.120514e-01
h1:inflation_expectations_1y 0.6524364   0.52311039 5.044898 1.106231e-05
h1:inflation_expectations_3y 0.4492854   0.24436829 2.192523 2.080877e-02
h1:inflation                 0.3720723   0.13842479 1.592451 1.126094e-01
h1:economic_activity         0.2806173   0.01294004 1.048342 4.298117e-01

$diagnostic_list$`Shock: supply_chain`[[2]]
                               R-sqrd. Adj. R-sqrd.    F-stat    p-value
h2:supply_chain              0.1939129  -0.11316784 0.6314721 0.83987244
h2:inflation_expectations_1y 0.4470883   0.23645533 2.1225939 0.02601303
h2:inflation_expectations_3y 0.2588629  -0.02347500 0.9168550 0.55691730
h2:inflation                 0.1523449  -0.17057136 0.4717783 0.94744775
h2:economic_activity         0.2876451   0.01627178 1.0599609 0.42001513

$diagnostic_list$`Shock: supply_chain`[[3]]
                                R-sqrd. Adj. R-sqrd.    F-stat   p-value
h3:supply_chain              0.16603501  -0.15941475 0.5101709 0.9269057
h3:inflation_expectations_1y 0.33756598   0.07905514 1.3058098 0.2397991
h3:inflation_expectations_3y 0.06998415  -0.29294887 0.1928294 0.9995626
h3:inflation                 0.14175942  -0.19316374 0.4232595 0.9672464
h3:economic_activity         0.31961638   0.05410082 1.2037576 0.3058546

$diagnostic_list$`Shock: supply_chain`[[4]]
                               R-sqrd. Adj. R-sqrd.    F-stat   p-value
h4:supply_chain              0.2820473 -0.005133793 0.9821235 0.4930340
h4:inflation_expectations_1y 0.3863990  0.140958536 1.5743086 0.1218022
h4:inflation_expectations_3y 0.2465591 -0.054817302 0.8181102 0.6584089
h4:inflation                 0.2043592 -0.113897132 0.6421214 0.8298120
h4:economic_activity         0.3413295  0.077861260 1.2955243 0.2470628

$diagnostic_list$`Shock: supply_chain`[[5]]
                               R-sqrd. Adj. R-sqrd.    F-stat    p-value
h5:supply_chain              0.3466140   0.07855820 1.2930666 0.24975666
h5:inflation_expectations_1y 0.4433193   0.21493744 1.9411319 0.04601234
h5:inflation_expectations_3y 0.2691914  -0.03062756 0.8978465 0.57664272
h5:inflation                 0.1810534  -0.15492463 0.5388847 0.90844399
h5:economic_activity         0.2749727  -0.02247447 0.9244421 0.54988992

$diagnostic_list$`Shock: supply_chain`[[6]]
                               R-sqrd.  Adj. R-sqrd.    F-stat   p-value
h6:supply_chain              0.3728979  0.1088548536 1.4122618 0.1878124
h6:inflation_expectations_1y 0.4059549  0.1558306903 1.6230131 0.1096292
h6:inflation_expectations_3y 0.3282178  0.0453621818 1.1603722 0.3407673
h6:inflation                 0.2957524 -0.0007728443 0.9973937 0.4794858
h6:economic_activity         0.3001639  0.0054960212 1.0186516 0.4597612

$diagnostic_list$`Shock: supply_chain`[[7]]
                               R-sqrd. Adj. R-sqrd.    F-stat   p-value
h7:supply_chain              0.2914405  -0.01496355 0.9511640 0.5241273
h7:inflation_expectations_1y 0.3846482   0.11855007 1.4455126 0.1742896
h7:inflation_expectations_3y 0.4447427   0.20463143 1.8522359 0.0607956
h7:inflation                 0.2445191  -0.08217539 0.7484641 0.7283929
h7:economic_activity         0.1678204  -0.19204110 0.4663471 0.9482907

$diagnostic_list$`Shock: supply_chain`[[8]]
                               R-sqrd. Adj. R-sqrd.    F-stat     p-value
h8:supply_chain              0.3809287  0.105785946 1.3844765 0.204091114
h8:inflation_expectations_1y 0.5430162  0.339912336 2.6735884 0.007111776
h8:inflation_expectations_3y 0.3099167  0.003212966 1.0104758 0.468478712
h8:inflation                 0.2626664 -0.065037485 0.8015358 0.674683035
h8:economic_activity         0.2544718 -0.076874092 0.7679944 0.708549275

$diagnostic_list$`Shock: supply_chain`[[9]]
                               R-sqrd. Adj. R-sqrd.    F-stat    p-value
h9:supply_chain              0.3659675   0.07612414 1.2626388 0.27378420
h9:inflation_expectations_1y 0.4661969   0.22217268 1.9104532 0.05434395
h9:inflation_expectations_3y 0.4004880   0.12642534 1.4613009 0.17066448
h9:inflation                 0.2956015  -0.02640917 0.9179867 0.55725905
h9:economic_activity         0.2729850  -0.05936466 0.8213789 0.65436978

$diagnostic_list$`Shock: supply_chain`[[10]]
                                R-sqrd. Adj. R-sqrd.   F-stat      p-value
h10:supply_chain              0.4207683   0.14818874 1.543653 0.1408234667
h10:inflation_expectations_1y 0.6245434   0.44785792 3.534775 0.0009655857
h10:inflation_expectations_3y 0.4623795   0.20938162 1.827602 0.0687609334
h10:inflation                 0.3020150  -0.02644853 0.919478 0.5560536786
h10:economic_activity         0.3386745   0.02746244 1.088244 0.4021125263

$diagnostic_list$`Shock: supply_chain`[[11]]
                                R-sqrd. Adj. R-sqrd.    F-stat    p-value
h11:supply_chain              0.2502524  -0.11326163 0.6884257 0.78439989
h11:inflation_expectations_1y 0.5482605   0.32923524 2.5031841 0.01264932
h11:inflation_expectations_3y 0.4643879   0.20469714 1.7882343 0.07753867
h11:inflation                 0.2032098  -0.18311273 0.5260107 0.91356534
h11:economic_activity         0.2657527  -0.09024602 0.7464990 0.72877408

$diagnostic_list$`Shock: supply_chain`[[12]]
                                R-sqrd. Adj. R-sqrd.    F-stat     p-value
h12:supply_chain              0.2841075  -0.07383880 0.7937154 0.681591958
h12:inflation_expectations_1y 0.6056448   0.40846718 3.0715699 0.003353757
h12:inflation_expectations_3y 0.3418930   0.01283954 1.0390196 0.445897225
h12:inflation                 0.3097306  -0.03540411 0.8974194 0.578196905
h12:economic_activity         0.4083627   0.11254406 1.3804495 0.212801325


$diagnostic_list$`Shock: inflation_expectations_1y`
$diagnostic_list$`Shock: inflation_expectations_1y`[[1]]
                               R-sqrd. Adj. R-sqrd.   F-stat      p-value
h1:supply_chain              0.3723411   0.13879365 1.594285 1.120514e-01
h1:inflation_expectations_1y 0.6524364   0.52311039 5.044898 1.106231e-05
h1:inflation_expectations_3y 0.4492854   0.24436829 2.192523 2.080877e-02
h1:inflation                 0.3720723   0.13842479 1.592451 1.126094e-01
h1:economic_activity         0.2806173   0.01294004 1.048342 4.298117e-01

$diagnostic_list$`Shock: inflation_expectations_1y`[[2]]
                               R-sqrd. Adj. R-sqrd.    F-stat    p-value
h2:supply_chain              0.1939129  -0.11316784 0.6314721 0.83987244
h2:inflation_expectations_1y 0.4470883   0.23645533 2.1225939 0.02601303
h2:inflation_expectations_3y 0.2588629  -0.02347500 0.9168550 0.55691730
h2:inflation                 0.1523449  -0.17057136 0.4717783 0.94744775
h2:economic_activity         0.2876451   0.01627178 1.0599609 0.42001513

$diagnostic_list$`Shock: inflation_expectations_1y`[[3]]
                                R-sqrd. Adj. R-sqrd.    F-stat   p-value
h3:supply_chain              0.16603501  -0.15941475 0.5101709 0.9269057
h3:inflation_expectations_1y 0.33756598   0.07905514 1.3058098 0.2397991
h3:inflation_expectations_3y 0.06998415  -0.29294887 0.1928294 0.9995626
h3:inflation                 0.14175942  -0.19316374 0.4232595 0.9672464
h3:economic_activity         0.31961638   0.05410082 1.2037576 0.3058546

$diagnostic_list$`Shock: inflation_expectations_1y`[[4]]
                               R-sqrd. Adj. R-sqrd.    F-stat   p-value
h4:supply_chain              0.2820473 -0.005133793 0.9821235 0.4930340
h4:inflation_expectations_1y 0.3863990  0.140958536 1.5743086 0.1218022
h4:inflation_expectations_3y 0.2465591 -0.054817302 0.8181102 0.6584089
h4:inflation                 0.2043592 -0.113897132 0.6421214 0.8298120
h4:economic_activity         0.3413295  0.077861260 1.2955243 0.2470628

$diagnostic_list$`Shock: inflation_expectations_1y`[[5]]
                               R-sqrd. Adj. R-sqrd.    F-stat    p-value
h5:supply_chain              0.3466140   0.07855820 1.2930666 0.24975666
h5:inflation_expectations_1y 0.4433193   0.21493744 1.9411319 0.04601234
h5:inflation_expectations_3y 0.2691914  -0.03062756 0.8978465 0.57664272
h5:inflation                 0.1810534  -0.15492463 0.5388847 0.90844399
h5:economic_activity         0.2749727  -0.02247447 0.9244421 0.54988992

$diagnostic_list$`Shock: inflation_expectations_1y`[[6]]
                               R-sqrd.  Adj. R-sqrd.    F-stat   p-value
h6:supply_chain              0.3728979  0.1088548536 1.4122618 0.1878124
h6:inflation_expectations_1y 0.4059549  0.1558306903 1.6230131 0.1096292
h6:inflation_expectations_3y 0.3282178  0.0453621818 1.1603722 0.3407673
h6:inflation                 0.2957524 -0.0007728443 0.9973937 0.4794858
h6:economic_activity         0.3001639  0.0054960212 1.0186516 0.4597612

$diagnostic_list$`Shock: inflation_expectations_1y`[[7]]
                               R-sqrd. Adj. R-sqrd.    F-stat   p-value
h7:supply_chain              0.2914405  -0.01496355 0.9511640 0.5241273
h7:inflation_expectations_1y 0.3846482   0.11855007 1.4455126 0.1742896
h7:inflation_expectations_3y 0.4447427   0.20463143 1.8522359 0.0607956
h7:inflation                 0.2445191  -0.08217539 0.7484641 0.7283929
h7:economic_activity         0.1678204  -0.19204110 0.4663471 0.9482907

$diagnostic_list$`Shock: inflation_expectations_1y`[[8]]
                               R-sqrd. Adj. R-sqrd.    F-stat     p-value
h8:supply_chain              0.3809287  0.105785946 1.3844765 0.204091114
h8:inflation_expectations_1y 0.5430162  0.339912336 2.6735884 0.007111776
h8:inflation_expectations_3y 0.3099167  0.003212966 1.0104758 0.468478712
h8:inflation                 0.2626664 -0.065037485 0.8015358 0.674683035
h8:economic_activity         0.2544718 -0.076874092 0.7679944 0.708549275

$diagnostic_list$`Shock: inflation_expectations_1y`[[9]]
                               R-sqrd. Adj. R-sqrd.    F-stat    p-value
h9:supply_chain              0.3659675   0.07612414 1.2626388 0.27378420
h9:inflation_expectations_1y 0.4661969   0.22217268 1.9104532 0.05434395
h9:inflation_expectations_3y 0.4004880   0.12642534 1.4613009 0.17066448
h9:inflation                 0.2956015  -0.02640917 0.9179867 0.55725905
h9:economic_activity         0.2729850  -0.05936466 0.8213789 0.65436978

$diagnostic_list$`Shock: inflation_expectations_1y`[[10]]
                                R-sqrd. Adj. R-sqrd.   F-stat      p-value
h10:supply_chain              0.4207683   0.14818874 1.543653 0.1408234667
h10:inflation_expectations_1y 0.6245434   0.44785792 3.534775 0.0009655857
h10:inflation_expectations_3y 0.4623795   0.20938162 1.827602 0.0687609334
h10:inflation                 0.3020150  -0.02644853 0.919478 0.5560536786
h10:economic_activity         0.3386745   0.02746244 1.088244 0.4021125263

$diagnostic_list$`Shock: inflation_expectations_1y`[[11]]
                                R-sqrd. Adj. R-sqrd.    F-stat    p-value
h11:supply_chain              0.2502524  -0.11326163 0.6884257 0.78439989
h11:inflation_expectations_1y 0.5482605   0.32923524 2.5031841 0.01264932
h11:inflation_expectations_3y 0.4643879   0.20469714 1.7882343 0.07753867
h11:inflation                 0.2032098  -0.18311273 0.5260107 0.91356534
h11:economic_activity         0.2657527  -0.09024602 0.7464990 0.72877408

$diagnostic_list$`Shock: inflation_expectations_1y`[[12]]
                                R-sqrd. Adj. R-sqrd.    F-stat     p-value
h12:supply_chain              0.2841075  -0.07383880 0.7937154 0.681591958
h12:inflation_expectations_1y 0.6056448   0.40846718 3.0715699 0.003353757
h12:inflation_expectations_3y 0.3418930   0.01283954 1.0390196 0.445897225
h12:inflation                 0.3097306  -0.03540411 0.8974194 0.578196905
h12:economic_activity         0.4083627   0.11254406 1.3804495 0.212801325


$diagnostic_list$`Shock: inflation_expectations_3y`
$diagnostic_list$`Shock: inflation_expectations_3y`[[1]]
                               R-sqrd. Adj. R-sqrd.   F-stat      p-value
h1:supply_chain              0.3723411   0.13879365 1.594285 1.120514e-01
h1:inflation_expectations_1y 0.6524364   0.52311039 5.044898 1.106231e-05
h1:inflation_expectations_3y 0.4492854   0.24436829 2.192523 2.080877e-02
h1:inflation                 0.3720723   0.13842479 1.592451 1.126094e-01
h1:economic_activity         0.2806173   0.01294004 1.048342 4.298117e-01

$diagnostic_list$`Shock: inflation_expectations_3y`[[2]]
                               R-sqrd. Adj. R-sqrd.    F-stat    p-value
h2:supply_chain              0.1939129  -0.11316784 0.6314721 0.83987244
h2:inflation_expectations_1y 0.4470883   0.23645533 2.1225939 0.02601303
h2:inflation_expectations_3y 0.2588629  -0.02347500 0.9168550 0.55691730
h2:inflation                 0.1523449  -0.17057136 0.4717783 0.94744775
h2:economic_activity         0.2876451   0.01627178 1.0599609 0.42001513

$diagnostic_list$`Shock: inflation_expectations_3y`[[3]]
                                R-sqrd. Adj. R-sqrd.    F-stat   p-value
h3:supply_chain              0.16603501  -0.15941475 0.5101709 0.9269057
h3:inflation_expectations_1y 0.33756598   0.07905514 1.3058098 0.2397991
h3:inflation_expectations_3y 0.06998415  -0.29294887 0.1928294 0.9995626
h3:inflation                 0.14175942  -0.19316374 0.4232595 0.9672464
h3:economic_activity         0.31961638   0.05410082 1.2037576 0.3058546

$diagnostic_list$`Shock: inflation_expectations_3y`[[4]]
                               R-sqrd. Adj. R-sqrd.    F-stat   p-value
h4:supply_chain              0.2820473 -0.005133793 0.9821235 0.4930340
h4:inflation_expectations_1y 0.3863990  0.140958536 1.5743086 0.1218022
h4:inflation_expectations_3y 0.2465591 -0.054817302 0.8181102 0.6584089
h4:inflation                 0.2043592 -0.113897132 0.6421214 0.8298120
h4:economic_activity         0.3413295  0.077861260 1.2955243 0.2470628

$diagnostic_list$`Shock: inflation_expectations_3y`[[5]]
                               R-sqrd. Adj. R-sqrd.    F-stat    p-value
h5:supply_chain              0.3466140   0.07855820 1.2930666 0.24975666
h5:inflation_expectations_1y 0.4433193   0.21493744 1.9411319 0.04601234
h5:inflation_expectations_3y 0.2691914  -0.03062756 0.8978465 0.57664272
h5:inflation                 0.1810534  -0.15492463 0.5388847 0.90844399
h5:economic_activity         0.2749727  -0.02247447 0.9244421 0.54988992

$diagnostic_list$`Shock: inflation_expectations_3y`[[6]]
                               R-sqrd.  Adj. R-sqrd.    F-stat   p-value
h6:supply_chain              0.3728979  0.1088548536 1.4122618 0.1878124
h6:inflation_expectations_1y 0.4059549  0.1558306903 1.6230131 0.1096292
h6:inflation_expectations_3y 0.3282178  0.0453621818 1.1603722 0.3407673
h6:inflation                 0.2957524 -0.0007728443 0.9973937 0.4794858
h6:economic_activity         0.3001639  0.0054960212 1.0186516 0.4597612

$diagnostic_list$`Shock: inflation_expectations_3y`[[7]]
                               R-sqrd. Adj. R-sqrd.    F-stat   p-value
h7:supply_chain              0.2914405  -0.01496355 0.9511640 0.5241273
h7:inflation_expectations_1y 0.3846482   0.11855007 1.4455126 0.1742896
h7:inflation_expectations_3y 0.4447427   0.20463143 1.8522359 0.0607956
h7:inflation                 0.2445191  -0.08217539 0.7484641 0.7283929
h7:economic_activity         0.1678204  -0.19204110 0.4663471 0.9482907

$diagnostic_list$`Shock: inflation_expectations_3y`[[8]]
                               R-sqrd. Adj. R-sqrd.    F-stat     p-value
h8:supply_chain              0.3809287  0.105785946 1.3844765 0.204091114
h8:inflation_expectations_1y 0.5430162  0.339912336 2.6735884 0.007111776
h8:inflation_expectations_3y 0.3099167  0.003212966 1.0104758 0.468478712
h8:inflation                 0.2626664 -0.065037485 0.8015358 0.674683035
h8:economic_activity         0.2544718 -0.076874092 0.7679944 0.708549275

$diagnostic_list$`Shock: inflation_expectations_3y`[[9]]
                               R-sqrd. Adj. R-sqrd.    F-stat    p-value
h9:supply_chain              0.3659675   0.07612414 1.2626388 0.27378420
h9:inflation_expectations_1y 0.4661969   0.22217268 1.9104532 0.05434395
h9:inflation_expectations_3y 0.4004880   0.12642534 1.4613009 0.17066448
h9:inflation                 0.2956015  -0.02640917 0.9179867 0.55725905
h9:economic_activity         0.2729850  -0.05936466 0.8213789 0.65436978

$diagnostic_list$`Shock: inflation_expectations_3y`[[10]]
                                R-sqrd. Adj. R-sqrd.   F-stat      p-value
h10:supply_chain              0.4207683   0.14818874 1.543653 0.1408234667
h10:inflation_expectations_1y 0.6245434   0.44785792 3.534775 0.0009655857
h10:inflation_expectations_3y 0.4623795   0.20938162 1.827602 0.0687609334
h10:inflation                 0.3020150  -0.02644853 0.919478 0.5560536786
h10:economic_activity         0.3386745   0.02746244 1.088244 0.4021125263

$diagnostic_list$`Shock: inflation_expectations_3y`[[11]]
                                R-sqrd. Adj. R-sqrd.    F-stat    p-value
h11:supply_chain              0.2502524  -0.11326163 0.6884257 0.78439989
h11:inflation_expectations_1y 0.5482605   0.32923524 2.5031841 0.01264932
h11:inflation_expectations_3y 0.4643879   0.20469714 1.7882343 0.07753867
h11:inflation                 0.2032098  -0.18311273 0.5260107 0.91356534
h11:economic_activity         0.2657527  -0.09024602 0.7464990 0.72877408

$diagnostic_list$`Shock: inflation_expectations_3y`[[12]]
                                R-sqrd. Adj. R-sqrd.    F-stat     p-value
h12:supply_chain              0.2841075  -0.07383880 0.7937154 0.681591958
h12:inflation_expectations_1y 0.6056448   0.40846718 3.0715699 0.003353757
h12:inflation_expectations_3y 0.3418930   0.01283954 1.0390196 0.445897225
h12:inflation                 0.3097306  -0.03540411 0.8974194 0.578196905
h12:economic_activity         0.4083627   0.11254406 1.3804495 0.212801325


$diagnostic_list$`Shock: inflation`
$diagnostic_list$`Shock: inflation`[[1]]
                               R-sqrd. Adj. R-sqrd.   F-stat      p-value
h1:supply_chain              0.3723411   0.13879365 1.594285 1.120514e-01
h1:inflation_expectations_1y 0.6524364   0.52311039 5.044898 1.106231e-05
h1:inflation_expectations_3y 0.4492854   0.24436829 2.192523 2.080877e-02
h1:inflation                 0.3720723   0.13842479 1.592451 1.126094e-01
h1:economic_activity         0.2806173   0.01294004 1.048342 4.298117e-01

$diagnostic_list$`Shock: inflation`[[2]]
                               R-sqrd. Adj. R-sqrd.    F-stat    p-value
h2:supply_chain              0.1939129  -0.11316784 0.6314721 0.83987244
h2:inflation_expectations_1y 0.4470883   0.23645533 2.1225939 0.02601303
h2:inflation_expectations_3y 0.2588629  -0.02347500 0.9168550 0.55691730
h2:inflation                 0.1523449  -0.17057136 0.4717783 0.94744775
h2:economic_activity         0.2876451   0.01627178 1.0599609 0.42001513

$diagnostic_list$`Shock: inflation`[[3]]
                                R-sqrd. Adj. R-sqrd.    F-stat   p-value
h3:supply_chain              0.16603501  -0.15941475 0.5101709 0.9269057
h3:inflation_expectations_1y 0.33756598   0.07905514 1.3058098 0.2397991
h3:inflation_expectations_3y 0.06998415  -0.29294887 0.1928294 0.9995626
h3:inflation                 0.14175942  -0.19316374 0.4232595 0.9672464
h3:economic_activity         0.31961638   0.05410082 1.2037576 0.3058546

$diagnostic_list$`Shock: inflation`[[4]]
                               R-sqrd. Adj. R-sqrd.    F-stat   p-value
h4:supply_chain              0.2820473 -0.005133793 0.9821235 0.4930340
h4:inflation_expectations_1y 0.3863990  0.140958536 1.5743086 0.1218022
h4:inflation_expectations_3y 0.2465591 -0.054817302 0.8181102 0.6584089
h4:inflation                 0.2043592 -0.113897132 0.6421214 0.8298120
h4:economic_activity         0.3413295  0.077861260 1.2955243 0.2470628

$diagnostic_list$`Shock: inflation`[[5]]
                               R-sqrd. Adj. R-sqrd.    F-stat    p-value
h5:supply_chain              0.3466140   0.07855820 1.2930666 0.24975666
h5:inflation_expectations_1y 0.4433193   0.21493744 1.9411319 0.04601234
h5:inflation_expectations_3y 0.2691914  -0.03062756 0.8978465 0.57664272
h5:inflation                 0.1810534  -0.15492463 0.5388847 0.90844399
h5:economic_activity         0.2749727  -0.02247447 0.9244421 0.54988992

$diagnostic_list$`Shock: inflation`[[6]]
                               R-sqrd.  Adj. R-sqrd.    F-stat   p-value
h6:supply_chain              0.3728979  0.1088548536 1.4122618 0.1878124
h6:inflation_expectations_1y 0.4059549  0.1558306903 1.6230131 0.1096292
h6:inflation_expectations_3y 0.3282178  0.0453621818 1.1603722 0.3407673
h6:inflation                 0.2957524 -0.0007728443 0.9973937 0.4794858
h6:economic_activity         0.3001639  0.0054960212 1.0186516 0.4597612

$diagnostic_list$`Shock: inflation`[[7]]
                               R-sqrd. Adj. R-sqrd.    F-stat   p-value
h7:supply_chain              0.2914405  -0.01496355 0.9511640 0.5241273
h7:inflation_expectations_1y 0.3846482   0.11855007 1.4455126 0.1742896
h7:inflation_expectations_3y 0.4447427   0.20463143 1.8522359 0.0607956
h7:inflation                 0.2445191  -0.08217539 0.7484641 0.7283929
h7:economic_activity         0.1678204  -0.19204110 0.4663471 0.9482907

$diagnostic_list$`Shock: inflation`[[8]]
                               R-sqrd. Adj. R-sqrd.    F-stat     p-value
h8:supply_chain              0.3809287  0.105785946 1.3844765 0.204091114
h8:inflation_expectations_1y 0.5430162  0.339912336 2.6735884 0.007111776
h8:inflation_expectations_3y 0.3099167  0.003212966 1.0104758 0.468478712
h8:inflation                 0.2626664 -0.065037485 0.8015358 0.674683035
h8:economic_activity         0.2544718 -0.076874092 0.7679944 0.708549275

$diagnostic_list$`Shock: inflation`[[9]]
                               R-sqrd. Adj. R-sqrd.    F-stat    p-value
h9:supply_chain              0.3659675   0.07612414 1.2626388 0.27378420
h9:inflation_expectations_1y 0.4661969   0.22217268 1.9104532 0.05434395
h9:inflation_expectations_3y 0.4004880   0.12642534 1.4613009 0.17066448
h9:inflation                 0.2956015  -0.02640917 0.9179867 0.55725905
h9:economic_activity         0.2729850  -0.05936466 0.8213789 0.65436978

$diagnostic_list$`Shock: inflation`[[10]]
                                R-sqrd. Adj. R-sqrd.   F-stat      p-value
h10:supply_chain              0.4207683   0.14818874 1.543653 0.1408234667
h10:inflation_expectations_1y 0.6245434   0.44785792 3.534775 0.0009655857
h10:inflation_expectations_3y 0.4623795   0.20938162 1.827602 0.0687609334
h10:inflation                 0.3020150  -0.02644853 0.919478 0.5560536786
h10:economic_activity         0.3386745   0.02746244 1.088244 0.4021125263

$diagnostic_list$`Shock: inflation`[[11]]
                                R-sqrd. Adj. R-sqrd.    F-stat    p-value
h11:supply_chain              0.2502524  -0.11326163 0.6884257 0.78439989
h11:inflation_expectations_1y 0.5482605   0.32923524 2.5031841 0.01264932
h11:inflation_expectations_3y 0.4643879   0.20469714 1.7882343 0.07753867
h11:inflation                 0.2032098  -0.18311273 0.5260107 0.91356534
h11:economic_activity         0.2657527  -0.09024602 0.7464990 0.72877408

$diagnostic_list$`Shock: inflation`[[12]]
                                R-sqrd. Adj. R-sqrd.    F-stat     p-value
h12:supply_chain              0.2841075  -0.07383880 0.7937154 0.681591958
h12:inflation_expectations_1y 0.6056448   0.40846718 3.0715699 0.003353757
h12:inflation_expectations_3y 0.3418930   0.01283954 1.0390196 0.445897225
h12:inflation                 0.3097306  -0.03540411 0.8974194 0.578196905
h12:economic_activity         0.4083627   0.11254406 1.3804495 0.212801325


$diagnostic_list$`Shock: economic_activity`
$diagnostic_list$`Shock: economic_activity`[[1]]
                               R-sqrd. Adj. R-sqrd.   F-stat      p-value
h1:supply_chain              0.3723411   0.13879365 1.594285 1.120514e-01
h1:inflation_expectations_1y 0.6524364   0.52311039 5.044898 1.106231e-05
h1:inflation_expectations_3y 0.4492854   0.24436829 2.192523 2.080877e-02
h1:inflation                 0.3720723   0.13842479 1.592451 1.126094e-01
h1:economic_activity         0.2806173   0.01294004 1.048342 4.298117e-01

$diagnostic_list$`Shock: economic_activity`[[2]]
                               R-sqrd. Adj. R-sqrd.    F-stat    p-value
h2:supply_chain              0.1939129  -0.11316784 0.6314721 0.83987244
h2:inflation_expectations_1y 0.4470883   0.23645533 2.1225939 0.02601303
h2:inflation_expectations_3y 0.2588629  -0.02347500 0.9168550 0.55691730
h2:inflation                 0.1523449  -0.17057136 0.4717783 0.94744775
h2:economic_activity         0.2876451   0.01627178 1.0599609 0.42001513

$diagnostic_list$`Shock: economic_activity`[[3]]
                                R-sqrd. Adj. R-sqrd.    F-stat   p-value
h3:supply_chain              0.16603501  -0.15941475 0.5101709 0.9269057
h3:inflation_expectations_1y 0.33756598   0.07905514 1.3058098 0.2397991
h3:inflation_expectations_3y 0.06998415  -0.29294887 0.1928294 0.9995626
h3:inflation                 0.14175942  -0.19316374 0.4232595 0.9672464
h3:economic_activity         0.31961638   0.05410082 1.2037576 0.3058546

$diagnostic_list$`Shock: economic_activity`[[4]]
                               R-sqrd. Adj. R-sqrd.    F-stat   p-value
h4:supply_chain              0.2820473 -0.005133793 0.9821235 0.4930340
h4:inflation_expectations_1y 0.3863990  0.140958536 1.5743086 0.1218022
h4:inflation_expectations_3y 0.2465591 -0.054817302 0.8181102 0.6584089
h4:inflation                 0.2043592 -0.113897132 0.6421214 0.8298120
h4:economic_activity         0.3413295  0.077861260 1.2955243 0.2470628

$diagnostic_list$`Shock: economic_activity`[[5]]
                               R-sqrd. Adj. R-sqrd.    F-stat    p-value
h5:supply_chain              0.3466140   0.07855820 1.2930666 0.24975666
h5:inflation_expectations_1y 0.4433193   0.21493744 1.9411319 0.04601234
h5:inflation_expectations_3y 0.2691914  -0.03062756 0.8978465 0.57664272
h5:inflation                 0.1810534  -0.15492463 0.5388847 0.90844399
h5:economic_activity         0.2749727  -0.02247447 0.9244421 0.54988992

$diagnostic_list$`Shock: economic_activity`[[6]]
                               R-sqrd.  Adj. R-sqrd.    F-stat   p-value
h6:supply_chain              0.3728979  0.1088548536 1.4122618 0.1878124
h6:inflation_expectations_1y 0.4059549  0.1558306903 1.6230131 0.1096292
h6:inflation_expectations_3y 0.3282178  0.0453621818 1.1603722 0.3407673
h6:inflation                 0.2957524 -0.0007728443 0.9973937 0.4794858
h6:economic_activity         0.3001639  0.0054960212 1.0186516 0.4597612

$diagnostic_list$`Shock: economic_activity`[[7]]
                               R-sqrd. Adj. R-sqrd.    F-stat   p-value
h7:supply_chain              0.2914405  -0.01496355 0.9511640 0.5241273
h7:inflation_expectations_1y 0.3846482   0.11855007 1.4455126 0.1742896
h7:inflation_expectations_3y 0.4447427   0.20463143 1.8522359 0.0607956
h7:inflation                 0.2445191  -0.08217539 0.7484641 0.7283929
h7:economic_activity         0.1678204  -0.19204110 0.4663471 0.9482907

$diagnostic_list$`Shock: economic_activity`[[8]]
                               R-sqrd. Adj. R-sqrd.    F-stat     p-value
h8:supply_chain              0.3809287  0.105785946 1.3844765 0.204091114
h8:inflation_expectations_1y 0.5430162  0.339912336 2.6735884 0.007111776
h8:inflation_expectations_3y 0.3099167  0.003212966 1.0104758 0.468478712
h8:inflation                 0.2626664 -0.065037485 0.8015358 0.674683035
h8:economic_activity         0.2544718 -0.076874092 0.7679944 0.708549275

$diagnostic_list$`Shock: economic_activity`[[9]]
                               R-sqrd. Adj. R-sqrd.    F-stat    p-value
h9:supply_chain              0.3659675   0.07612414 1.2626388 0.27378420
h9:inflation_expectations_1y 0.4661969   0.22217268 1.9104532 0.05434395
h9:inflation_expectations_3y 0.4004880   0.12642534 1.4613009 0.17066448
h9:inflation                 0.2956015  -0.02640917 0.9179867 0.55725905
h9:economic_activity         0.2729850  -0.05936466 0.8213789 0.65436978

$diagnostic_list$`Shock: economic_activity`[[10]]
                                R-sqrd. Adj. R-sqrd.   F-stat      p-value
h10:supply_chain              0.4207683   0.14818874 1.543653 0.1408234667
h10:inflation_expectations_1y 0.6245434   0.44785792 3.534775 0.0009655857
h10:inflation_expectations_3y 0.4623795   0.20938162 1.827602 0.0687609334
h10:inflation                 0.3020150  -0.02644853 0.919478 0.5560536786
h10:economic_activity         0.3386745   0.02746244 1.088244 0.4021125263

$diagnostic_list$`Shock: economic_activity`[[11]]
                                R-sqrd. Adj. R-sqrd.    F-stat    p-value
h11:supply_chain              0.2502524  -0.11326163 0.6884257 0.78439989
h11:inflation_expectations_1y 0.5482605   0.32923524 2.5031841 0.01264932
h11:inflation_expectations_3y 0.4643879   0.20469714 1.7882343 0.07753867
h11:inflation                 0.2032098  -0.18311273 0.5260107 0.91356534
h11:economic_activity         0.2657527  -0.09024602 0.7464990 0.72877408

$diagnostic_list$`Shock: economic_activity`[[12]]
                                R-sqrd. Adj. R-sqrd.    F-stat     p-value
h12:supply_chain              0.2841075  -0.07383880 0.7937154 0.681591958
h12:inflation_expectations_1y 0.6056448   0.40846718 3.0715699 0.003353757
h12:inflation_expectations_3y 0.3418930   0.01283954 1.0390196 0.445897225
h12:inflation                 0.3097306  -0.03540411 0.8974194 0.578196905
h12:economic_activity         0.4083627   0.11254406 1.3804495 0.212801325



$specs
$specs$lags_endog_lin
SC(n) 
    1 

$specs$lags_criterion
[1] NaN

$specs$max_lags
[1] NaN

$specs$trend
[1] 0

$specs$shock_type
[1] 0

$specs$confint
[1] 1.65

$specs$hor
[1] 12

$specs$use_nw
[1] TRUE

$specs$nw_prewhite
[1] FALSE

$specs$adjust_se
[1] FALSE

$specs$use_twosls
[1] FALSE

$specs$contemp_data
$specs$contemp_data$dummy
 [1] 0 0 0 0 0 0 0 0 0 0 0 0 0 0 0 0 0 0 0 0 0 0 0 0 0 0 1 1 1 1 0 1 0 1 0 0 0 0 0 0 0 0 0 0 0 0 0 0 0 0 0 0 0 0 0 0 0 0 0 0
[61] 0

$specs$contemp_data$Jan
 [1] 0 0 0 0 0 0 0 0 0 0 0 1 0 0 0 0 0 0 0 0 0 0 0 1 0 0 0 0 0 0 0 0 0 0 0 1 0 0 0 0 0 0 0 0 0 0 0 1 0 0 0 0 0 0 0 0 0 0 0 1
[61] 0

$specs$contemp_data$Feb
 [1] 1 0 0 0 0 0 0 0 0 0 0 0 1 0 0 0 0 0 0 0 0 0 0 0 1 0 0 0 0 0 0 0 0 0 0 0 1 0 0 0 0 0 0 0 0 0 0 0 1 0 0 0 0 0 0 0 0 0 0 0
[61] 1

$specs$contemp_data$Mar
 [1] 0 1 0 0 0 0 0 0 0 0 0 0 0 1 0 0 0 0 0 0 0 0 0 0 0 1 0 0 0 0 0 0 0 0 0 0 0 1 0 0 0 0 0 0 0 0 0 0 0 1 0 0 0 0 0 0 0 0 0 0
[61] 0

$specs$contemp_data$Apr
 [1] 0 0 1 0 0 0 0 0 0 0 0 0 0 0 1 0 0 0 0 0 0 0 0 0 0 0 1 0 0 0 0 0 0 0 0 0 0 0 1 0 0 0 0 0 0 0 0 0 0 0 1 0 0 0 0 0 0 0 0 0
[61] 0

$specs$contemp_data$May
 [1] 0 0 0 1 0 0 0 0 0 0 0 0 0 0 0 1 0 0 0 0 0 0 0 0 0 0 0 1 0 0 0 0 0 0 0 0 0 0 0 1 0 0 0 0 0 0 0 0 0 0 0 1 0 0 0 0 0 0 0 0
[61] 0

$specs$contemp_data$Jun
 [1] 0 0 0 0 1 0 0 0 0 0 0 0 0 0 0 0 1 0 0 0 0 0 0 0 0 0 0 0 1 0 0 0 0 0 0 0 0 0 0 0 1 0 0 0 0 0 0 0 0 0 0 0 1 0 0 0 0 0 0 0
[61] 0

$specs$contemp_data$Jul
 [1] 0 0 0 0 0 1 0 0 0 0 0 0 0 0 0 0 0 1 0 0 0 0 0 0 0 0 0 0 0 1 0 0 0 0 0 0 0 0 0 0 0 1 0 0 0 0 0 0 0 0 0 0 0 1 0 0 0 0 0 0
[61] 0

$specs$contemp_data$Aug
 [1] 0 0 0 0 0 0 1 0 0 0 0 0 0 0 0 0 0 0 1 0 0 0 0 0 0 0 0 0 0 0 1 0 0 0 0 0 0 0 0 0 0 0 1 0 0 0 0 0 0 0 0 0 0 0 1 0 0 0 0 0
[61] 0

$specs$contemp_data$Sep
 [1] 0 0 0 0 0 0 0 1 0 0 0 0 0 0 0 0 0 0 0 1 0 0 0 0 0 0 0 0 0 0 0 1 0 0 0 0 0 0 0 0 0 0 0 1 0 0 0 0 0 0 0 0 0 0 0 1 0 0 0 0
[61] 0

$specs$contemp_data$Oct
 [1] 0 0 0 0 0 0 0 0 1 0 0 0 0 0 0 0 0 0 0 0 1 0 0 0 0 0 0 0 0 0 0 0 1 0 0 0 0 0 0 0 0 0 0 0 1 0 0 0 0 0 0 0 0 0 0 0 1 0 0 0
[61] 0


$specs$model_type
[1] 0

$specs$starts
[1] 1

$specs$ends
[1] 61

$specs$column_names
[1] "supply_chain"              "inflation_expectations_1y" "inflation_expectations_3y" "inflation"                
[5] "economic_activity"        

$specs$endog
[1] 5

$specs$y_lin
    supply_chain inflation_expectations_1y inflation_expectations_3y     inflation economic_activity
2  -0.0063325079              -0.093069017              -0.116992518  0.0118791283      0.0132147973
3  -0.0037248725              -0.179841030              -0.082446768 -0.0180540196      0.0197042191
4   0.0054351778               0.042644040              -0.009027443  0.0117895324      0.0091204916
5  -0.0065649963               0.038628823              -0.004366708  0.0080067127      0.0256060314
6  -0.0007565475               0.037587716               0.047957221 -0.0080781182     -0.0008554676
7   0.0080484848               0.042232388              -0.051764649 -0.0091070197      0.0134624669
8   0.0044388731               0.066831950               0.083116914  0.0035186802      0.0099315901
9   0.0046120560               0.074361879               0.104697282  0.0072325549      0.0093828680
10  0.0133125326               0.097256869               0.129269948  0.0109363479      0.0019638250
11  0.0154257665               0.090859949               0.040770491 -0.0256428615      0.0024138617
12 -0.0119061154               0.150130443               0.168118070 -0.0087928721     -0.0039597521
13 -0.0160432843               0.154457901               0.190173118 -0.0192514804      0.0121072497
14  0.0075686963               0.016860856               0.023610225  0.0121350319      0.0036954885
15  0.0004930244               0.081748607               0.155708559  0.0254869151      0.0040989018
16  0.0084529310              -0.092583911               0.021248402  0.0315361282      0.0142325513
17 -0.0033147562              -0.193230976              -0.043276262 -0.0135380408     -0.0038460784
18  0.0059568925               0.067156473               0.059606826 -0.0237050248      0.0003874938
19 -0.0040807384               0.028570973               0.007379959  0.0070212946     -0.0030995371
20 -0.0043080453              -0.110390831              -0.043736816 -0.0008099038     -0.0027487440
21 -0.0027653353              -0.009296058              -0.148649219  0.0022449886      0.0100916736
22 -0.0130748499              -0.137446744              -0.128886832  0.0149056931     -0.0068965871
23  0.0101419684              -0.102682542               0.022526063  0.0056048268     -0.0018302030
24  0.0149076217               0.085885577               0.040433270  0.0166801358     -0.0053688531
25  0.0126084724               0.052676001               0.034575991 -0.0032142186      0.0092054021
26 -0.0024381486               0.082834189               0.071948279 -0.0143825022      0.0065049140
27  0.0014567401               0.059890764              -0.139321440 -0.0765488966     -0.1095376270
28 -0.0043613784               0.110803355               0.054336359 -0.1180561839     -0.8013817712
29 -0.0009594686               0.440086455               0.002754213 -0.0394295123      0.1819834628
30 -0.0066356699               0.060988570              -0.180594733  0.0227326525      0.1811371292
31  0.0028675241               0.192429026               0.022748256  0.0290171471     -0.0032090982
32  0.0004400912               0.215418333               0.210000612  0.0188797606      0.1242242661
33 -0.0088563297               0.090842219              -0.097192097 -0.0081495346      0.0427062365
34 -0.0088758254              -0.176135374              -0.211683475 -0.0273674729      0.0659089440
35 -0.0130430699              -0.189613815              -0.173824252 -0.0169879726      0.0090416110
36 -0.0097561903              -0.309955966              -0.096708136  0.0137622962     -0.0200398947
37 -0.0133946864              -0.438829199              -0.136241740 -0.0175590348      0.0297735978
38 -0.0155175191              -0.586924618              -0.252722198 -0.0022948550      0.0122939477
39 -0.0030331528              -0.640823289              -0.247849266  0.0090208096      0.0224621217
40  0.0189069924              -0.744269330              -0.328708352  0.0296218439     -0.0027052872
41 -0.0052398431              -0.331977245               0.061289940  0.0278964532      0.0234591779
42 -0.0041910393               0.239203704              -0.036411180  0.0417894154      0.0133334691
43 -0.0016507804               0.051907720               0.062479848 -0.0037102132      0.0466232530
44 -0.0018445088               0.168972059               0.295863311 -0.0101886004      0.0231090359
45  0.0108929141               0.091561951               0.448800361 -0.0095415708      0.0349689544
46  0.0495375319               0.244040498               0.439272896  0.0513660931      0.0238252787
47  0.0092937725               0.420618875               0.227962584  0.0346746044      0.0237066681
48 -0.0121527481               0.265010741               0.220814479  0.0322088457      0.0235842891
49  0.0021764792              -0.056457642              -0.282966474  0.0093029159     -0.0110638564
50  0.0173855095               0.063072574               0.047559850  0.0216592661      0.0313075917
51  0.0104645307               0.583575145              -0.006092132  0.0594986810      0.0032570089
52  0.0049660055               0.310877420               0.279880828 -0.0193295446     -0.0042385199
53 -0.0049350894               0.535617968               0.326312135  0.0475641271     -0.0153374760
54 -0.0101919826               0.756444779               0.145136221  0.0829906319     -0.0114672989
55 -0.0084138523               0.249347053              -0.203776953 -0.0724345513     -0.0001570211
56 -0.0228678029              -0.163336671              -0.538329081 -0.0398569237     -0.0222817013
57 -0.0049329813              -0.387472074              -0.287419250 -0.0177631399     -0.0027547779
58  0.0008340391               0.208077418               0.011815895 -0.0082045127     -0.0219807589
59  0.0061607342              -0.407923836              -0.001392901 -0.0432906191     -0.0099343622
60 -0.0113513066              -0.539237661               0.094962482 -0.0521834854     -0.0180533987
61  0.0105880146              -0.472610574              -0.084508752 -0.0042564185     -0.0088103979

$specs$x_lin
   supply_chain_lag_1 inflation_expectations_1y_lag_1 inflation_expectations_3y_lag_1 inflation_lag_1
2       -0.0098579539                    -0.205402860                    -0.218241259    0.0307655897
3       -0.0063325079                    -0.093069017                    -0.116992518    0.0118791283
4       -0.0037248725                    -0.179841030                    -0.082446768   -0.0180540196
5        0.0054351778                     0.042644040                    -0.009027443    0.0117895324
6       -0.0065649963                     0.038628823                    -0.004366708    0.0080067127
7       -0.0007565475                     0.037587716                     0.047957221   -0.0080781182
8        0.0080484848                     0.042232388                    -0.051764649   -0.0091070197
9        0.0044388731                     0.066831950                     0.083116914    0.0035186802
10       0.0046120560                     0.074361879                     0.104697282    0.0072325549
11       0.0133125326                     0.097256869                     0.129269948    0.0109363479
12       0.0154257665                     0.090859949                     0.040770491   -0.0256428615
13      -0.0119061154                     0.150130443                     0.168118070   -0.0087928721
14      -0.0160432843                     0.154457901                     0.190173118   -0.0192514804
15       0.0075686963                     0.016860856                     0.023610225    0.0121350319
16       0.0004930244                     0.081748607                     0.155708559    0.0254869151
17       0.0084529310                    -0.092583911                     0.021248402    0.0315361282
18      -0.0033147562                    -0.193230976                    -0.043276262   -0.0135380408
19       0.0059568925                     0.067156473                     0.059606826   -0.0237050248
20      -0.0040807384                     0.028570973                     0.007379959    0.0070212946
21      -0.0043080453                    -0.110390831                    -0.043736816   -0.0008099038
22      -0.0027653353                    -0.009296058                    -0.148649219    0.0022449886
23      -0.0130748499                    -0.137446744                    -0.128886832    0.0149056931
24       0.0101419684                    -0.102682542                     0.022526063    0.0056048268
25       0.0149076217                     0.085885577                     0.040433270    0.0166801358
26       0.0126084724                     0.052676001                     0.034575991   -0.0032142186
27      -0.0024381486                     0.082834189                     0.071948279   -0.0143825022
28       0.0014567401                     0.059890764                    -0.139321440   -0.0765488966
29      -0.0043613784                     0.110803355                     0.054336359   -0.1180561839
30      -0.0009594686                     0.440086455                     0.002754213   -0.0394295123
31      -0.0066356699                     0.060988570                    -0.180594733    0.0227326525
32       0.0028675241                     0.192429026                     0.022748256    0.0290171471
33       0.0004400912                     0.215418333                     0.210000612    0.0188797606
34      -0.0088563297                     0.090842219                    -0.097192097   -0.0081495346
35      -0.0088758254                    -0.176135374                    -0.211683475   -0.0273674729
36      -0.0130430699                    -0.189613815                    -0.173824252   -0.0169879726
37      -0.0097561903                    -0.309955966                    -0.096708136    0.0137622962
38      -0.0133946864                    -0.438829199                    -0.136241740   -0.0175590348
39      -0.0155175191                    -0.586924618                    -0.252722198   -0.0022948550
40      -0.0030331528                    -0.640823289                    -0.247849266    0.0090208096
41       0.0189069924                    -0.744269330                    -0.328708352    0.0296218439
42      -0.0052398431                    -0.331977245                     0.061289940    0.0278964532
43      -0.0041910393                     0.239203704                    -0.036411180    0.0417894154
44      -0.0016507804                     0.051907720                     0.062479848   -0.0037102132
45      -0.0018445088                     0.168972059                     0.295863311   -0.0101886004
46       0.0108929141                     0.091561951                     0.448800361   -0.0095415708
47       0.0495375319                     0.244040498                     0.439272896    0.0513660931
48       0.0092937725                     0.420618875                     0.227962584    0.0346746044
49      -0.0121527481                     0.265010741                     0.220814479    0.0322088457
50       0.0021764792                    -0.056457642                    -0.282966474    0.0093029159
51       0.0173855095                     0.063072574                     0.047559850    0.0216592661
52       0.0104645307                     0.583575145                    -0.006092132    0.0594986810
53       0.0049660055                     0.310877420                     0.279880828   -0.0193295446
54      -0.0049350894                     0.535617968                     0.326312135    0.0475641271
55      -0.0101919826                     0.756444779                     0.145136221    0.0829906319
56      -0.0084138523                     0.249347053                    -0.203776953   -0.0724345513
57      -0.0228678029                    -0.163336671                    -0.538329081   -0.0398569237
58      -0.0049329813                    -0.387472074                    -0.287419250   -0.0177631399
59       0.0008340391                     0.208077418                     0.011815895   -0.0082045127
60       0.0061607342                    -0.407923836                    -0.001392901   -0.0432906191
61      -0.0113513066                    -0.539237661                     0.094962482   -0.0521834854
   economic_activity_lag_1 dummy Jan Feb Mar Apr May Jun Jul Aug Sep Oct
2             0.0097286005     0   0   0   1   0   0   0   0   0   0   0
3             0.0132147973     0   0   0   0   1   0   0   0   0   0   0
4             0.0197042191     0   0   0   0   0   1   0   0   0   0   0
5             0.0091204916     0   0   0   0   0   0   1   0   0   0   0
6             0.0256060314     0   0   0   0   0   0   0   1   0   0   0
7            -0.0008554676     0   0   0   0   0   0   0   0   1   0   0
8             0.0134624669     0   0   0   0   0   0   0   0   0   1   0
9             0.0099315901     0   0   0   0   0   0   0   0   0   0   1
10            0.0093828680     0   0   0   0   0   0   0   0   0   0   0
11            0.0019638250     0   0   0   0   0   0   0   0   0   0   0
12            0.0024138617     0   1   0   0   0   0   0   0   0   0   0
13           -0.0039597521     0   0   1   0   0   0   0   0   0   0   0
14            0.0121072497     0   0   0   1   0   0   0   0   0   0   0
15            0.0036954885     0   0   0   0   1   0   0   0   0   0   0
16            0.0040989018     0   0   0   0   0   1   0   0   0   0   0
17            0.0142325513     0   0   0   0   0   0   1   0   0   0   0
18           -0.0038460784     0   0   0   0   0   0   0   1   0   0   0
19            0.0003874938     0   0   0   0   0   0   0   0   1   0   0
20           -0.0030995371     0   0   0   0   0   0   0   0   0   1   0
21           -0.0027487440     0   0   0   0   0   0   0   0   0   0   1
22            0.0100916736     0   0   0   0   0   0   0   0   0   0   0
23           -0.0068965871     0   0   0   0   0   0   0   0   0   0   0
24           -0.0018302030     0   1   0   0   0   0   0   0   0   0   0
25           -0.0053688531     0   0   1   0   0   0   0   0   0   0   0
26            0.0092054021     0   0   0   1   0   0   0   0   0   0   0
27            0.0065049140     1   0   0   0   1   0   0   0   0   0   0
28           -0.1095376270     1   0   0   0   0   1   0   0   0   0   0
29           -0.8013817712     1   0   0   0   0   0   1   0   0   0   0
30            0.1819834628     1   0   0   0   0   0   0   1   0   0   0
31            0.1811371292     0   0   0   0   0   0   0   0   1   0   0
32           -0.0032090982     1   0   0   0   0   0   0   0   0   1   0
33            0.1242242661     0   0   0   0   0   0   0   0   0   0   1
34            0.0427062365     1   0   0   0   0   0   0   0   0   0   0
35            0.0659089440     0   0   0   0   0   0   0   0   0   0   0
36            0.0090416110     0   1   0   0   0   0   0   0   0   0   0
37           -0.0200398947     0   0   1   0   0   0   0   0   0   0   0
38            0.0297735978     0   0   0   1   0   0   0   0   0   0   0
39            0.0122939477     0   0   0   0   1   0   0   0   0   0   0
40            0.0224621217     0   0   0   0   0   1   0   0   0   0   0
41           -0.0027052872     0   0   0   0   0   0   1   0   0   0   0
42            0.0234591779     0   0   0   0   0   0   0   1   0   0   0
43            0.0133334691     0   0   0   0   0   0   0   0   1   0   0
44            0.0466232530     0   0   0   0   0   0   0   0   0   1   0
45            0.0231090359     0   0   0   0   0   0   0   0   0   0   1
46            0.0349689544     0   0   0   0   0   0   0   0   0   0   0
47            0.0238252787     0   0   0   0   0   0   0   0   0   0   0
48            0.0237066681     0   1   0   0   0   0   0   0   0   0   0
49            0.0235842891     0   0   1   0   0   0   0   0   0   0   0
50           -0.0110638564     0   0   0   1   0   0   0   0   0   0   0
51            0.0313075917     0   0   0   0   1   0   0   0   0   0   0
52            0.0032570089     0   0   0   0   0   1   0   0   0   0   0
53           -0.0042385199     0   0   0   0   0   0   1   0   0   0   0
54           -0.0153374760     0   0   0   0   0   0   0   1   0   0   0
55           -0.0114672989     0   0   0   0   0   0   0   0   1   0   0
56           -0.0001570211     0   0   0   0   0   0   0   0   0   1   0
57           -0.0222817013     0   0   0   0   0   0   0   0   0   0   1
58           -0.0027547779     0   0   0   0   0   0   0   0   0   0   0
59           -0.0219807589     0   0   0   0   0   0   0   0   0   0   0
60           -0.0099343622     0   1   0   0   0   0   0   0   0   0   0
61           -0.0180533987     0   0   1   0   0   0   0   0   0   0   0


attr(,"class")
[1] "lpirfs_lin_obj"
