[1] "taxes"                "djn level estimation"
                   1             2             3             4             5             6
AIC(n) -2.710548e+01 -2.752499e+01 -2.720822e+01 -2.782255e+01 -2.782265e+01 -2.834481e+01
HQ(n)  -2.590582e+01 -2.597248e+01 -2.530287e+01 -2.556436e+01 -2.521162e+01 -2.538094e+01
SC(n)  -2.400324e+01 -2.351032e+01 -2.228113e+01 -2.198304e+01 -2.107071e+01 -2.068045e+01
FPE(n)  1.877672e-12  1.408495e-12  2.426104e-12  1.900957e-12  3.449350e-12  5.466598e-12
                   1             2             3             4             5             6
AIC(n) -2.710548e+01 -2.752499e+01 -2.720822e+01 -2.782255e+01 -2.782265e+01 -2.834481e+01
HQ(n)  -2.590582e+01 -2.597248e+01 -2.530287e+01 -2.556436e+01 -2.521162e+01 -2.538094e+01
SC(n)  -2.400324e+01 -2.351032e+01 -2.228113e+01 -2.198304e+01 -2.107071e+01 -2.068045e+01
FPE(n)  1.877672e-12  1.408495e-12  2.426104e-12  1.900957e-12  3.449350e-12  5.466598e-12
$irf_lin_mean
, , 1

            [,1]        [,2]         [,3]        [,4]        [,5]        [,6]         [,7]        [,8]        [,9]
[1,] 0.005796986 0.001878601  0.001853895 0.002172739 0.001799135 0.001267653  0.001826294 0.004242713 0.003020440
[2,] 0.057585903 0.106498386  0.140073176 0.213623985 0.231123329 0.237466394  0.314979846 0.389536876 0.394747083
[3,] 0.072523806 0.095016268  0.116716217 0.141679106 0.140831178 0.143656038  0.208010497 0.218212956 0.220842046
[4,] 0.009625696 0.005842465  0.004429637 0.006066786 0.012598132 0.006979998  0.005910787 0.012354153 0.008572953
[5,] 0.018866027 0.026650384 -0.016502846 0.010386453 0.022356954 0.004870998 -0.008054065 0.034030469 0.010247383
            [,10]         [,11]       [,12]       [,13]
[1,]  0.001762256  0.0020309973 0.002320104 0.001024731
[2,]  0.426056297  0.4313408005 0.453947830 0.452546717
[3,]  0.195829370  0.1923367321 0.174131772 0.158483452
[4,]  0.006059472  0.0091696084 0.010904625 0.012215635
[5,] -0.007467167 -0.0005585155 0.013856324 0.016577768

, , 2

            [,1]         [,2]         [,3]         [,4]          [,5]          [,6]         [,7]          [,8]          [,9]
[1,]  0.00000000 0.0006623201 0.0005384924  0.001008777  0.0006715971  0.0003298597 0.0001599464  0.0005522381  0.0006394002
[2,]  0.21402356 0.2250130749 0.2004232756  0.193406212  0.2351827473  0.2458194892 0.2014136678  0.2352220007  0.2345984338
[3,]  0.07508360 0.0704415859 0.0348823515  0.034991219  0.0664571779  0.0510274010 0.0354637839  0.0365315868  0.0262582032
[4,]  0.01071732 0.0041510640 0.0014793132  0.003968126  0.0020882568  0.0033070592 0.0002466080  0.0051404462  0.0058679958
[5,] -0.02465184 0.0088698151 0.0103389730 -0.004126828 -0.0027415417 -0.0046410657 0.0033452444 -0.0014776289 -0.0007709803
            [,10]       [,11]        [,12]         [,13]
[1,] 0.0007138403 0.001443027  0.001404735  0.0007712853
[2,] 0.2477181966 0.245811835  0.284229589  0.2917101653
[3,] 0.0312054930 0.024875302  0.053685877  0.0477174628
[4,] 0.0028600763 0.005202735  0.003092172  0.0022376396
[5,] 0.0077336522 0.014328918 -0.001419823 -0.0009752589

, , 3

             [,1]         [,2]        [,3]        [,4]        [,5]        [,6]        [,7]        [,8]         [,9]
[1,]  0.000000000  0.001005666 0.001744337 0.001156479 0.001673964 0.002577722 0.002380786 0.002617475 0.0009707135
[2,]  0.000000000  0.052890735 0.072244060 0.105749692 0.110482549 0.158702309 0.265403407 0.290372280 0.2751000828
[3,]  0.165226172  0.147998512 0.143949534 0.131472926 0.121129807 0.133560110 0.157523611 0.186145119 0.1482654250
[4,] -0.006691787  0.003182633 0.006426004 0.007446265 0.007738352 0.008043848 0.013397743 0.011636310 0.0112878067
[5,] -0.014173104 -0.005828619 0.013380258 0.007131924 0.008789335 0.010110316 0.027387787 0.015947238 0.0055398678
           [,10]         [,11]        [,12]         [,13]
[1,] 0.001134282 -0.0002195768 -0.001549786 -0.0009342136
[2,] 0.235951396  0.2247566285  0.068479138 -0.0183403616
[3,] 0.115197803  0.0571954272 -0.022862247 -0.0373923085
[4,] 0.009574999  0.0020790207 -0.002631047 -0.0050239855
[5,] 0.001817184 -0.0134740067 -0.001490043 -0.0093218558

, , 4

           [,1]          [,2]          [,3]         [,4]          [,5]          [,6]        [,7]        [,8]        [,9]
[1,] 0.00000000  0.0007702556 -0.0003694503  0.001168344  0.0006654868 -0.0003497611 0.001476724 0.002214222 0.001936043
[2,] 0.00000000 -0.0196572256  0.0313122141  0.009159405  0.0694242399  0.1063862759 0.113135309 0.224801553 0.258851859
[3,] 0.00000000  0.0177206201  0.0072930372 -0.006386421  0.0273668546  0.0571368730 0.082067900 0.112171381 0.106750039
[4,] 0.02731870  0.0081703052 -0.0027237518 -0.002709218 -0.0056780298  0.0013195485 0.004751216 0.013333842 0.011035201
[5,] 0.05925347  0.0054795619 -0.0115646517 -0.001211325 -0.0162244010 -0.0107374283 0.003418085 0.001580381 0.009413484
           [,10]       [,11]       [,12]        [,13]
[1,] 0.002813103 0.003063401 0.002908633  0.001800952
[2,] 0.301818696 0.369778616 0.484995401  0.535677563
[3,] 0.108566411 0.138825447 0.201178208  0.246424121
[4,] 0.010888473 0.015332730 0.010209571 -0.000658486
[5,] 0.019568705 0.035659469 0.005711909 -0.034363615

, , 5

           [,1]          [,2]          [,3]          [,4]          [,5]          [,6]        [,7]          [,8]
[1,] 0.00000000  0.0003207128 -3.423283e-05 -0.0003098133  0.0002933838  0.0005075810 0.001710271  0.0001237125
[2,] 0.00000000 -0.0430577946  4.068544e-02  0.0180141529 -0.0459119156 -0.0543479408 0.013808731 -0.0504325770
[3,] 0.00000000 -0.0019378050  4.957333e-02  0.0157719177 -0.0462486195 -0.0045215129 0.009416087 -0.0013917869
[4,] 0.00000000  0.0036033287  2.722775e-03 -0.0026914627 -0.0030941035  0.0002639541 0.009669815  0.0001620891
[5,] 0.09281501 -0.0213985197 -2.130997e-02  0.0135892051 -0.0043696207  0.0089654428 0.008335965 -0.0026533273
              [,9]        [,10]         [,11]         [,12]         [,13]
[1,] -0.0002594665  0.000512439 -0.0014135258 -0.0015351203 -0.0005627525
[2,] -0.0437691516 -0.068665666 -0.0502261148 -0.0760299287 -0.0789679035
[3,]  0.0007593833 -0.017514145  0.0008374845 -0.0270435055  0.0072819606
[4,] -0.0028999557  0.004317551 -0.0010419735 -0.0008798012 -0.0075011746
[5,]  0.0079906132  0.001162886 -0.0094233531  0.0029806754 -0.0271776277


$irf_lin_low
, , 1

            [,1]          [,2]          [,3]          [,4]         [,5]         [,6]         [,7]         [,8]          [,9]
[1,] 0.005796986 -0.0004798707 -0.0007315563 -0.0003822134 -0.001036089 -0.001826135 -0.001240291  0.002084860  7.407131e-05
[2,] 0.057585903  0.0143918022 -0.0010965408  0.0267765506 -0.002124001 -0.045229308 -0.068532530 -0.046017896 -1.099203e-01
[3,] 0.072523806  0.0215275539  0.0304267621  0.0220248052  0.008566084 -0.017185068  0.019995624  0.011462047 -1.156514e-02
[4,] 0.009625696 -0.0066706287 -0.0103568159 -0.0061874703  0.001772571 -0.004648146 -0.008471954 -0.003118119 -5.807268e-03
[5,] 0.018866027 -0.0266694908 -0.0572424085 -0.0142799200 -0.012940879 -0.021225166 -0.070368400 -0.025321123 -1.502102e-02
            [,10]        [,11]        [,12]        [,13]
[1,] -0.001776003 -0.002015026 -0.002100698 -0.002807722
[2,] -0.136010806 -0.161069198 -0.157131984 -0.189398791
[3,] -0.056732382 -0.050278674 -0.058592323 -0.068995309
[4,] -0.012948575 -0.008637594 -0.004297666 -0.007699062
[5,] -0.044149127 -0.039179186 -0.018464218 -0.024931905

, , 2

            [,1]          [,2]          [,3]          [,4]         [,5]          [,6]         [,7]          [,8]
[1,]  0.00000000 -0.0002852985 -0.0004931158 -5.359712e-05 -0.000427599 -0.0008897877 -0.001192296 -0.0007034307
[2,]  0.21402356  0.1833544914  0.1326240009  1.027147e-01  0.123492581  0.0953516051 -0.008052973 -0.0591953604
[3,]  0.07508360  0.0342903838 -0.0148433667 -3.119364e-02 -0.008871569 -0.0413702333 -0.061203187 -0.0779816936
[4,]  0.01071732  0.0001679568 -0.0025373856 -4.405957e-04 -0.002952467 -0.0032368537 -0.008598868 -0.0035278147
[5,] -0.02465184 -0.0001807488  0.0020128930 -1.342518e-02 -0.014389584 -0.0159666988 -0.016483883 -0.0231822307
             [,9]        [,10]         [,11]        [,12]        [,13]
[1,] -0.001271975 -0.001240162 -0.0008299044 -0.001677225 -0.001874891
[2,] -0.096355063 -0.095569338 -0.1083416753 -0.109477529 -0.119213259
[3,] -0.097518083 -0.106207137 -0.1012179738 -0.084969172 -0.089208456
[4,] -0.001847331 -0.008125383 -0.0047215193 -0.009082144 -0.013373008
[5,] -0.015965574 -0.009361928 -0.0150161839 -0.025433370 -0.017233497

, , 3

             [,1]          [,2]        [,3]        [,4]        [,5]        [,6]        [,7]        [,8]          [,9]
[1,]  0.000000000  0.0007439113 0.001851112 0.001173585 0.001511457 0.002049505 0.001729009 0.002136152 -0.0003065581
[2,]  0.000000000  0.0323340854 0.048685881 0.094775056 0.084513688 0.124408922 0.210212312 0.177334370  0.1496524325
[3,]  0.165226172  0.1303688441 0.123928668 0.113655968 0.109974300 0.116108836 0.142422362 0.148129170  0.1075291016
[4,] -0.006691787  0.0024240506 0.005577496 0.007174469 0.006173041 0.004863720 0.009543310 0.008101402  0.0063574522
[5,] -0.014173104 -0.0054964852 0.008870497 0.003351299 0.006203271 0.008471010 0.002733500 0.005852438 -0.0051995990
             [,10]         [,11]        [,12]        [,13]
[1,]  0.0004723782 -0.0006096754 -0.002591961 -0.002078943
[2,]  0.1123007924  0.1176431367 -0.086048312 -0.193162014
[3,]  0.0819270015  0.0480418818 -0.062814171 -0.084173269
[4,]  0.0071296296 -0.0020967377 -0.007465531 -0.009329562
[5,] -0.0022639936 -0.0179566780 -0.008151875 -0.015404155

, , 4

           [,1]         [,2]         [,3]         [,4]         [,5]         [,6]          [,7]          [,8]          [,9]
[1,] 0.00000000 -0.001288822 -0.003184319 -0.001265886 -0.001559062 -0.002699308 -0.0005143689  8.403475e-05  0.0001153744
[2,] 0.00000000 -0.088293208 -0.086607570 -0.172039929 -0.106566400 -0.116817231 -0.1873808942 -7.929258e-02 -0.0759614512
[3,] 0.00000000 -0.040703137 -0.076956314 -0.123532074 -0.095345436 -0.073683796 -0.0482715773 -1.164295e-02 -0.0344780586
[4,] 0.02731870 -0.003284699 -0.015375110 -0.014687591 -0.013462589 -0.008480062 -0.0082474490  2.090726e-03  0.0028957323
[5,] 0.05925347 -0.039301756 -0.036147507 -0.020325968 -0.037901876 -0.032768547 -0.0196122160 -2.210056e-02 -0.0092982886
             [,10]        [,11]         [,12]         [,13]
[1,]  3.640193e-05 -0.001125024 -0.0004829531 -0.0004013792
[2,] -7.028963e-02 -0.052518780  0.0951416031  0.1869322189
[3,] -7.556110e-02 -0.061490257  0.0387958326  0.1032022847
[4,] -7.138586e-03  0.004112079 -0.0021675004 -0.0208224338
[5,] -1.361204e-02 -0.016086926 -0.0300953370 -0.0765614951

, , 5

           [,1]          [,2]         [,3]         [,4]         [,5]          [,6]          [,7]          [,8]          [,9]
[1,] 0.00000000 -0.0006877725 -0.001145970 -0.001194466 -0.000731269 -0.0007690386  0.0007566265 -0.0007326093 -0.0010440897
[2,] 0.00000000 -0.0769610552 -0.006642510 -0.046922116 -0.101751341 -0.1163297108 -0.0793488168 -0.1197833740 -0.1152444451
[3,] 0.00000000 -0.0274386101  0.012951499 -0.031055329 -0.087338358 -0.0381784628 -0.0246534098 -0.0348623330 -0.0377643096
[4,] 0.00000000 -0.0032372095 -0.005422659 -0.008954085 -0.005717651 -0.0038609947  0.0048436966 -0.0038105595 -0.0074134419
[5,] 0.09281501 -0.0539225726 -0.038453089  0.004908845 -0.010630507  0.0024825486 -0.0100318685 -0.0137092011 -0.0006391588
             [,10]        [,11]        [,12]        [,13]
[1,] -0.0005979213 -0.003239687 -0.002763371 -0.001319137
[2,] -0.1651505280 -0.171905862 -0.199690991 -0.183637597
[3,] -0.0677504926 -0.054005905 -0.076450150 -0.039615593
[4,] -0.0026876619 -0.004801511 -0.005504831 -0.016263074
[5,] -0.0107988561 -0.025419019 -0.012844901 -0.062318402


$irf_lin_up
, , 1

            [,1]        [,2]        [,3]        [,4]        [,5]        [,6]        [,7]        [,8]        [,9]       [,10]
[1,] 0.005796986 0.004237073 0.004439347 0.004727691 0.004634359 0.004361441 0.004892879 0.006400566 0.005966808 0.005300516
[2,] 0.057585903 0.198604969 0.281242893 0.400471420 0.464370659 0.520162097 0.698492223 0.825091647 0.899414501 0.988123400
[3,] 0.072523806 0.168504982 0.203005672 0.261333408 0.273096273 0.304497144 0.396025370 0.424963864 0.453249234 0.448391121
[4,] 0.009625696 0.018355558 0.019216089 0.018321043 0.023423693 0.018608141 0.020293528 0.027826425 0.022953174 0.025067520
[5,] 0.018866027 0.079970260 0.024236716 0.035052826 0.057654787 0.030967162 0.054260271 0.093382061 0.035515791 0.029214793
          [,11]       [,12]       [,13]
[1,] 0.00607702 0.006740906 0.004857184
[2,] 1.02375080 1.065027643 1.094492224
[3,] 0.43495214 0.406855868 0.385962212
[4,] 0.02697681 0.026106916 0.032130332
[5,] 0.03806215 0.046176866 0.058087442

, , 2

            [,1]        [,2]        [,3]        [,4]        [,5]        [,6]        [,7]        [,8]        [,9]       [,10]
[1,]  0.00000000 0.001609939 0.001570101 0.002071151 0.001770793 0.001549507 0.001512189 0.001807907 0.002550776 0.002667842
[2,]  0.21402356 0.266671658 0.268222550 0.284097707 0.346872914 0.396287373 0.410880309 0.529639362 0.565551931 0.591005731
[3,]  0.07508360 0.106592788 0.084608070 0.101176074 0.141785925 0.143425035 0.132130755 0.151044867 0.150034490 0.168618123
[4,]  0.01071732 0.008134171 0.005496012 0.008376848 0.007128981 0.009850972 0.009092084 0.013808707 0.013583323 0.013845536
[5,] -0.02465184 0.017920379 0.018665053 0.005171527 0.008906500 0.006684567 0.023174372 0.020226973 0.014423613 0.024829232
           [,11]       [,12]       [,13]
[1,] 0.003715959 0.004486695 0.003417462
[2,] 0.599965345 0.677936708 0.702633590
[3,] 0.150968577 0.192340927 0.184643382
[4,] 0.015126990 0.015266487 0.017848287
[5,] 0.043674020 0.022593724 0.015282979

, , 3

             [,1]         [,2]        [,3]        [,4]        [,5]        [,6]        [,7]        [,8]        [,9]
[1,]  0.000000000  0.001267421 0.001637562 0.001139374 0.001836471 0.003105939 0.003032563 0.003098798 0.002247985
[2,]  0.000000000  0.073447384 0.095802238 0.116724328 0.136451410 0.192995696 0.320594502 0.403410191 0.400547733
[3,]  0.165226172  0.165628179 0.163970399 0.149289883 0.132285314 0.151011385 0.172624861 0.224161068 0.189001748
[4,] -0.006691787  0.003941215 0.007274513 0.007718060 0.009303664 0.011223976 0.017252175 0.015171217 0.016218161
[5,] -0.014173104 -0.006160752 0.017890019 0.010912548 0.011375399 0.011749622 0.052042073 0.026042037 0.016279335
           [,10]         [,11]         [,12]         [,13]
[1,] 0.001796186  0.0001705218 -0.0005076107  0.0002105161
[2,] 0.359601999  0.3318701204  0.2230065866  0.1564812911
[3,] 0.148468605  0.0663489727  0.0170896766  0.0093886520
[4,] 0.012020368  0.0062547791  0.0022034358 -0.0007184094
[5,] 0.005898361 -0.0089913353  0.0051717887 -0.0032395564

, , 4

           [,1]        [,2]        [,3]        [,4]        [,5]        [,6]        [,7]        [,8]        [,9]       [,10]
[1,] 0.00000000 0.002829333 0.002445418 0.003602573 0.002890036 0.001999786 0.003467817 0.004344409 0.003756711 0.005589804
[2,] 0.00000000 0.048978756 0.149231998 0.190358739 0.245414880 0.329589783 0.413651512 0.528895690 0.593665170 0.673927021
[3,] 0.00000000 0.076144377 0.091542388 0.110759231 0.150079145 0.187957542 0.212407378 0.235985713 0.247978138 0.292693922
[4,] 0.02731870 0.019625309 0.009927607 0.009269154 0.002106529 0.011119159 0.017749881 0.024576957 0.019174671 0.028915531
[5,] 0.05925347 0.050260880 0.013018204 0.017903317 0.005453074 0.011293691 0.026448387 0.025261323 0.028125257 0.052749452
           [,11]       [,12]       [,13]
[1,] 0.007251827 0.006300219 0.004003283
[2,] 0.792076012 0.874849198 0.884422907
[3,] 0.339141151 0.363560582 0.389645957
[4,] 0.026553381 0.022586642 0.019505462
[5,] 0.087405864 0.041519155 0.007834265

, , 5

           [,1]         [,2]         [,3]         [,4]          [,5]        [,6]        [,7]         [,8]         [,9]
[1,] 0.00000000  0.001329198  0.001077505 0.0005748396  0.0013180365 0.001784200 0.002663915 0.0009800343 0.0005251566
[2,] 0.00000000 -0.009154534  0.088013394 0.0829504218  0.0099275094 0.007633829 0.106966278 0.0189182201 0.0277061419
[3,] 0.00000000  0.023563000  0.086195163 0.0625991649 -0.0051588808 0.029135437 0.043485583 0.0320787591 0.0392830763
[4,] 0.00000000  0.010443867  0.010868208 0.0035711591 -0.0004705557 0.004388903 0.014495933 0.0041347378 0.0016135305
[5,] 0.09281501  0.011125533 -0.004166857 0.0222695651  0.0018912661 0.015448337 0.026703799 0.0084025465 0.0166203853
           [,10]        [,11]         [,12]        [,13]
[1,] 0.001622799 0.0004126358 -0.0003068699 0.0001936316
[2,] 0.027819197 0.0714536322  0.0476311340 0.0257017896
[3,] 0.032722202 0.0556808736  0.0223631395 0.0541795143
[4,] 0.011322765 0.0027175644  0.0037452283 0.0012607246
[5,] 0.013124629 0.0065723123  0.0188062521 0.0079631469


$diagnostic_list
$diagnostic_list$`Shock: taxes`
$diagnostic_list$`Shock: taxes`[[1]]
                               R-sqrd. Adj. R-sqrd.     F-stat      p-value
h1:taxes                     0.5240252   0.34691833   2.958808 2.353455e-03
h1:inflation_expectations_1y 0.9776749   0.96936783 117.692462 3.693855e-30
h1:inflation_expectations_3y 0.8859454   0.84350653  20.875784 3.245932e-15
h1:inflation                 0.5568153   0.39190939   3.376563 7.444801e-04
h1:economic_activity         0.3359380   0.08884517   1.359562 2.076590e-01

$diagnostic_list$`Shock: taxes`[[2]]
                               R-sqrd. Adj. R-sqrd.    F-stat      p-value
h2:taxes                     0.4564267   0.24935110  2.204155 2.064047e-02
h2:inflation_expectations_1y 0.9509237   0.93222801 50.863176 2.728080e-22
h2:inflation_expectations_3y 0.7828884   0.70017928  9.465559 2.748050e-09
h2:inflation                 0.4122174   0.18830021  1.840937 5.750308e-02
h2:economic_activity         0.3013894   0.03525209  1.132458 3.587982e-01

$diagnostic_list$`Shock: taxes`[[3]]
                               R-sqrd. Adj. R-sqrd.    F-stat      p-value
h3:taxes                     0.4553709   0.24283269  2.142537 2.518536e-02
h3:inflation_expectations_1y 0.9310187   0.90409922 34.585270 9.972354e-19
h3:inflation_expectations_3y 0.6688959   0.53968456  5.176758 1.051953e-05
h3:inflation                 0.4293352   0.20663669  1.927877 4.591190e-02
h3:economic_activity         0.2909807   0.01429029  1.051647 4.280402e-01

$diagnostic_list$`Shock: taxes`[[4]]
                               R-sqrd. Adj. R-sqrd.    F-stat      p-value
h4:taxes                     0.4269195   0.19768728  1.862389 5.601624e-02
h4:inflation_expectations_1y 0.8957524   0.85405341 21.481376 9.820163e-15
h4:inflation_expectations_3y 0.6013079   0.44183105  3.770503 3.294449e-04
h4:inflation                 0.4952321   0.29332489  2.452771 1.091499e-02
h4:economic_activity         0.3418667   0.07861336  1.298622 2.452197e-01

$diagnostic_list$`Shock: taxes`[[5]]
                               R-sqrd. Adj. R-sqrd.     F-stat      p-value
h5:taxes                     0.4044591   0.16013469  1.6554182 9.942514e-02
h5:inflation_expectations_1y 0.8488490   0.78683828 13.6887538 2.577595e-11
h5:inflation_expectations_3y 0.5529958   0.36960944  3.0154687 2.482002e-03
h5:inflation                 0.3837976   0.13099661  1.5181808 1.423974e-01
h5:economic_activity         0.2798194  -0.01563931  0.9470677 5.274638e-01

$diagnostic_list$`Shock: taxes`[[6]]
                               R-sqrd. Adj. R-sqrd.     F-stat      p-value
h6:taxes                     0.4245279   0.18222389  1.7520465 7.800351e-02
h6:inflation_expectations_1y 0.8124332   0.73345775 10.2871576 2.585651e-09
h6:inflation_expectations_3y 0.5811553   0.40479962  3.2953593 1.275553e-03
h6:inflation                 0.4553710   0.22605346  1.9857663 4.162732e-02
h6:economic_activity         0.2832156  -0.01858843  0.9384089 5.362931e-01

$diagnostic_list$`Shock: taxes`[[7]]
                               R-sqrd. Adj. R-sqrd.    F-stat      p-value
h7:taxes                     0.5730286    0.3883923 3.1035531 2.221384e-03
h7:inflation_expectations_1y 0.7628164    0.6602505 7.4373303 2.611955e-07
h7:inflation_expectations_3y 0.5126061    0.3018411 2.4321222 1.287559e-02
h7:inflation                 0.4500703    0.2122629 1.8925830 5.460747e-02
h7:economic_activity         0.2050955   -0.1386471 0.5966543 8.659186e-01

$diagnostic_list$`Shock: taxes`[[8]]
                               R-sqrd.  Adj. R-sqrd.    F-stat      p-value
h8:taxes                     0.3078465  0.0002227074 1.0007240 0.4774753940
h8:inflation_expectations_1y 0.6980044  0.5637841965 5.2004408 0.0000200288
h8:inflation_expectations_3y 0.4054074  0.1411440457 1.5341037 0.1409543720
h8:inflation                 0.3351339  0.0396377976 1.1341399 0.3630632853
h8:economic_activity         0.2675610 -0.0579673832 0.8219284 0.6539536194

$diagnostic_list$`Shock: taxes`[[9]]
                               R-sqrd. Adj. R-sqrd.    F-stat      p-value
h9:taxes                     0.2845454  -0.04251953 0.8699967 0.6051604698
h9:inflation_expectations_1y 0.6447856   0.48240193 3.9707532 0.0003217051
h9:inflation_expectations_3y 0.2993658  -0.02092410 0.9346714 0.5408853501
h9:inflation                 0.2790676  -0.05050147 0.8467652 0.6286355295
h9:economic_activity         0.2799030  -0.04928425 0.8502850 0.6250717677

$diagnostic_list$`Shock: taxes`[[10]]
                                R-sqrd. Adj. R-sqrd.    F-stat     p-value
h10:taxes                     0.3005633 -0.028583423 0.9131590 0.562264952
h10:inflation_expectations_1y 0.5878208  0.393854111 3.0305245 0.003229798
h10:inflation_expectations_3y 0.2633168 -0.083357603 0.7595508 0.716289051
h10:inflation                 0.2814322 -0.056717376 0.8322713 0.643219495
h10:economic_activity         0.3156225 -0.006437489 0.9800115 0.497913867

$diagnostic_list$`Shock: taxes`[[11]]
                                R-sqrd. Adj. R-sqrd.    F-stat    p-value
h11:taxes                     0.3612712   0.05158451 1.1665700 0.34203515
h11:inflation_expectations_1y 0.5529196   0.33615329 2.5507638 0.01122715
h11:inflation_expectations_3y 0.2797706  -0.06943156 0.8011709 0.67438333
h11:inflation                 0.2438487  -0.12277018 0.6651286 0.80570494
h11:economic_activity         0.2790580  -0.07048965 0.7983404 0.67722417

$diagnostic_list$`Shock: taxes`[[12]]
                                R-sqrd. Adj. R-sqrd.    F-stat    p-value
h12:taxes                     0.2072848  -0.18907280 0.5229742 0.91485687
h12:inflation_expectations_1y 0.5007911   0.25118669 2.0063390 0.04583464
h12:inflation_expectations_3y 0.3400727   0.01010909 1.0306370 0.45324709
h12:inflation                 0.2548002  -0.11779963 0.6838441 0.78804862
h12:economic_activity         0.3911802   0.08677023 1.2850440 0.26479211


$diagnostic_list$`Shock: inflation_expectations_1y`
$diagnostic_list$`Shock: inflation_expectations_1y`[[1]]
                               R-sqrd. Adj. R-sqrd.     F-stat      p-value
h1:taxes                     0.5240252   0.34691833   2.958808 2.353455e-03
h1:inflation_expectations_1y 0.9776749   0.96936783 117.692462 3.693855e-30
h1:inflation_expectations_3y 0.8859454   0.84350653  20.875784 3.245932e-15
h1:inflation                 0.5568153   0.39190939   3.376563 7.444801e-04
h1:economic_activity         0.3359380   0.08884517   1.359562 2.076590e-01

$diagnostic_list$`Shock: inflation_expectations_1y`[[2]]
                               R-sqrd. Adj. R-sqrd.    F-stat      p-value
h2:taxes                     0.4564267   0.24935110  2.204155 2.064047e-02
h2:inflation_expectations_1y 0.9509237   0.93222801 50.863176 2.728080e-22
h2:inflation_expectations_3y 0.7828884   0.70017928  9.465559 2.748050e-09
h2:inflation                 0.4122174   0.18830021  1.840937 5.750308e-02
h2:economic_activity         0.3013894   0.03525209  1.132458 3.587982e-01

$diagnostic_list$`Shock: inflation_expectations_1y`[[3]]
                               R-sqrd. Adj. R-sqrd.    F-stat      p-value
h3:taxes                     0.4553709   0.24283269  2.142537 2.518536e-02
h3:inflation_expectations_1y 0.9310187   0.90409922 34.585270 9.972354e-19
h3:inflation_expectations_3y 0.6688959   0.53968456  5.176758 1.051953e-05
h3:inflation                 0.4293352   0.20663669  1.927877 4.591190e-02
h3:economic_activity         0.2909807   0.01429029  1.051647 4.280402e-01

$diagnostic_list$`Shock: inflation_expectations_1y`[[4]]
                               R-sqrd. Adj. R-sqrd.    F-stat      p-value
h4:taxes                     0.4269195   0.19768728  1.862389 5.601624e-02
h4:inflation_expectations_1y 0.8957524   0.85405341 21.481376 9.820163e-15
h4:inflation_expectations_3y 0.6013079   0.44183105  3.770503 3.294449e-04
h4:inflation                 0.4952321   0.29332489  2.452771 1.091499e-02
h4:economic_activity         0.3418667   0.07861336  1.298622 2.452197e-01

$diagnostic_list$`Shock: inflation_expectations_1y`[[5]]
                               R-sqrd. Adj. R-sqrd.     F-stat      p-value
h5:taxes                     0.4044591   0.16013469  1.6554182 9.942514e-02
h5:inflation_expectations_1y 0.8488490   0.78683828 13.6887538 2.577595e-11
h5:inflation_expectations_3y 0.5529958   0.36960944  3.0154687 2.482002e-03
h5:inflation                 0.3837976   0.13099661  1.5181808 1.423974e-01
h5:economic_activity         0.2798194  -0.01563931  0.9470677 5.274638e-01

$diagnostic_list$`Shock: inflation_expectations_1y`[[6]]
                               R-sqrd. Adj. R-sqrd.     F-stat      p-value
h6:taxes                     0.4245279   0.18222389  1.7520465 7.800351e-02
h6:inflation_expectations_1y 0.8124332   0.73345775 10.2871576 2.585651e-09
h6:inflation_expectations_3y 0.5811553   0.40479962  3.2953593 1.275553e-03
h6:inflation                 0.4553710   0.22605346  1.9857663 4.162732e-02
h6:economic_activity         0.2832156  -0.01858843  0.9384089 5.362931e-01

$diagnostic_list$`Shock: inflation_expectations_1y`[[7]]
                               R-sqrd. Adj. R-sqrd.    F-stat      p-value
h7:taxes                     0.5730286    0.3883923 3.1035531 2.221384e-03
h7:inflation_expectations_1y 0.7628164    0.6602505 7.4373303 2.611955e-07
h7:inflation_expectations_3y 0.5126061    0.3018411 2.4321222 1.287559e-02
h7:inflation                 0.4500703    0.2122629 1.8925830 5.460747e-02
h7:economic_activity         0.2050955   -0.1386471 0.5966543 8.659186e-01

$diagnostic_list$`Shock: inflation_expectations_1y`[[8]]
                               R-sqrd.  Adj. R-sqrd.    F-stat      p-value
h8:taxes                     0.3078465  0.0002227074 1.0007240 0.4774753940
h8:inflation_expectations_1y 0.6980044  0.5637841965 5.2004408 0.0000200288
h8:inflation_expectations_3y 0.4054074  0.1411440457 1.5341037 0.1409543720
h8:inflation                 0.3351339  0.0396377976 1.1341399 0.3630632853
h8:economic_activity         0.2675610 -0.0579673832 0.8219284 0.6539536194

$diagnostic_list$`Shock: inflation_expectations_1y`[[9]]
                               R-sqrd. Adj. R-sqrd.    F-stat      p-value
h9:taxes                     0.2845454  -0.04251953 0.8699967 0.6051604698
h9:inflation_expectations_1y 0.6447856   0.48240193 3.9707532 0.0003217051
h9:inflation_expectations_3y 0.2993658  -0.02092410 0.9346714 0.5408853501
h9:inflation                 0.2790676  -0.05050147 0.8467652 0.6286355295
h9:economic_activity         0.2799030  -0.04928425 0.8502850 0.6250717677

$diagnostic_list$`Shock: inflation_expectations_1y`[[10]]
                                R-sqrd. Adj. R-sqrd.    F-stat     p-value
h10:taxes                     0.3005633 -0.028583423 0.9131590 0.562264952
h10:inflation_expectations_1y 0.5878208  0.393854111 3.0305245 0.003229798
h10:inflation_expectations_3y 0.2633168 -0.083357603 0.7595508 0.716289051
h10:inflation                 0.2814322 -0.056717376 0.8322713 0.643219495
h10:economic_activity         0.3156225 -0.006437489 0.9800115 0.497913867

$diagnostic_list$`Shock: inflation_expectations_1y`[[11]]
                                R-sqrd. Adj. R-sqrd.    F-stat    p-value
h11:taxes                     0.3612712   0.05158451 1.1665700 0.34203515
h11:inflation_expectations_1y 0.5529196   0.33615329 2.5507638 0.01122715
h11:inflation_expectations_3y 0.2797706  -0.06943156 0.8011709 0.67438333
h11:inflation                 0.2438487  -0.12277018 0.6651286 0.80570494
h11:economic_activity         0.2790580  -0.07048965 0.7983404 0.67722417

$diagnostic_list$`Shock: inflation_expectations_1y`[[12]]
                                R-sqrd. Adj. R-sqrd.    F-stat    p-value
h12:taxes                     0.2072848  -0.18907280 0.5229742 0.91485687
h12:inflation_expectations_1y 0.5007911   0.25118669 2.0063390 0.04583464
h12:inflation_expectations_3y 0.3400727   0.01010909 1.0306370 0.45324709
h12:inflation                 0.2548002  -0.11779963 0.6838441 0.78804862
h12:economic_activity         0.3911802   0.08677023 1.2850440 0.26479211


$diagnostic_list$`Shock: inflation_expectations_3y`
$diagnostic_list$`Shock: inflation_expectations_3y`[[1]]
                               R-sqrd. Adj. R-sqrd.     F-stat      p-value
h1:taxes                     0.5240252   0.34691833   2.958808 2.353455e-03
h1:inflation_expectations_1y 0.9776749   0.96936783 117.692462 3.693855e-30
h1:inflation_expectations_3y 0.8859454   0.84350653  20.875784 3.245932e-15
h1:inflation                 0.5568153   0.39190939   3.376563 7.444801e-04
h1:economic_activity         0.3359380   0.08884517   1.359562 2.076590e-01

$diagnostic_list$`Shock: inflation_expectations_3y`[[2]]
                               R-sqrd. Adj. R-sqrd.    F-stat      p-value
h2:taxes                     0.4564267   0.24935110  2.204155 2.064047e-02
h2:inflation_expectations_1y 0.9509237   0.93222801 50.863176 2.728080e-22
h2:inflation_expectations_3y 0.7828884   0.70017928  9.465559 2.748050e-09
h2:inflation                 0.4122174   0.18830021  1.840937 5.750308e-02
h2:economic_activity         0.3013894   0.03525209  1.132458 3.587982e-01

$diagnostic_list$`Shock: inflation_expectations_3y`[[3]]
                               R-sqrd. Adj. R-sqrd.    F-stat      p-value
h3:taxes                     0.4553709   0.24283269  2.142537 2.518536e-02
h3:inflation_expectations_1y 0.9310187   0.90409922 34.585270 9.972354e-19
h3:inflation_expectations_3y 0.6688959   0.53968456  5.176758 1.051953e-05
h3:inflation                 0.4293352   0.20663669  1.927877 4.591190e-02
h3:economic_activity         0.2909807   0.01429029  1.051647 4.280402e-01

$diagnostic_list$`Shock: inflation_expectations_3y`[[4]]
                               R-sqrd. Adj. R-sqrd.    F-stat      p-value
h4:taxes                     0.4269195   0.19768728  1.862389 5.601624e-02
h4:inflation_expectations_1y 0.8957524   0.85405341 21.481376 9.820163e-15
h4:inflation_expectations_3y 0.6013079   0.44183105  3.770503 3.294449e-04
h4:inflation                 0.4952321   0.29332489  2.452771 1.091499e-02
h4:economic_activity         0.3418667   0.07861336  1.298622 2.452197e-01

$diagnostic_list$`Shock: inflation_expectations_3y`[[5]]
                               R-sqrd. Adj. R-sqrd.     F-stat      p-value
h5:taxes                     0.4044591   0.16013469  1.6554182 9.942514e-02
h5:inflation_expectations_1y 0.8488490   0.78683828 13.6887538 2.577595e-11
h5:inflation_expectations_3y 0.5529958   0.36960944  3.0154687 2.482002e-03
h5:inflation                 0.3837976   0.13099661  1.5181808 1.423974e-01
h5:economic_activity         0.2798194  -0.01563931  0.9470677 5.274638e-01

$diagnostic_list$`Shock: inflation_expectations_3y`[[6]]
                               R-sqrd. Adj. R-sqrd.     F-stat      p-value
h6:taxes                     0.4245279   0.18222389  1.7520465 7.800351e-02
h6:inflation_expectations_1y 0.8124332   0.73345775 10.2871576 2.585651e-09
h6:inflation_expectations_3y 0.5811553   0.40479962  3.2953593 1.275553e-03
h6:inflation                 0.4553710   0.22605346  1.9857663 4.162732e-02
h6:economic_activity         0.2832156  -0.01858843  0.9384089 5.362931e-01

$diagnostic_list$`Shock: inflation_expectations_3y`[[7]]
                               R-sqrd. Adj. R-sqrd.    F-stat      p-value
h7:taxes                     0.5730286    0.3883923 3.1035531 2.221384e-03
h7:inflation_expectations_1y 0.7628164    0.6602505 7.4373303 2.611955e-07
h7:inflation_expectations_3y 0.5126061    0.3018411 2.4321222 1.287559e-02
h7:inflation                 0.4500703    0.2122629 1.8925830 5.460747e-02
h7:economic_activity         0.2050955   -0.1386471 0.5966543 8.659186e-01

$diagnostic_list$`Shock: inflation_expectations_3y`[[8]]
                               R-sqrd.  Adj. R-sqrd.    F-stat      p-value
h8:taxes                     0.3078465  0.0002227074 1.0007240 0.4774753940
h8:inflation_expectations_1y 0.6980044  0.5637841965 5.2004408 0.0000200288
h8:inflation_expectations_3y 0.4054074  0.1411440457 1.5341037 0.1409543720
h8:inflation                 0.3351339  0.0396377976 1.1341399 0.3630632853
h8:economic_activity         0.2675610 -0.0579673832 0.8219284 0.6539536194

$diagnostic_list$`Shock: inflation_expectations_3y`[[9]]
                               R-sqrd. Adj. R-sqrd.    F-stat      p-value
h9:taxes                     0.2845454  -0.04251953 0.8699967 0.6051604698
h9:inflation_expectations_1y 0.6447856   0.48240193 3.9707532 0.0003217051
h9:inflation_expectations_3y 0.2993658  -0.02092410 0.9346714 0.5408853501
h9:inflation                 0.2790676  -0.05050147 0.8467652 0.6286355295
h9:economic_activity         0.2799030  -0.04928425 0.8502850 0.6250717677

$diagnostic_list$`Shock: inflation_expectations_3y`[[10]]
                                R-sqrd. Adj. R-sqrd.    F-stat     p-value
h10:taxes                     0.3005633 -0.028583423 0.9131590 0.562264952
h10:inflation_expectations_1y 0.5878208  0.393854111 3.0305245 0.003229798
h10:inflation_expectations_3y 0.2633168 -0.083357603 0.7595508 0.716289051
h10:inflation                 0.2814322 -0.056717376 0.8322713 0.643219495
h10:economic_activity         0.3156225 -0.006437489 0.9800115 0.497913867

$diagnostic_list$`Shock: inflation_expectations_3y`[[11]]
                                R-sqrd. Adj. R-sqrd.    F-stat    p-value
h11:taxes                     0.3612712   0.05158451 1.1665700 0.34203515
h11:inflation_expectations_1y 0.5529196   0.33615329 2.5507638 0.01122715
h11:inflation_expectations_3y 0.2797706  -0.06943156 0.8011709 0.67438333
h11:inflation                 0.2438487  -0.12277018 0.6651286 0.80570494
h11:economic_activity         0.2790580  -0.07048965 0.7983404 0.67722417

$diagnostic_list$`Shock: inflation_expectations_3y`[[12]]
                                R-sqrd. Adj. R-sqrd.    F-stat    p-value
h12:taxes                     0.2072848  -0.18907280 0.5229742 0.91485687
h12:inflation_expectations_1y 0.5007911   0.25118669 2.0063390 0.04583464
h12:inflation_expectations_3y 0.3400727   0.01010909 1.0306370 0.45324709
h12:inflation                 0.2548002  -0.11779963 0.6838441 0.78804862
h12:economic_activity         0.3911802   0.08677023 1.2850440 0.26479211


$diagnostic_list$`Shock: inflation`
$diagnostic_list$`Shock: inflation`[[1]]
                               R-sqrd. Adj. R-sqrd.     F-stat      p-value
h1:taxes                     0.5240252   0.34691833   2.958808 2.353455e-03
h1:inflation_expectations_1y 0.9776749   0.96936783 117.692462 3.693855e-30
h1:inflation_expectations_3y 0.8859454   0.84350653  20.875784 3.245932e-15
h1:inflation                 0.5568153   0.39190939   3.376563 7.444801e-04
h1:economic_activity         0.3359380   0.08884517   1.359562 2.076590e-01

$diagnostic_list$`Shock: inflation`[[2]]
                               R-sqrd. Adj. R-sqrd.    F-stat      p-value
h2:taxes                     0.4564267   0.24935110  2.204155 2.064047e-02
h2:inflation_expectations_1y 0.9509237   0.93222801 50.863176 2.728080e-22
h2:inflation_expectations_3y 0.7828884   0.70017928  9.465559 2.748050e-09
h2:inflation                 0.4122174   0.18830021  1.840937 5.750308e-02
h2:economic_activity         0.3013894   0.03525209  1.132458 3.587982e-01

$diagnostic_list$`Shock: inflation`[[3]]
                               R-sqrd. Adj. R-sqrd.    F-stat      p-value
h3:taxes                     0.4553709   0.24283269  2.142537 2.518536e-02
h3:inflation_expectations_1y 0.9310187   0.90409922 34.585270 9.972354e-19
h3:inflation_expectations_3y 0.6688959   0.53968456  5.176758 1.051953e-05
h3:inflation                 0.4293352   0.20663669  1.927877 4.591190e-02
h3:economic_activity         0.2909807   0.01429029  1.051647 4.280402e-01

$diagnostic_list$`Shock: inflation`[[4]]
                               R-sqrd. Adj. R-sqrd.    F-stat      p-value
h4:taxes                     0.4269195   0.19768728  1.862389 5.601624e-02
h4:inflation_expectations_1y 0.8957524   0.85405341 21.481376 9.820163e-15
h4:inflation_expectations_3y 0.6013079   0.44183105  3.770503 3.294449e-04
h4:inflation                 0.4952321   0.29332489  2.452771 1.091499e-02
h4:economic_activity         0.3418667   0.07861336  1.298622 2.452197e-01

$diagnostic_list$`Shock: inflation`[[5]]
                               R-sqrd. Adj. R-sqrd.     F-stat      p-value
h5:taxes                     0.4044591   0.16013469  1.6554182 9.942514e-02
h5:inflation_expectations_1y 0.8488490   0.78683828 13.6887538 2.577595e-11
h5:inflation_expectations_3y 0.5529958   0.36960944  3.0154687 2.482002e-03
h5:inflation                 0.3837976   0.13099661  1.5181808 1.423974e-01
h5:economic_activity         0.2798194  -0.01563931  0.9470677 5.274638e-01

$diagnostic_list$`Shock: inflation`[[6]]
                               R-sqrd. Adj. R-sqrd.     F-stat      p-value
h6:taxes                     0.4245279   0.18222389  1.7520465 7.800351e-02
h6:inflation_expectations_1y 0.8124332   0.73345775 10.2871576 2.585651e-09
h6:inflation_expectations_3y 0.5811553   0.40479962  3.2953593 1.275553e-03
h6:inflation                 0.4553710   0.22605346  1.9857663 4.162732e-02
h6:economic_activity         0.2832156  -0.01858843  0.9384089 5.362931e-01

$diagnostic_list$`Shock: inflation`[[7]]
                               R-sqrd. Adj. R-sqrd.    F-stat      p-value
h7:taxes                     0.5730286    0.3883923 3.1035531 2.221384e-03
h7:inflation_expectations_1y 0.7628164    0.6602505 7.4373303 2.611955e-07
h7:inflation_expectations_3y 0.5126061    0.3018411 2.4321222 1.287559e-02
h7:inflation                 0.4500703    0.2122629 1.8925830 5.460747e-02
h7:economic_activity         0.2050955   -0.1386471 0.5966543 8.659186e-01

$diagnostic_list$`Shock: inflation`[[8]]
                               R-sqrd.  Adj. R-sqrd.    F-stat      p-value
h8:taxes                     0.3078465  0.0002227074 1.0007240 0.4774753940
h8:inflation_expectations_1y 0.6980044  0.5637841965 5.2004408 0.0000200288
h8:inflation_expectations_3y 0.4054074  0.1411440457 1.5341037 0.1409543720
h8:inflation                 0.3351339  0.0396377976 1.1341399 0.3630632853
h8:economic_activity         0.2675610 -0.0579673832 0.8219284 0.6539536194

$diagnostic_list$`Shock: inflation`[[9]]
                               R-sqrd. Adj. R-sqrd.    F-stat      p-value
h9:taxes                     0.2845454  -0.04251953 0.8699967 0.6051604698
h9:inflation_expectations_1y 0.6447856   0.48240193 3.9707532 0.0003217051
h9:inflation_expectations_3y 0.2993658  -0.02092410 0.9346714 0.5408853501
h9:inflation                 0.2790676  -0.05050147 0.8467652 0.6286355295
h9:economic_activity         0.2799030  -0.04928425 0.8502850 0.6250717677

$diagnostic_list$`Shock: inflation`[[10]]
                                R-sqrd. Adj. R-sqrd.    F-stat     p-value
h10:taxes                     0.3005633 -0.028583423 0.9131590 0.562264952
h10:inflation_expectations_1y 0.5878208  0.393854111 3.0305245 0.003229798
h10:inflation_expectations_3y 0.2633168 -0.083357603 0.7595508 0.716289051
h10:inflation                 0.2814322 -0.056717376 0.8322713 0.643219495
h10:economic_activity         0.3156225 -0.006437489 0.9800115 0.497913867

$diagnostic_list$`Shock: inflation`[[11]]
                                R-sqrd. Adj. R-sqrd.    F-stat    p-value
h11:taxes                     0.3612712   0.05158451 1.1665700 0.34203515
h11:inflation_expectations_1y 0.5529196   0.33615329 2.5507638 0.01122715
h11:inflation_expectations_3y 0.2797706  -0.06943156 0.8011709 0.67438333
h11:inflation                 0.2438487  -0.12277018 0.6651286 0.80570494
h11:economic_activity         0.2790580  -0.07048965 0.7983404 0.67722417

$diagnostic_list$`Shock: inflation`[[12]]
                                R-sqrd. Adj. R-sqrd.    F-stat    p-value
h12:taxes                     0.2072848  -0.18907280 0.5229742 0.91485687
h12:inflation_expectations_1y 0.5007911   0.25118669 2.0063390 0.04583464
h12:inflation_expectations_3y 0.3400727   0.01010909 1.0306370 0.45324709
h12:inflation                 0.2548002  -0.11779963 0.6838441 0.78804862
h12:economic_activity         0.3911802   0.08677023 1.2850440 0.26479211


$diagnostic_list$`Shock: economic_activity`
$diagnostic_list$`Shock: economic_activity`[[1]]
                               R-sqrd. Adj. R-sqrd.     F-stat      p-value
h1:taxes                     0.5240252   0.34691833   2.958808 2.353455e-03
h1:inflation_expectations_1y 0.9776749   0.96936783 117.692462 3.693855e-30
h1:inflation_expectations_3y 0.8859454   0.84350653  20.875784 3.245932e-15
h1:inflation                 0.5568153   0.39190939   3.376563 7.444801e-04
h1:economic_activity         0.3359380   0.08884517   1.359562 2.076590e-01

$diagnostic_list$`Shock: economic_activity`[[2]]
                               R-sqrd. Adj. R-sqrd.    F-stat      p-value
h2:taxes                     0.4564267   0.24935110  2.204155 2.064047e-02
h2:inflation_expectations_1y 0.9509237   0.93222801 50.863176 2.728080e-22
h2:inflation_expectations_3y 0.7828884   0.70017928  9.465559 2.748050e-09
h2:inflation                 0.4122174   0.18830021  1.840937 5.750308e-02
h2:economic_activity         0.3013894   0.03525209  1.132458 3.587982e-01

$diagnostic_list$`Shock: economic_activity`[[3]]
                               R-sqrd. Adj. R-sqrd.    F-stat      p-value
h3:taxes                     0.4553709   0.24283269  2.142537 2.518536e-02
h3:inflation_expectations_1y 0.9310187   0.90409922 34.585270 9.972354e-19
h3:inflation_expectations_3y 0.6688959   0.53968456  5.176758 1.051953e-05
h3:inflation                 0.4293352   0.20663669  1.927877 4.591190e-02
h3:economic_activity         0.2909807   0.01429029  1.051647 4.280402e-01

$diagnostic_list$`Shock: economic_activity`[[4]]
                               R-sqrd. Adj. R-sqrd.    F-stat      p-value
h4:taxes                     0.4269195   0.19768728  1.862389 5.601624e-02
h4:inflation_expectations_1y 0.8957524   0.85405341 21.481376 9.820163e-15
h4:inflation_expectations_3y 0.6013079   0.44183105  3.770503 3.294449e-04
h4:inflation                 0.4952321   0.29332489  2.452771 1.091499e-02
h4:economic_activity         0.3418667   0.07861336  1.298622 2.452197e-01

$diagnostic_list$`Shock: economic_activity`[[5]]
                               R-sqrd. Adj. R-sqrd.     F-stat      p-value
h5:taxes                     0.4044591   0.16013469  1.6554182 9.942514e-02
h5:inflation_expectations_1y 0.8488490   0.78683828 13.6887538 2.577595e-11
h5:inflation_expectations_3y 0.5529958   0.36960944  3.0154687 2.482002e-03
h5:inflation                 0.3837976   0.13099661  1.5181808 1.423974e-01
h5:economic_activity         0.2798194  -0.01563931  0.9470677 5.274638e-01

$diagnostic_list$`Shock: economic_activity`[[6]]
                               R-sqrd. Adj. R-sqrd.     F-stat      p-value
h6:taxes                     0.4245279   0.18222389  1.7520465 7.800351e-02
h6:inflation_expectations_1y 0.8124332   0.73345775 10.2871576 2.585651e-09
h6:inflation_expectations_3y 0.5811553   0.40479962  3.2953593 1.275553e-03
h6:inflation                 0.4553710   0.22605346  1.9857663 4.162732e-02
h6:economic_activity         0.2832156  -0.01858843  0.9384089 5.362931e-01

$diagnostic_list$`Shock: economic_activity`[[7]]
                               R-sqrd. Adj. R-sqrd.    F-stat      p-value
h7:taxes                     0.5730286    0.3883923 3.1035531 2.221384e-03
h7:inflation_expectations_1y 0.7628164    0.6602505 7.4373303 2.611955e-07
h7:inflation_expectations_3y 0.5126061    0.3018411 2.4321222 1.287559e-02
h7:inflation                 0.4500703    0.2122629 1.8925830 5.460747e-02
h7:economic_activity         0.2050955   -0.1386471 0.5966543 8.659186e-01

$diagnostic_list$`Shock: economic_activity`[[8]]
                               R-sqrd.  Adj. R-sqrd.    F-stat      p-value
h8:taxes                     0.3078465  0.0002227074 1.0007240 0.4774753940
h8:inflation_expectations_1y 0.6980044  0.5637841965 5.2004408 0.0000200288
h8:inflation_expectations_3y 0.4054074  0.1411440457 1.5341037 0.1409543720
h8:inflation                 0.3351339  0.0396377976 1.1341399 0.3630632853
h8:economic_activity         0.2675610 -0.0579673832 0.8219284 0.6539536194

$diagnostic_list$`Shock: economic_activity`[[9]]
                               R-sqrd. Adj. R-sqrd.    F-stat      p-value
h9:taxes                     0.2845454  -0.04251953 0.8699967 0.6051604698
h9:inflation_expectations_1y 0.6447856   0.48240193 3.9707532 0.0003217051
h9:inflation_expectations_3y 0.2993658  -0.02092410 0.9346714 0.5408853501
h9:inflation                 0.2790676  -0.05050147 0.8467652 0.6286355295
h9:economic_activity         0.2799030  -0.04928425 0.8502850 0.6250717677

$diagnostic_list$`Shock: economic_activity`[[10]]
                                R-sqrd. Adj. R-sqrd.    F-stat     p-value
h10:taxes                     0.3005633 -0.028583423 0.9131590 0.562264952
h10:inflation_expectations_1y 0.5878208  0.393854111 3.0305245 0.003229798
h10:inflation_expectations_3y 0.2633168 -0.083357603 0.7595508 0.716289051
h10:inflation                 0.2814322 -0.056717376 0.8322713 0.643219495
h10:economic_activity         0.3156225 -0.006437489 0.9800115 0.497913867

$diagnostic_list$`Shock: economic_activity`[[11]]
                                R-sqrd. Adj. R-sqrd.    F-stat    p-value
h11:taxes                     0.3612712   0.05158451 1.1665700 0.34203515
h11:inflation_expectations_1y 0.5529196   0.33615329 2.5507638 0.01122715
h11:inflation_expectations_3y 0.2797706  -0.06943156 0.8011709 0.67438333
h11:inflation                 0.2438487  -0.12277018 0.6651286 0.80570494
h11:economic_activity         0.2790580  -0.07048965 0.7983404 0.67722417

$diagnostic_list$`Shock: economic_activity`[[12]]
                                R-sqrd. Adj. R-sqrd.    F-stat    p-value
h12:taxes                     0.2072848  -0.18907280 0.5229742 0.91485687
h12:inflation_expectations_1y 0.5007911   0.25118669 2.0063390 0.04583464
h12:inflation_expectations_3y 0.3400727   0.01010909 1.0306370 0.45324709
h12:inflation                 0.2548002  -0.11779963 0.6838441 0.78804862
h12:economic_activity         0.3911802   0.08677023 1.2850440 0.26479211



$specs
$specs$lags_endog_lin
SC(n) 
    1 

$specs$lags_criterion
[1] NaN

$specs$max_lags
[1] NaN

$specs$trend
[1] 0

$specs$shock_type
[1] 0

$specs$confint
[1] 1.65

$specs$hor
[1] 12

$specs$use_nw
[1] TRUE

$specs$nw_prewhite
[1] FALSE

$specs$adjust_se
[1] FALSE

$specs$use_twosls
[1] FALSE

$specs$contemp_data
$specs$contemp_data$dummy
 [1] 0 0 0 0 0 0 0 0 0 0 0 0 0 0 0 0 0 0 0 0 0 0 0 0 0 0 1 1 1 1 0 1 0 1 0 0 0 0 0 0 0 0 0 0 0 0 0 0 0 0 0 0 0 0 0 0 0 0 0 0
[61] 0

$specs$contemp_data$Jan
 [1] 0 0 0 0 0 0 0 0 0 0 0 1 0 0 0 0 0 0 0 0 0 0 0 1 0 0 0 0 0 0 0 0 0 0 0 1 0 0 0 0 0 0 0 0 0 0 0 1 0 0 0 0 0 0 0 0 0 0 0 1
[61] 0

$specs$contemp_data$Feb
 [1] 1 0 0 0 0 0 0 0 0 0 0 0 1 0 0 0 0 0 0 0 0 0 0 0 1 0 0 0 0 0 0 0 0 0 0 0 1 0 0 0 0 0 0 0 0 0 0 0 1 0 0 0 0 0 0 0 0 0 0 0
[61] 1

$specs$contemp_data$Mar
 [1] 0 1 0 0 0 0 0 0 0 0 0 0 0 1 0 0 0 0 0 0 0 0 0 0 0 1 0 0 0 0 0 0 0 0 0 0 0 1 0 0 0 0 0 0 0 0 0 0 0 1 0 0 0 0 0 0 0 0 0 0
[61] 0

$specs$contemp_data$Apr
 [1] 0 0 1 0 0 0 0 0 0 0 0 0 0 0 1 0 0 0 0 0 0 0 0 0 0 0 1 0 0 0 0 0 0 0 0 0 0 0 1 0 0 0 0 0 0 0 0 0 0 0 1 0 0 0 0 0 0 0 0 0
[61] 0

$specs$contemp_data$May
 [1] 0 0 0 1 0 0 0 0 0 0 0 0 0 0 0 1 0 0 0 0 0 0 0 0 0 0 0 1 0 0 0 0 0 0 0 0 0 0 0 1 0 0 0 0 0 0 0 0 0 0 0 1 0 0 0 0 0 0 0 0
[61] 0

$specs$contemp_data$Jun
 [1] 0 0 0 0 1 0 0 0 0 0 0 0 0 0 0 0 1 0 0 0 0 0 0 0 0 0 0 0 1 0 0 0 0 0 0 0 0 0 0 0 1 0 0 0 0 0 0 0 0 0 0 0 1 0 0 0 0 0 0 0
[61] 0

$specs$contemp_data$Jul
 [1] 0 0 0 0 0 1 0 0 0 0 0 0 0 0 0 0 0 1 0 0 0 0 0 0 0 0 0 0 0 1 0 0 0 0 0 0 0 0 0 0 0 1 0 0 0 0 0 0 0 0 0 0 0 1 0 0 0 0 0 0
[61] 0

$specs$contemp_data$Aug
 [1] 0 0 0 0 0 0 1 0 0 0 0 0 0 0 0 0 0 0 1 0 0 0 0 0 0 0 0 0 0 0 1 0 0 0 0 0 0 0 0 0 0 0 1 0 0 0 0 0 0 0 0 0 0 0 1 0 0 0 0 0
[61] 0

$specs$contemp_data$Sep
 [1] 0 0 0 0 0 0 0 1 0 0 0 0 0 0 0 0 0 0 0 1 0 0 0 0 0 0 0 0 0 0 0 1 0 0 0 0 0 0 0 0 0 0 0 1 0 0 0 0 0 0 0 0 0 0 0 1 0 0 0 0
[61] 0

$specs$contemp_data$Oct
 [1] 0 0 0 0 0 0 0 0 1 0 0 0 0 0 0 0 0 0 0 0 1 0 0 0 0 0 0 0 0 0 0 0 1 0 0 0 0 0 0 0 0 0 0 0 1 0 0 0 0 0 0 0 0 0 0 0 1 0 0 0
[61] 0


$specs$model_type
[1] 0

$specs$starts
[1] 1

$specs$ends
[1] 61

$specs$column_names
[1] "taxes"                     "inflation_expectations_1y" "inflation_expectations_3y" "inflation"                
[5] "economic_activity"        

$specs$endog
[1] 5

$specs$y_lin
          taxes inflation_expectations_1y inflation_expectations_3y    inflation economic_activity
2  -0.008992511                  2.831908                  2.884280  0.032745451        0.02976223
3  -0.011167915                  2.752288                  2.908013  0.002310570        0.03672057
4  -0.007017595                  2.980844                  2.969947  0.031662657        0.02660601
5  -0.006903296                  2.980844                  2.961960  0.027403122        0.04356130
6  -0.018090254                  2.980844                  3.000000  0.010862582        0.01757053
7  -0.010989379                  2.982717                  2.883912  0.009406502        0.03236078
8  -0.007731556                  3.000000                  3.000000  0.021640425        0.02930438
9  -0.015644631                  2.995079                  3.000000  0.025003951        0.02923299
10 -0.004293795                  3.000000                  3.000000  0.028405410        0.02229492
11 -0.007984976                  2.969947                  2.883912 -0.008420605        0.02323041
12 -0.009251182                  3.000000                  2.980844  0.008246918        0.01734758
13 -0.016983907                  2.969947                  2.969947 -0.002323999        0.03391158
14 -0.034067016                  2.793575                  2.768439  0.029025084        0.02600387
15 -0.012528776                  2.816437                  2.864411  0.042416785        0.02691934
16 -0.023939272                  2.598124                  2.693518  0.048586660        0.03757401
17 -0.018234546                  2.453082                  2.593332  0.003720327        0.02002637
18 -0.013045927                  2.670152                  2.662437 -0.006141925        0.02480201
19 -0.011336071                  2.590599                  2.579365  0.024993882        0.02186920
20 -0.018135770                  2.414448                  2.501432  0.017681720        0.02278745
21 -0.028128131                  2.483634                  2.374794  0.021370449        0.03620964
22 -0.011893465                  2.330186                  2.378875  0.034784574        0.01981848
23 -0.020876406                  2.347553                  2.521351  0.026361361        0.02549842
24 -0.022718121                  2.527644                  2.537525  0.038444527        0.02259084
25 -0.016808974                  2.495654                  2.537525  0.019694440        0.03781474
26 -0.012844469                  2.537525                  2.588670  0.009814561        0.03578346
27 -0.032540175                  2.537525                  2.399339 -0.050912346       -0.07956922
28 -0.027988907                  2.623311                  2.623311 -0.090824177       -0.77070172
29 -0.018938021                  3.000000                  2.610335 -0.010450429        0.21339722
30 -0.011133228                  2.681402                  2.473736  0.053592068        0.21330076
31 -0.010880700                  2.887446                  2.731703  0.061866907        0.02971606
32 -0.012060302                  3.000000                  2.980844  0.053808986        0.15791953
33 -0.010893589                  2.980844                  2.742111  0.028930510        0.07717705
34 -0.014257507                  2.836102                  2.702108  0.011918979        0.10115859
35 -0.009843680                  2.962508                  2.819740  0.024543630        0.04507153
36 -0.008611620                  3.000000                  2.980844  0.057557700        0.01677041
37 -0.007455003                  3.046669                  3.028186  0.028496735        0.06736316
38 -0.001494801                  3.090884                  3.000000  0.045997380        0.05066022
39 -0.003262682                  3.244256                  3.092952  0.059503194        0.06160136
40 -0.006045962                  3.360180                  3.098045  0.082225516        0.03720211
41 -0.002854226                  4.000000                  3.569710  0.082531234        0.06412900
42 -0.004329555                  4.801745                  3.546918  0.098347464        0.05475905
43 -0.002550369                  4.842451                  3.711669  0.054649100        0.08879717
44  0.001106231                  5.179827                  3.999662  0.049840953        0.06602323
45 -0.006995413                  5.310169                  4.193985  0.052018077        0.07861505
46  0.000207695                  5.653467                  4.211177  0.114305741        0.06819482
47 -0.001552990                  6.000000                  4.011200  0.098833469        0.06879133
48 -0.001958206                  5.990274                  4.000000  0.097421769        0.06937609
49  0.002317351                  5.788440                  3.477248  0.075404740        0.03542764
50  0.003106094                  6.000000                  3.774801  0.088488916        0.07849205
51  0.001627455                  6.583898                  3.674923  0.126900569        0.05112829
52 -0.002767642                  6.345438                  3.902376  0.048497289        0.04431433
53 -0.001397588                  6.576015                  3.879077  0.115684054        0.03389257
54 -0.002770452                  6.775855                  3.618484  0.151285219        0.03843642
55 -0.007952746                  6.223626                  3.182451 -0.004064650        0.05041760
56 -0.021130033                  5.745714                  2.755268  0.028517738        0.02896168
57 -0.006457147                  5.440794                  2.909971  0.050566174        0.04915587
58 -0.011934328                  5.944291                  3.110663  0.060045147        0.03059615
59 -0.012325192                  5.228549                  2.997374  0.024858721        0.04330825
60 -0.013797425                  4.993469                  2.992784  0.015857387        0.03585464
61 -0.007553775                  4.954980                  2.711993  0.063675095        0.04576300

$specs$x_lin
    taxes_lag_1 inflation_expectations_1y_lag_1 inflation_expectations_3y_lag_1 inflation_lag_1 economic_activity_lag_1
2  -0.009856203                        2.711993                        2.793575     0.052137819              0.02580719
3  -0.008992511                        2.831908                        2.884280     0.032745451              0.02976223
4  -0.011167915                        2.752288                        2.908013     0.002310570              0.03672057
5  -0.007017595                        2.980844                        2.969947     0.031662657              0.02660601
6  -0.006903296                        2.980844                        2.961960     0.027403122              0.04356130
7  -0.018090254                        2.980844                        3.000000     0.010862582              0.01757053
8  -0.010989379                        2.982717                        2.883912     0.009406502              0.03236078
9  -0.007731556                        3.000000                        3.000000     0.021640425              0.02930438
10 -0.015644631                        2.995079                        3.000000     0.025003951              0.02923299
11 -0.004293795                        3.000000                        3.000000     0.028405410              0.02229492
12 -0.007984976                        2.969947                        2.883912    -0.008420605              0.02323041
13 -0.009251182                        3.000000                        2.980844     0.008246918              0.01734758
14 -0.016983907                        2.969947                        2.969947    -0.002323999              0.03391158
15 -0.034067016                        2.793575                        2.768439     0.029025084              0.02600387
16 -0.012528776                        2.816437                        2.864411     0.042416785              0.02691934
17 -0.023939272                        2.598124                        2.693518     0.048586660              0.03757401
18 -0.018234546                        2.453082                        2.593332     0.003720327              0.02002637
19 -0.013045927                        2.670152                        2.662437    -0.006141925              0.02480201
20 -0.011336071                        2.590599                        2.579365     0.024993882              0.02186920
21 -0.018135770                        2.414448                        2.501432     0.017681720              0.02278745
22 -0.028128131                        2.483634                        2.374794     0.021370449              0.03620964
23 -0.011893465                        2.330186                        2.378875     0.034784574              0.01981848
24 -0.020876406                        2.347553                        2.521351     0.026361361              0.02549842
25 -0.022718121                        2.527644                        2.537525     0.038444527              0.02259084
26 -0.016808974                        2.495654                        2.537525     0.019694440              0.03781474
27 -0.012844469                        2.537525                        2.588670     0.009814561              0.03578346
28 -0.032540175                        2.537525                        2.399339    -0.050912346             -0.07956922
29 -0.027988907                        2.623311                        2.623311    -0.090824177             -0.77070172
30 -0.018938021                        3.000000                        2.610335    -0.010450429              0.21339722
31 -0.011133228                        2.681402                        2.473736     0.053592068              0.21330076
32 -0.010880700                        2.887446                        2.731703     0.061866907              0.02971606
33 -0.012060302                        3.000000                        2.980844     0.053808986              0.15791953
34 -0.010893589                        2.980844                        2.742111     0.028930510              0.07717705
35 -0.014257507                        2.836102                        2.702108     0.011918979              0.10115859
36 -0.009843680                        2.962508                        2.819740     0.024543630              0.04507153
37 -0.008611620                        3.000000                        2.980844     0.057557700              0.01677041
38 -0.007455003                        3.046669                        3.028186     0.028496735              0.06736316
39 -0.001494801                        3.090884                        3.000000     0.045997380              0.05066022
40 -0.003262682                        3.244256                        3.092952     0.059503194              0.06160136
41 -0.006045962                        3.360180                        3.098045     0.082225516              0.03720211
42 -0.002854226                        4.000000                        3.569710     0.082531234              0.06412900
43 -0.004329555                        4.801745                        3.546918     0.098347464              0.05475905
44 -0.002550369                        4.842451                        3.711669     0.054649100              0.08879717
45  0.001106231                        5.179827                        3.999662     0.049840953              0.06602323
46 -0.006995413                        5.310169                        4.193985     0.052018077              0.07861505
47  0.000207695                        5.653467                        4.211177     0.114305741              0.06819482
48 -0.001552990                        6.000000                        4.011200     0.098833469              0.06879133
49 -0.001958206                        5.990274                        4.000000     0.097421769              0.06937609
50  0.002317351                        5.788440                        3.477248     0.075404740              0.03542764
51  0.003106094                        6.000000                        3.774801     0.088488916              0.07849205
52  0.001627455                        6.583898                        3.674923     0.126900569              0.05112829
53 -0.002767642                        6.345438                        3.902376     0.048497289              0.04431433
54 -0.001397588                        6.576015                        3.879077     0.115684054              0.03389257
55 -0.002770452                        6.775855                        3.618484     0.151285219              0.03843642
56 -0.007952746                        6.223626                        3.182451    -0.004064650              0.05041760
57 -0.021130033                        5.745714                        2.755268     0.028517738              0.02896168
58 -0.006457147                        5.440794                        2.909971     0.050566174              0.04915587
59 -0.011934328                        5.944291                        3.110663     0.060045147              0.03059615
60 -0.012325192                        5.228549                        2.997374     0.024858721              0.04330825
61 -0.013797425                        4.993469                        2.992784     0.015857387              0.03585464
   dummy Jan Feb Mar Apr May Jun Jul Aug Sep Oct
2      0   0   0   1   0   0   0   0   0   0   0
3      0   0   0   0   1   0   0   0   0   0   0
4      0   0   0   0   0   1   0   0   0   0   0
5      0   0   0   0   0   0   1   0   0   0   0
6      0   0   0   0   0   0   0   1   0   0   0
7      0   0   0   0   0   0   0   0   1   0   0
8      0   0   0   0   0   0   0   0   0   1   0
9      0   0   0   0   0   0   0   0   0   0   1
10     0   0   0   0   0   0   0   0   0   0   0
11     0   0   0   0   0   0   0   0   0   0   0
12     0   1   0   0   0   0   0   0   0   0   0
13     0   0   1   0   0   0   0   0   0   0   0
14     0   0   0   1   0   0   0   0   0   0   0
15     0   0   0   0   1   0   0   0   0   0   0
16     0   0   0   0   0   1   0   0   0   0   0
17     0   0   0   0   0   0   1   0   0   0   0
18     0   0   0   0   0   0   0   1   0   0   0
19     0   0   0   0   0   0   0   0   1   0   0
20     0   0   0   0   0   0   0   0   0   1   0
21     0   0   0   0   0   0   0   0   0   0   1
22     0   0   0   0   0   0   0   0   0   0   0
23     0   0   0   0   0   0   0   0   0   0   0
24     0   1   0   0   0   0   0   0   0   0   0
25     0   0   1   0   0   0   0   0   0   0   0
26     0   0   0   1   0   0   0   0   0   0   0
27     1   0   0   0   1   0   0   0   0   0   0
28     1   0   0   0   0   1   0   0   0   0   0
29     1   0   0   0   0   0   1   0   0   0   0
30     1   0   0   0   0   0   0   1   0   0   0
31     0   0   0   0   0   0   0   0   1   0   0
32     1   0   0   0   0   0   0   0   0   1   0
33     0   0   0   0   0   0   0   0   0   0   1
34     1   0   0   0   0   0   0   0   0   0   0
35     0   0   0   0   0   0   0   0   0   0   0
36     0   1   0   0   0   0   0   0   0   0   0
37     0   0   1   0   0   0   0   0   0   0   0
38     0   0   0   1   0   0   0   0   0   0   0
39     0   0   0   0   1   0   0   0   0   0   0
40     0   0   0   0   0   1   0   0   0   0   0
41     0   0   0   0   0   0   1   0   0   0   0
42     0   0   0   0   0   0   0   1   0   0   0
43     0   0   0   0   0   0   0   0   1   0   0
44     0   0   0   0   0   0   0   0   0   1   0
45     0   0   0   0   0   0   0   0   0   0   1
46     0   0   0   0   0   0   0   0   0   0   0
47     0   0   0   0   0   0   0   0   0   0   0
48     0   1   0   0   0   0   0   0   0   0   0
49     0   0   1   0   0   0   0   0   0   0   0
50     0   0   0   1   0   0   0   0   0   0   0
51     0   0   0   0   1   0   0   0   0   0   0
52     0   0   0   0   0   1   0   0   0   0   0
53     0   0   0   0   0   0   1   0   0   0   0
54     0   0   0   0   0   0   0   1   0   0   0
55     0   0   0   0   0   0   0   0   1   0   0
56     0   0   0   0   0   0   0   0   0   1   0
57     0   0   0   0   0   0   0   0   0   0   1
58     0   0   0   0   0   0   0   0   0   0   0
59     0   0   0   0   0   0   0   0   0   0   0
60     0   1   0   0   0   0   0   0   0   0   0
61     0   0   1   0   0   0   0   0   0   0   0


attr(,"class")
[1] "lpirfs_lin_obj"
